Pachyderm Acoustic Simulation Results
Saved 22.12.2024 16:48:14
Filename:ORASE_FlatCeiling_Rough_Concrete (2).3dm
Source 0;
Receiver 0;63 Hz.;125 Hz.;250 Hz.;500 Hz.;1000 Hz.; 2000 Hz.;4000 Hz.; 8000 Hz.
Early Decay Time (EDT);0,27080214139441644;0,3643898975454488;0,46765505587844425;0,494369044505746;0,4931363624198243;0,4721121261396115;0,46654354616763205;0,45627535503648886
Reverberation Time (T-10);0,31680550550991426;0,3714092947401937;0,39816551608106476;0,40474305003253613;0,417293615380499;0,40678933818787;0,4064841044525628;0,39471318937130584
Reverberation Time (T-15);0,27520195796494656;0,31912331972039176;0,36038356402804117;0,38048708849714813;0,3924528016257285;0,38515472258564615;0,3850480608664269;0,3744133683554705
Reverberation Time (T-20);0,27089720857242366;0,2966118902886721;0,36772446150034316;0,40878004243769755;0,4211476903269468;0,4135918370963454;0,4137209567179445;0,4037859403031103
Reverberation Time (T-30);0,26958736851441545;0,31546640725195274;0,38472358525448325;0,4136467804322682;0,4241219097798177;0,4176275081360488;0,41485541320712355;0,4106446168662906
Clarity - 50 ms (C-50);16,848158916350247;15,649170462173629;13,428434007764178;12,382350093525872;11,919731807131587;11,851373470989003;11,786577362162918;12,182137027809345
Definition/Deutlichkeit (D);97,9755739155035;97,34897194778853;95,656200932693;94,53776570496746;93,96087692272322;93,87094070429532;93,78453677178501;94,2947607646636
Clarity - 80 ms (C-80);25,33086742677832;22,96468622680209;19,693440479436376;18,139514536592444;17,49037620880123;17,459586778064995;17,37214194346006;17,902754664855962
Center Time (TS);5,186698646638926;5,490871173095125;7,590594526409055;8,945329513109147;9,71981567399933;10,018660686094346;10,192626419250551;9,580022612176302
Strength(G);12,46723604462641;12,387128001988387;12,613617628119542;12,758934323126766;12,856122370684048;12,94201600471311;12,977060162484506;12,897581796232814
Lateral Fraction(LF);9,29968330882261E-09;1,0551921084226688E-07;4,112648645218824E-05;0,0001149852011604951;0,00012062563526265664;3,991487481550015E-05;1,608549723938739E-05;4,9578961179000324E-06
Lateral Efficiency(LE);5,470349397010395E-09;6,337254922920043E-08;2,692528174433136E-05;7,681286115798606E-05;8,219480741181858E-05;2,6806352005346137E-05;1,0775975666099545E-05;3,24740687711382E-06
Receiver 1;63 Hz.;125 Hz.;250 Hz.;500 Hz.;1000 Hz.; 2000 Hz.;4000 Hz.; 8000 Hz.
Early Decay Time (EDT);0,3370132547342229;0,30703070896548573;0,35874678590043074;0,3751368295548513;0,4211428625423043;0,4390334529599383;0,42761595500066363;0,38064938662886066
Reverberation Time (T-10);0,3293452536364642;0,3533403825507631;0,4125303500400028;0,4236744854775405;0,43600306542916234;0,42606097536886406;0,4177054073294065;0,4346372185994416
Reverberation Time (T-15);0,2895172538582142;0,3198604981400247;0,38835847945685237;0,4284108328899451;0,43699553453708406;0,41381714478005327;0,4133527720984882;0,4534389873388399
Reverberation Time (T-20);0,28531054911441;0,3167391239156814;0,40223252405398374;0,454619141996605;0,46622177118626773;0,4498834457532361;0,45288025840128476;0,49564402920797335
Reverberation Time (T-30);0,29842920638993675;0,3395225673513408;0,417001448669935;0,4940698903520185;0,5148622256268683;0,4498356089007675;0,4703819644585211;0,557007217950959
Clarity - 50 ms (C-50);17,941130918716425;17,208993513476557;15,088405490464096;14,35371564735365;13,824855133504508;13,9824490769128;13,778817798753785;13,159840215823834
Definition/Deutlichkeit (D);98,41887822850009;98,13396411537283;96,99456828293415;96,4602167590183;96,02006057382077;96,15644167343473;95,97935217334103;95,39184349696025
Clarity - 80 ms (C-80);24,080997668859972;22,62744718664379;19,508446704922868;18,273966857198005;17,73686588919125;18,291317913723315;18,021151258075594;16,982842357839306
Center Time (TS);3,999050961895782;4,113041798248259;5,396494155213093;6,079115454479827;6,682095495127345;6,530463535927475;6,914024009533808;7,780229226525594
Strength(G);15,694653795773696;15,683147461486687;15,7601371552691;15,773296516443153;15,824328231771858;15,812650881358259;15,895464775610343;16,08708082025305
Lateral Fraction(LF);6,543252541109207E-09;7,62925675822712E-08;2,7729218425761553E-05;7,627891370330637E-05;7,703517634542165E-05;2,4642207372672357E-05;1,0396248290072257E-05;3,5045460967551756E-06
Lateral Efficiency(LE);3,0286967675931207E-09;3,466053872046214E-08;1,3695306682196792E-05;3,8378876096342477E-05;4,1537225132046325E-05;1,3454431508271613E-05;5,605000756417115E-06;1,7413907176482954E-06
Receiver 2;63 Hz.;125 Hz.;250 Hz.;500 Hz.;1000 Hz.; 2000 Hz.;4000 Hz.; 8000 Hz.
Early Decay Time (EDT);0,47108191868290095;0,4342085828355969;0,5719025141420151;0,8043839260653286;0,7647325694976326;0,935112665857124;0,6754734372089517;0,3258612439937746
Reverberation Time (T-10);0,27600267760488373;0,30490846262714594;0,3857753198781063;0,41980414612462463;0,4465901364593914;0,45635828798808453;0,45110471812014413;0,4657136860006185
Reverberation Time (T-15);0,30910918597176906;0,3436332448095597;0,40577406148230144;0,43113896960439124;0,4622847628814967;0,4397812229715467;0,4464760945886056;0,4951340137946649
Reverberation Time (T-20);0,30662943542548887;0,34253777689657394;0,4192570293842554;0,45841654558400624;0,49150574166574174;0,4620607991346119;0,4709013179665453;0,5535329211352356
Reverberation Time (T-30);0,3177295210567528;0,36369673859863866;0,4610586811638706;0,5334473568246217;0,5713540664020003;0,518829635904259;0,5426072172601863;0,6320626756130635
Clarity - 50 ms (C-50);19,154991319346237;18,45817526951105;16,652735071984807;16,16034097267637;15,63317866518056;16,003631150885646;15,730496416751667;14,287071442501409
Definition/Deutlichkeit (D);98,79979095940197;98,59384793268447;97,88436939910108;97,63638044861058;97,33945240667181;97,55166098458268;97,39687291057908;96,40744497300744
Clarity - 80 ms (C-80);24,899946152734884;23,558406068200014;20,688026033459536;20,04840268706996;19,261655528392794;19,99266254632751;19,572915493835506;17,82541145234484
Center Time (TS);2,6324762984371275;2,747966790485342;3,650533041784291;3,921592282888909;4,306818138433408;3,945468991769673;4,230533057113954;5,633090026097155
Strength(G);19,556145175362868;19,547474552969277;19,623307043253654;19,61098022549288;19,636861807558958;19,57823246136259;19,624350255811876;19,8440926774706
Lateral Fraction(LF);4,604159403581539E-09;5,544294955269062E-08;2,1431154059327695E-05;5,326753719354516E-05;5,689874847344861E-05;1,639065191606923E-05;6,812684647846843E-06;2,5071689810398067E-06
Lateral Efficiency(LE);1,5105355631177007E-09;1,9634502928213998E-08;7,410156163141579E-06;1,891609963753609E-05;2,027010259314137E-05;6,3191682710828265E-06;2,705511493421973E-06;1,0232841505829597E-06
Receiver 3;63 Hz.;125 Hz.;250 Hz.;500 Hz.;1000 Hz.; 2000 Hz.;4000 Hz.; 8000 Hz.
Early Decay Time (EDT);0,2522804067046643;0,21121870635217715;0,2639218293074774;0,2834009829880928;0,30852326180943646;0,2733397644543789;0,2920421076517737;0,34397386563653826
Reverberation Time (T-10);0,29219469381990054;0,30195769864299343;0,36782681626000147;0,4144716261345227;0,438382418230391;0,419102995076478;0,4293645765853714;0,4928333243981144
Reverberation Time (T-15);0,3182793918459524;0,3361105896196374;0,41262557285973017;0,4626769384761707;0,49069488444761666;0,45361521173352504;0,47025078692062855;0,5448285756157735
Reverberation Time (T-20);0,3224926234665794;0,3473055571944596;0,4464532316484536;0,539655829771932;0,5428329032061263;0,47954917463146923;0,5212195908530122;0,6065007730204854
Reverberation Time (T-30);0,34035421116479325;0,38110002509997354;0,5149526917715154;0,6380263210431664;0,6644128227019377;0,5967606675008431;0,6547893722212805;0,6989965516859278
Clarity - 50 ms (C-50);17,35326281290731;16,92896874586181;15,131855104130237;14,686099623867651;14,220462831424204;14,830308700192214;14,548046333468779;12,736658034057351
Definition/Deutlichkeit (D);98,19556957811025;98,0145437392477;97,02632172196341;96,71389962286497;96,35514511815755;96,8171446256724;96,6109265400281;94,95228160145284
Clarity - 80 ms (C-80);22,892354379247916;22,05276384584343;19,226304200509084;18,391433527493714;17,650354485145364;18,718705150295886;18,083755809093333;16,101891633432135
Center Time (TS);3,7023177937012783;3,9295516372792143;5,173482431127652;5,512201657457492;6,047798439438388;5,166784326211578;5,6021099545270445;7,8808492056496595
Strength(G);19,860493240022095;19,956077051193247;19,979565024639925;19,914965813217044;19,951196903898982;19,85951637244728;19,915910187528652;20,305608301721833
Lateral Fraction(LF);7,664469112906164E-09;1,1019126550084638E-07;3,9237906958312194E-05;8,83209954751319E-05;9,443875508491904E-05;2,7432016223560934E-05;1,1616719703473279E-05;4,368707730027853E-06
Lateral Efficiency(LE);2,3591352413437773E-09;3,327425720748989E-08;1,316241899424701E-05;3,3562130246332574E-05;3,5903677373835284E-05;9,597655348545027E-06;4,14207561994625E-06;1,7434451817713213E-06
Receiver 4;63 Hz.;125 Hz.;250 Hz.;500 Hz.;1000 Hz.; 2000 Hz.;4000 Hz.; 8000 Hz.
Early Decay Time (EDT);0,2641742663152845;0,2610362790397063;0,35592725674916703;0,3819601894047529;0,4233502860193317;0,3982908228262226;0,3988719719063781;0,4654152040850278
Reverberation Time (T-10);0,32433838683802807;0,34124170261502;0,42089328685319155;0,46283446455960975;0,5025712495724548;0,4582834477867879;0,4668814961369621;0,5591571278177386
Reverberation Time (T-15);0,3288204376143926;0,3536748474957513;0,44919399514876357;0,5132871586930929;0,5426873286638864;0,486375081618846;0,5027938875556249;0,6172359201989246
Reverberation Time (T-20);0,33638094178921046;0,36638817880859303;0,4811565423649708;0,5702482644350473;0,5817202064762467;0,5212602943042597;0,5662794329324152;0,6729825872418888
Reverberation Time (T-30);0,3533898611564908;0,4004449208683932;0,5432606463459819;0,6729774375670806;0,6926829361263642;0,6683313663087944;0,7211388743771031;0,7408157314558357
Clarity - 50 ms (C-50);14,21329766763259;13,610515734112145;11,659801214567203;10,921360796042832;10,65200709849228;11,26452627673789;11,081000354269879;9,674212740894074
Definition/Deutlichkeit (D);96,36733368920837;95,85491844327937;93,63742312818573;92,53465207722617;92,09651520635981;93,0599067274465;92,79132238182012;90,37787323552732
Clarity - 80 ms (C-80);19,67835849353468;18,718899730467445;15,952381663833384;15,072430798608467;14,22139907113529;15,162542762642644;14,834892189269851;13,045864227093936
Center Time (TS);7,268258922682849;7,988623527439665;10,546122650522209;11,589054394608366;12,415018583383082;10,928976699079737;11,512112562377176;14,994574825436539
Strength(G);16,737336858783884;16,974289793411412;17,152943973303152;17,159173527504485;17,12815273308525;16,939466019197212;17,026136452629558;17,569401369997102
Lateral Fraction(LF);1,6614175555021123E-08;2,3302209154881808E-07;8,051846653963125E-05;0,0002075481038900309;0,00020373000074576231;5,797159127412979E-05;2,4422188010926073E-05;8,942156546761831E-06
Lateral Efficiency(LE);5,529008661787459E-09;7,936882396592451E-08;3,048576047328933E-05;7,720553642706259E-05;8,647318374272E-05;2,348604417071163E-05;9,460820362029206E-06;3,664754697134697E-06
Receiver 5;63 Hz.;125 Hz.;250 Hz.;500 Hz.;1000 Hz.; 2000 Hz.;4000 Hz.; 8000 Hz.
Early Decay Time (EDT);0,3048720065986692;0,3231560685415018;0,3993519394157579;0,45249069323882285;0,4575298693376891;0,44758941245028916;0,45026572431968687;0,47986392829024205
Reverberation Time (T-10);0,3298781605744196;0,3598970911045104;0,43574921599428684;0,47880754903375417;0,49811812976422465;0,4757844670064829;0,4715069636051831;0,5381167963500779
Reverberation Time (T-15);0,3301441758431827;0,3643849858737229;0,43422557341389506;0,4719145363753355;0,4941107019538011;0,4588148228359303;0,4667320402340569;0,579952091195772
Reverberation Time (T-20);0,32507914164581964;0,3558467672918308;0,4611145078604502;0,5217308222594913;0,5326036985511675;0,5078637212515535;0,5311049441627549;0,6360909553420007
Reverberation Time (T-30);0,33649613658173155;0,38207435065405815;0,5165078639724999;0,6172568160466979;0,640422905054158;0,6385854617169459;0,650001081542885;0,7160350394869721
Clarity - 50 ms (C-50);13,571409071677628;12,499535667993129;10,574620037736889;9,716662476800375;9,687082107957329;9,93075164070554;9,801318935122659;8,87074486598976
Definition/Deutlichkeit (D);95,79981298555641;94,6860921408685;91,94991277174823;90,35828860749929;90,30222567034201;90,78042260606973;90,53537150932611;88,5643663453961
Clarity - 80 ms (C-80);19,147820008944205;17,51055099108853;14,915765287046323;14,074731301988244;13,39817679296607;14,034224693530772;13,916109823372322;12,460238854846448
Center Time (TS);8,657135893457392;10,02977357360011;13,238371504659046;14,465923134158249;15,504519912797111;14,527478326751227;14,896785864931907;17,666318750039302
Strength(G);13,540784882106792;13,822563426809062;14,193420440425946;14,327551870339946;14,301250194369182;14,216981127825228;14,20534436013471;14,504026558899227
Lateral Fraction(LF);1,864051982132894E-08;2,6394680591799264E-07;9,44179377053422E-05;0,00024065132105093582;0,00024069632410680377;7,107735037978219E-05;2,9832797539095615E-05;1,0083584989443396E-05
Lateral Efficiency(LE);7,457003738592151E-09;1,0860229938950205E-07;4,1945158178783107E-05;0,00010994974414254079;0,00011630404104322323;3,477454251686593E-05;1,401381603467685E-05;4,657760572464472E-06
Receiver 6;63 Hz.;125 Hz.;250 Hz.;500 Hz.;1000 Hz.; 2000 Hz.;4000 Hz.; 8000 Hz.
Early Decay Time (EDT);0,3797519703176343;0,46606181742512465;0,5854609261822715;0,5692294244651833;0,5854631334075004;0,5596695198586897;0,5558706972771803;0,5299493148473076
Reverberation Time (T-10);0,3311448580141033;0,4111901973551053;0,4280193695098432;0,46086907227138735;0,4719159965269411;0,4588950566952802;0,4581262262371547;0,4440994267836042
Reverberation Time (T-15);0,28494912976465014;0,3496759415089866;0,4005878266959365;0,45901569287736443;0,47560107830898274;0,4648771446535005;0,4625908603374211;0,4466981347956313
Reverberation Time (T-20);0,27035114834836;0,3477951241481479;0,4216825326369534;0,4676372760447607;0,48120902435209184;0,47197585484773075;0,4706330739852857;0,4598277039919378
Reverberation Time (T-30);0,29186069487251487;0,3597024705513224;0,4162536367535158;0,4409057838577996;0,4412927033890909;0,43453389529274666;0,4339004951999101;0,4330442789154919
Clarity - 50 ms (C-50);15,849784446040358;14,412849038760683;12,094943958366972;11,01447088838656;10,535063665062491;10,475688769344416;10,37733694293715;10,79145829634264
Definition/Deutlichkeit (D);97,46561276250044;96,50641527382855;94,18578652900254;92,66392749948172;91,87727518484887;91,77465915780874;91,60208163293464;92,30711323939123
Clarity - 80 ms (C-80);24,231716951028904;21,64248022944981;18,210479376813527;16,65618638784843;16,006500281134496;16,04178038512217;15,976775711623151;16,467018258255784
Center Time (TS);5,524554133616562;5,7179844967993985;8,317629352236175;10,035425414296688;10,987492260096536;11,280840733237685;11,502665949156993;10,830478404930362
Strength(G);10,91925553896931;10,740272718043183;10,990423618930777;11,149781493754212;11,253329198349505;11,341422359611151;11,375047095440493;11,28599966795742
Lateral Fraction(LF);1,0024910665904654E-08;1,0965277417829535E-07;4,4313221322166425E-05;0,00012512134461508282;0,00013099234706652168;4,37554926146242E-05;1,7670452792573606E-05;5,444710113473436E-06
Lateral Efficiency(LE);6,751132870560591E-09;7,086719931612199E-08;3,0033784564971247E-05;8,606605765254043E-05;9,250401103511489E-05;3,012861792840818E-05;1,2176931813018955E-05;3,750769572356011E-06
Receiver 7;63 Hz.;125 Hz.;250 Hz.;500 Hz.;1000 Hz.; 2000 Hz.;4000 Hz.; 8000 Hz.
Early Decay Time (EDT);0,409117140462948;0,4017815073797751;0,5465269328841682;0,5386154993114399;0,6331319975924451;0,6068735982082298;0,5939915107075203;0,5446021347760294
Reverberation Time (T-10);0,3497167991085015;0,3836488320433509;0,47502192952679323;0,4847256472275515;0,5114583910550071;0,5007778517866156;0,5006395296312799;0,5063681800593199
Reverberation Time (T-15);0,31616988866776535;0,37004127305745504;0,43974124415855426;0,4853900851116541;0,5139567071448803;0,485521227417327;0,494885968691736;0,5219055025030077
Reverberation Time (T-20);0,30804386445308063;0,3685018394160774;0,4481516820011325;0,49799786174563004;0,5274203879775542;0,49038507930204683;0,49780186010853816;0,5441717420604842
Reverberation Time (T-30);0,32327847752654887;0,37277563697826865;0,448068891270573;0,49945188984843153;0,5374562247425497;0,49160354629013836;0,49595838169587464;0,5898317719536257
Clarity - 50 ms (C-50);15,599638147741908;14,848434235197987;12,744673299489481;12,133006656285817;11,595646655005307;11,655018820320509;11,405222648345193;10,903963072328963
Definition/Deutlichkeit (D);97,3193784070902;96,82924191713973;94,9529111047595;94,23359559369052;93,52328080718465;93,60559794097854;93,25256772484273;92,48906374866203
Clarity - 80 ms (C-80);21,609794286013578;20,006196556007836;17,003983108747732;16,133376667365464;15,3965206249561;15,650381010941832;15,429374560874491;14,600519784820998
Center Time (TS);5,5522306097240595;5,546774877752839;7,587669313714049;8,658521687727932;9,477276946668823;9,426386962027857;9,869247022525334;11,229326530172894
Strength(G);13,001374687573222;12,949189234337243;13,000133371195965;13,134099002741678;13,126836586411045;13,143610208254955;13,22564884872773;13,493053287350818
Lateral Fraction(LF);9,206942778930114E-09;9,552771320752228E-08;3,441039326993767E-05;9,853846525535872E-05;9,291342039232682E-05;3,27587386327271E-05;1,3010397632133858E-05;4,524410715027494E-06
Lateral Efficiency(LE);5,151047066521144E-09;5,399332033039642E-08;2,2067564151887922E-05;5,860995051621217E-05;6,400091366771784E-05;2,1094363635280102E-05;8,555781616452066E-06;2,906029672750205E-06
Receiver 8;63 Hz.;125 Hz.;250 Hz.;500 Hz.;1000 Hz.; 2000 Hz.;4000 Hz.; 8000 Hz.
Early Decay Time (EDT);0,39812397734810895;0,40096619506280134;0,4166224230405928;0,4709562661967623;0,5406089213108499;0,582140394062016;0,5672186102238784;0,5687470538221392
Reverberation Time (T-10);0,3407018443033593;0,3897721888980953;0,46597239267588625;0,4981854301217957;0,5226957010670148;0,5245399895562443;0,5280507720387849;0,5501524456707513
Reverberation Time (T-15);0,3294878363909506;0,38212431421464615;0,45725968834618747;0,5191473455162198;0,5338716476361759;0,5144749578811841;0,529631828797618;0,5781049386266472
Reverberation Time (T-20);0,3262570586608112;0,38381477980192075;0,46934587013518897;0,5426291424378813;0,5608377703378764;0,5220094917947266;0,5642709472837812;0,6080851474871445
Reverberation Time (T-30);0,34136613001034194;0,39462525861327596;0,5093145554143834;0,6025415437410089;0,6123766545985833;0,5823548996706418;0,6226920676185744;0,6738941680492276
Clarity - 50 ms (C-50);14,983577548227256;14,453010428353226;12,43122806867554;12,20197563702339;11,644818130202893;11,773004925904925;11,558074824000391;10,231514281187708
Definition/Deutlichkeit (D);96,92340103042494;96,53745980066411;94,59559241897801;94,31928580454628;93,59152477401634;93,76629476746278;93,47068047737133;91,34015140558172
Clarity - 80 ms (C-80);20,811791813766114;19,403153395227445;16,554131774541712;15,824393263090466;15,097010644781548;15,600149179109227;15,25987538662002;13,856289137049458
Center Time (TS);5,858696796808285;5,844298006721289;8,095201785531064;8,591001676129316;9,474157572915873;8,800676944683326;9,357696011398083;12,265303869174234
Strength(G);14,75364150168792;14,705159806446435;14,840433811301423;14,81791159555339;14,874221003236194;14,746077986969652;14,831964686072823;15,280700763190836
Lateral Fraction(LF);1,048095191755657E-08;1,1140287416931606E-07;4,338152177988E-05;0,00010451618941149806;0,0001128047217388712;3,2480650246953715E-05;1,3085683256942567E-05;5,016555034388062E-06
Lateral Efficiency(LE);4,836395725317174E-09;5,387116046173203E-08;2,1574714307941247E-05;5,4074400052277754E-05;6,01590595590278E-05;1,8280021624857762E-05;7,417509454603727E-06;2,882932429845218E-06
Receiver 9;63 Hz.;125 Hz.;250 Hz.;500 Hz.;1000 Hz.; 2000 Hz.;4000 Hz.; 8000 Hz.
Early Decay Time (EDT);0,32646437857204724;0,330076285564728;0,4142299543331339;0,49402131711014546;0,5201422824483485;0,5191228223113026;0,511674259093492;0,5426750010058274
Reverberation Time (T-10);0,3377360672021125;0,3662344387885196;0,4377006767500651;0,5134418711063131;0,5331762630532378;0,4951195990496962;0,5128750496301991;0,5635334014469294
Reverberation Time (T-15);0,3337911305335502;0,36667836899951267;0,45967015707244613;0,5591603009077705;0,56615406116453;0,510266803985184;0,539259114558149;0,5999738710306345
Reverberation Time (T-20);0,3369814164923025;0,37779151883943096;0,48142948928943863;0,5965803327994323;0,5948042145359231;0,5301368806071839;0,591942600196661;0,6506885476023155
Reverberation Time (T-30);0,3523522525355439;0,4054480117690781;0,5394917232419919;0,6854103569744711;0,7022613452095703;0,6400343411266052;0,6948302421635866;0,7284166562717264
Clarity - 50 ms (C-50);13,631042874766425;13,401942313140818;11,641177913206288;10,920905954428397;10,55489781376349;11,027421923344992;10,772601636475391;9,21895845338439
Definition/Deutlichkeit (D);95,85158827093451;95,63708314815995;93,59542152986138;92,5188644873501;91,91689793310908;92,68793796191491;92,2833568092901;89,33643250728109
Clarity - 80 ms (C-80);19,19038753309663;18,451721790227605;15,758478795764699;14,46585317500239;13,974774791313141;14,844775295165935;14,369658911956977;12,715877580870155
Center Time (TS);7,807453483915833;7,56597135874821;10,072717345015413;11,177502717612828;11,922288682054402;10,496506415335757;11,35134703102208;15,344208916198406
Strength(G);15,267630583169243;15,313062125868768;15,435852090717773;15,29780233327304;15,354422257476145;15,157221613641852;15,289050893910328;15,949521999200016
Lateral Fraction(LF);1,5843424189385262E-08;1,9049900913084912E-07;6,782895531251841E-05;0,0001588096939030984;0,00015940555143573038;4,704678489760407E-05;1,9637755269098295E-05;7,5697516541821766E-06
Lateral Efficiency(LE);6,334370902537348E-09;7,91209321486632E-08;2,983898356321266E-05;7,604739519101233E-05;7,97993867184219E-05;2,340391545351705E-05;9,807150073014821E-06;3,88229881021386E-06
Receiver 10;63 Hz.;125 Hz.;250 Hz.;500 Hz.;1000 Hz.; 2000 Hz.;4000 Hz.; 8000 Hz.
Early Decay Time (EDT);0,33869521495052507;0,3494289628111596;0,4286503778399466;0,47914498021571994;0,5132614070919301;0,4818044812051441;0,47287714610123416;0,5210876935265754
Reverberation Time (T-10);0,3294599218142823;0,36548966372896774;0,44711822735417933;0,5026554953645171;0,5449854604583743;0,4976930057412057;0,4953182523408004;0,5836270533042236
Reverberation Time (T-15);0,3380156107610497;0,3780124926262096;0,4811135918081438;0,5620852550086977;0,5829334103465263;0,5158063494557233;0,5326978033017713;0,634938956309771
Reverberation Time (T-20);0,34161483016909167;0,3863337163054563;0,5061439200972241;0,5907740292301765;0,6204442277924922;0,5485370877301207;0,602307244004761;0,6820165079362817
Reverberation Time (T-30);0,35695175423783715;0,4087098493396863;0,5547191918171543;0,6898511089428631;0,7090078601588609;0,6794158217459938;0,7501348343332036;0,7504353393972314
Clarity - 50 ms (C-50);12,68290495110503;12,273832899547237;10,440388065861082;9,655461731955482;9,280892099275594;9,950678647280839;9,742665251303055;8,328208610248106
Definition/Deutlichkeit (D);94,90260559296284;94,4266158951901;91,7435690437036;90,25665985193807;89,45933228853511;90,8248529437756;90,43063598401626;87,26756089722764
Clarity - 80 ms (C-80);17,95443666881512;17,138056409563752;14,41974188321417;13,450607646185546;12,76066710674447;13,542095691908532;13,450303081667073;11,707047771779957
Center Time (TS);10,034009687488219;10,078478555580194;13,308557844616423;14,873860245710526;16,038361595400325;14,223526388781094;14,881396933146;19,302164228004408
Strength(G);14,313103542693707;14,379500494858341;14,638705135461286;14,595727087400988;14,531138282988806;14,350285680921374;14,486029520428318;15,133512701087795
Lateral Fraction(LF);2,252623199998349E-08;2,726698198799908E-07;9,505979025568518E-05;0,00022714592517891898;0,00022985856040282895;6,602180815204214E-05;3,0391973005940617E-05;1,113652745080472E-05
Lateral Efficiency(LE);9,155144620130734E-09;1,1277530698580486E-07;4,355119955306307E-05;0,00011068011298810179;0,00012694240887443738;3,465967704656548E-05;1,436781671900126E-05;5,430111428252409E-06
Receiver 11;63 Hz.;125 Hz.;250 Hz.;500 Hz.;1000 Hz.; 2000 Hz.;4000 Hz.; 8000 Hz.
Early Decay Time (EDT);0,3167876667274459;0,36363560166705977;0,4184881024175262;0,5050296293875713;0,49359598427846463;0,4868116506506543;0,48080521563124484;0,5190788923611824
Reverberation Time (T-10);0,32838702661508495;0,3875447417828443;0,47220362748447364;0,5264184264853919;0,5516181936385928;0,529996380950431;0,5287366826651907;0,5504219253503873
Reverberation Time (T-15);0,34240391650110463;0,38399376003925834;0,46504184941674576;0,5142126183518244;0,5283673163689436;0,4962013214160059;0,5105153675889138;0,5880317431374971
Reverberation Time (T-20);0,3342147581415045;0,36897040765155764;0,48757805482464306;0,5458429773417162;0,5441844455235285;0,5216454108609648;0,5648287078348679;0,6355365971595828
Reverberation Time (T-30);0,34271400603149577;0,39343836625822187;0,521606645553516;0,6050213384208889;0,6318723764995078;0,632550246373666;0,6503052112988436;0,7081959798608911
Clarity - 50 ms (C-50);12,860780399995313;11,721652154158333;9,969914878902177;8,864663675211705;8,832800697637277;9,09452906300678;9,120055153566849;8,094330051282855
Definition/Deutlichkeit (D);95,08976491481243;93,69891710243164;90,86121914336918;88,51183570978202;88,43650892827625;89,03939736317193;89,09589899660556;86,67510444860136
Clarity - 80 ms (C-80);18,197426134899995;16,527980203821823;14,004995963401662;12,775237821047403;12,139335262849205;12,790204084830796;12,652746263233512;11,661119105612972
Center Time (TS);9,893229027990587;11,102122478766622;14,631776406120082;16,628762858013314;17,531475407131207;16,402704773410523;16,82108738610858;19,96151349996471
Strength(G);12,17886761920185;12,194819026614585;12,599174367503807;12,674378805641133;12,715421758479991;12,582909745865443;12,621572941843269;12,984335159911964
Lateral Fraction(LF);2,0131992864325643E-08;2,885880478372449E-07;9,997438424601645E-05;0,0002493092098997522;0,0002551405011194153;7,567936815766115E-05;3,161622807983275E-05;1,0848650660836413E-05
Lateral Efficiency(LE);9,375240734633872E-09;1,3469913417376644E-07;5,2653614483309415E-05;0,00013526542100478702;0,00014404867909063122;4,1978272656210994E-05;1,716088435659902E-05;5,8474354115926545E-06
Receiver 12;63 Hz.;125 Hz.;250 Hz.;500 Hz.;1000 Hz.; 2000 Hz.;4000 Hz.; 8000 Hz.
Early Decay Time (EDT);0,33061209821394655;0,44458844959365496;0,465493410296958;0,4795392763830933;0,49032148275071963;0,47086940000471494;0,47658475487765817;0,44967398602328024
Reverberation Time (T-10);0,2786826523047168;0,36667634397367554;0,39319170928742336;0,4379864739903857;0,45949062390368156;0,452841114573035;0,4503587798127192;0,4181754599841418
Reverberation Time (T-15);0,2618172592985496;0,3332007216287709;0,42299215235958015;0,47426133229727974;0,48875154491811695;0,4813707032253018;0,4796694345116455;0,46348579401379386
Reverberation Time (T-20);0,2698054730614706;0,35403884238671135;0,4380663080078889;0,4930561924867253;0,5051397385497092;0,4981053644880445;0,49750043325226234;0,48524372681527217
Reverberation Time (T-30);0,3052176603733547;0,37162006906195777;0,4257600129983141;0,45303713331852685;0,4616993635524348;0,45721300181019203;0,4564652771792376;0,4495773603393997
Clarity - 50 ms (C-50);14,98023281022064;13,497288491248243;11,170879658696954;10,078785068620391;9,591784979359238;9,587382305416304;9,47658955198044;9,870556368030778
Definition/Deutlichkeit (D);96,92110364277208;95,72160269139907;92,90501939711785;91,0579074785163;90,10182578392578;90,09278101552482;89,86273756876294;90,65974259726224
Clarity - 80 ms (C-80);22,44803220669429;19,64160271652582;16,463094345937197;14,915941230906956;14,321388514033098;14,354328536204509;14,299481947821143;14,796297572737044
Center Time (TS);6,682274912462075;6,741648102726514;9,854687752354009;11,914543964679504;13,049763046839582;13,319798905158835;13,602784506035034;12,888198089228254
Strength(G);9,605902864295679;9,247389711761986;9,5622047602901;9,751874469855721;9,892234000524233;9,993117503883788;10,047549131867804;9,962068313132036
Lateral Fraction(LF);1,5973947200860434E-08;1,5787977652064705E-07;6,282986554010135E-05;0,0001749541389479661;0,0001857806210137382;6,155521985238175E-05;2,504341508644204E-05;7,837248068935419E-06
Lateral Efficiency(LE);6,039539597914553E-09;8,109849536622895E-08;3,513888375349671E-05;0,00010146597948887161;0,00010945073883803752;3,526432542327808E-05;1,4314968465582395E-05;4,350662940681171E-06
Receiver 13;63 Hz.;125 Hz.;250 Hz.;500 Hz.;1000 Hz.; 2000 Hz.;4000 Hz.; 8000 Hz.
Early Decay Time (EDT);0,3487354272469683;0,43946477508406256;0,4865002498122816;0,5106824075115141;0,48776723235442176;0,4876633557246917;0,4963373058872904;0,4957018216431581
Reverberation Time (T-10);0,30945321514484936;0,3608439285662086;0,418166035001842;0,46635032330349624;0,48239665940398413;0,48384717101146446;0,47395383345559927;0,49107911544163013
Reverberation Time (T-15);0,2975893729431576;0,36424556311085937;0,44215122840796833;0,5058112364143891;0,5098919608953557;0,5082383657103741;0,49577767674947076;0,5314067876189722
Reverberation Time (T-20);0,3080208892456612;0,36996576080788274;0,45579142761855745;0,5089206560159404;0,5186084087227429;0,5197612497044143;0,5018664718239034;0,5433561667518325
Reverberation Time (T-30);0,32689592981919924;0,36960126259002113;0,462457447718965;0,48082206728301746;0,5071176806068256;0,5235712655225023;0,4850387519212102;0,5943188515414641
Clarity - 50 ms (C-50);14,39256023765772;13,669400705537733;11,77354941542744;10,926824907126377;10,544489913301245;10,523155123269362;10,295423388413758;9,608379026321453
Definition/Deutlichkeit (D);96,49063031941633;95,88099370361178;93,76702754880452;92,52555089815961;91,89345858124281;91,85678797422578;91,45584482777267;90,13585024215118
Clarity - 80 ms (C-80);20,352818862009734;18,653658540207264;16,00695430201389;14,753210136281433;14,372597327844455;14,23103347945343;14,239270874873476;13,367817123033849
Center Time (TS);7,58451183105947;7,305847671946327;9,844511307180124;11,304851191407412;12,146673005174543;12,335862491034458;12,72973080963551;14,774337507538334
Strength(G);10,925879762061445;10,660062047914224;10,824194025673258;10,866166310189563;11,041960669426338;11,060872111467305;11,120005067311922;11,34631545037658
Lateral Fraction(LF);1,4592067862754457E-08;1,381259899199463E-07;5,2660148112478026E-05;0,00014727725882778176;0,000153878706816831;5,0516236043852164E-05;2,0761590195743694E-05;6,888952280583801E-06
Lateral Efficiency(LE);6,532420734496894E-09;8,374675349686213E-08;3,313955378857746E-05;9,714121604974539E-05;9,794368421322257E-05;3,1940882123348396E-05;1,3271289891876433E-05;4,443309269762843E-06
Receiver 14;63 Hz.;125 Hz.;250 Hz.;500 Hz.;1000 Hz.; 2000 Hz.;4000 Hz.; 8000 Hz.
Early Decay Time (EDT);0,37229808671199516;0,4218272443881496;0,49359288884415975;0,5514901428934836;0,5183539010899603;0,5305527498745144;0,5548395904038514;0,5855031049587045
Reverberation Time (T-10);0,32297358525788655;0,39827761422194624;0,4763046202267885;0,5170896945081088;0,5428654923722535;0,5273544879104;0,5500147940851485;0,60129829368325
Reverberation Time (T-15);0,3257758584930129;0,3926667861580269;0,4930753438882592;0,5599173925916373;0,571097887583385;0,5612242175007749;0,5712834658548783;0,6314549199855888
Reverberation Time (T-20);0,3363801954625056;0,39618551379406786;0,5165073242659922;0,5758616482598586;0,5935707488515239;0,5806440376764259;0,6029552215207425;0,6666772600524513
Reverberation Time (T-30);0,3507268853365791;0,41515217312566466;0,5452009823409897;0,6482669391790795;0,6700714193960263;0,6506246329103162;0,6936089189822249;0,7214061231649309
Clarity - 50 ms (C-50);12,902854898865206;12,379802427046911;10,260224831629476;9,821685922439748;9,531952685941427;9,708635412080922;9,278262512228999;7,8954694330388895
Definition/Deutlichkeit (D);95,12463096078446;94,53473567174697;91,39229997234088;90,56401826848946;89,97827680710995;90,33920788175212;89,43909480615501;86,0325852260038
Clarity - 80 ms (C-80);18,329687868331263;16,86990948726027;13,959778437543111;13,329506466138852;12,765461745375053;13,17949644397685;12,41589134054309;11,203905148270794
Center Time (TS);9,693699865627192;9,400497927238815;13,181847154700666;14,479009789408247;15,583233909684516;14,426923707099155;15,71153739370225;20,04771827177185
Strength(G);12,086127720494666;11,908006926205019;12,14285682732443;12,053132782157434;12,28887634341909;12,132617959911656;12,19013060823768;12,778466379812706
Lateral Fraction(LF);1,834968644168942E-08;1,9783901693823495E-07;7,14127167652466E-05;0,0001824611119198273;0,00019508234213274785;5,784113405926224E-05;2,259688243825805E-05;8,57798534728814E-06
Lateral Efficiency(LE);8,76960896352051E-09;1,0604056658334965E-07;4,209437648497243E-05;0,00012092285997093908;0,00011735693005269444;3,348965644160433E-05;1,425444279699726E-05;5,455580032486382E-06
Receiver 15;63 Hz.;125 Hz.;250 Hz.;500 Hz.;1000 Hz.; 2000 Hz.;4000 Hz.; 8000 Hz.
Early Decay Time (EDT);0,3514660837890007;0,3894607204961584;0,4657235561622798;0,5289219148788651;0,540734103346276;0,5260129527020693;0,5132578882879322;0,5898470768770089
Reverberation Time (T-10);0,32480622527667286;0,3745539072298693;0,5006056071441557;0,5852461384038196;0,6060286619157726;0,5587519334650078;0,5597174186861015;0,641071017696117
Reverberation Time (T-15);0,3365896337447281;0,3972161180783507;0,5276145367905678;0,6500884964897363;0,6766296610875606;0,5688301228233663;0,6085385754712969;0,6886931189385288
Reverberation Time (T-20);0,3519517925582601;0,4167271598918362;0,5498146991568769;0,6833505488730806;0,7571046993033549;0,6127906474650094;0,6840825800390894;0,7362531989523937
Reverberation Time (T-30);0,3655406129878104;0,4379003770120892;0,5979724575802091;0,7935449501064684;0,8210174095956106;0,7174251385173832;0,8239915220639294;0,7999385733734807
Clarity - 50 ms (C-50);11,610856359843718;11,374610521841362;9,318364807955506;8,517812822391074;8,398828076265207;8,6597694255228;8,563211144080311;6,961006911993474
Definition/Deutlichkeit (D);93,54988601846115;93,22426748817179;89,53486732318822;87,66734526290243;87,36806430588938;88,02394601940637;87,79287764739665;83,25370228017478
Clarity - 80 ms (C-80);16,881900749187277;15,941913847371037;13,045174347598497;11,897580204934721;11,396198746921398;12,061857403404135;11,91338665032254;10,17291332748919
Center Time (TS);12,624660357555864;12,032105178094737;16,25246975905479;18,66178235860233;19,509642064096845;17,429725503953016;18,785100249391853;24,243954402395815
Strength(G);12,850863764938442;12,709235743714828;12,894297837892523;12,84773464109545;12,87856095750005;12,722024724970069;12,82060708983579;13,708350961668955
Lateral Fraction(LF);2,606834805451154E-08;2,9762812263641907E-07;0,00010238182567117082;0,0002448918018032026;0,00024187578808242518;7,665521876824566E-05;3,121671839419766E-05;1,1551319612432887E-05
Lateral Efficiency(LE);1,2295093424355716E-08;1,5407034020446768E-07;5,7152977319299935E-05;0,00015549146552131725;0,00014868718516996;4,449560026525197E-05;1,982945206665548E-05;6,8273899587533E-06
Receiver 16;63 Hz.;125 Hz.;250 Hz.;500 Hz.;1000 Hz.; 2000 Hz.;4000 Hz.; 8000 Hz.
Early Decay Time (EDT);0,34592674207591895;0,38590743237231206;0,4595870734065336;0,5156889906096266;0,5457039021286921;0,4952979194406834;0,5099388160865448;0,5749214931463291
Reverberation Time (T-10);0,33812861890484797;0,38267532998656056;0,5113324026908448;0,5927552747784226;0,6222804718836218;0,5559546156470715;0,5698525165241368;0,6539142984037255
Reverberation Time (T-15);0,34717087915221134;0,4004051877177228;0,538510795871572;0,6510822204053285;0,6789654420897002;0,5776721475983656;0,6358184501446018;0,700776013938278
Reverberation Time (T-20);0,3586025992481092;0,4151961902269762;0,5533500213314018;0,6724488425852804;0,7471688585504529;0,6555674313876355;0,7120923584022748;0,7492312996900125
Reverberation Time (T-30);0,37282504207921463;0,43734717109080135;0,608810356327583;0,7988251678678776;0,7951594285236093;0,7574668034169588;0,8219987821558105;0,8070750601515626
Clarity - 50 ms (C-50);11,160950698923475;10,634442905720952;8,68330871809259;7,921154813340855;7,296812079971888;8,287485257394971;7,885141663879272;6,491139986389739
Definition/Deutlichkeit (D);92,91115357373182;92,09199869426412;88,08766159628146;86,13096234949406;84,31300419127474;87,09140148925847;86,02330790665815;81,73445554210544
Clarity - 80 ms (C-80);16,6111670186394;15,35498528258553;12,213901386398717;11,514818384964848;10,904309217173383;11,84778114142844;11,470707658035371;9,94913986632519
Center Time (TS);13,599668375489008;13,99133755660215;18,878265570135753;21,40348540184428;23,22910111986152;20,221168742783878;21,370069757561133;26,817476698273584
Strength(G);12,605080668439907;12,561053355679213;12,689955515091732;12,895926651142148;12,80776976129328;12,569325150631165;12,782902518131941;13,564069070464313
Lateral Fraction(LF);2,992703675809774E-08;3,5322061517252265E-07;0,00012704832834896149;0,00031603291988196146;0,00031419121849897083;9,353830074069682E-05;4,0175585362194494E-05;1,443641309358972E-05
Lateral Efficiency(LE);1,3390798210005718E-08;1,8514216804022001E-07;7,047871417092475E-05;0,00018749137507345648;0,000204564685117118;5,5626730370932854E-05;2,204464904302044E-05;8,204998433478851E-06
Receiver 17;63 Hz.;125 Hz.;250 Hz.;500 Hz.;1000 Hz.; 2000 Hz.;4000 Hz.; 8000 Hz.
Early Decay Time (EDT);0,3385794400147405;0,38029100505970803;0,43808497225169346;0,5070448208276208;0,5051795954609191;0,4887412576998666;0,48524172983201186;0,5473373638903088
Reverberation Time (T-10);0,3280854592991022;0,39656088858802496;0,44235212544801933;0,4886255896731191;0,5428310515219621;0,5078254421619371;0,5064945937805801;0,5745556169698821
Reverberation Time (T-15);0,32998387396803536;0,3748921712416694;0,456802898273378;0,5168309951909503;0,5472303987834186;0,5158575856443669;0,5371223152634644;0,6131715755054705
Reverberation Time (T-20);0,3338189022738487;0,37487399504551255;0,47699330949310864;0,5629395262689436;0,5733354153338744;0,5446510088714125;0,6080784188940687;0,6490328293843985
Reverberation Time (T-30);0,3498004575501362;0,40285394706762817;0,530281887733168;0,6634042669015823;0,6623909133874457;0,6392292483237234;0,7371397494797334;0,7354939229521051
Clarity - 50 ms (C-50);11,80308983014286;10,63177014279291;8,920206261329373;7,75986994535618;7,663427614399815;7,987452534924341;7,9807106434101485;6,88625794606944
Definition/Deutlichkeit (D);93,8161468350394;92,05262914605747;88,63464783247989;85,66580490319808;85,37931111134094;86,29080147153978;86,27774913549582;82,99989030255077
Clarity - 80 ms (C-80);17,6460766052246;15,926478736934612;13,361524300075121;12,290043618021098;11,67595111461565;11,979641425188344;11,973656033948108;10,788534583910288
Center Time (TS);11,760265756132213;12,93315834530815;17,171632301420534;19,90859966476364;20,54733036253001;19,87439468647747;20,065851205389457;23,982725396799545
Strength(G);10,72818542605581;10,73012474779415;11,228698729088094;11,32866588612827;11,485870665361332;11,28061342269924;11,375965971622527;11,691039599417778
Lateral Fraction(LF);2,454201379208238E-08;3,119265146219229E-07;0,00011697660260259929;0,0002990007767330748;0,00029819396876045167;9,456097202949387E-05;3,9473885029138585E-05;1,2761177675565546E-05
Lateral Efficiency(LE);1,1028316674589567E-08;1,6322818557252253E-07;6,473383911868702E-05;0,00017767112291232391;0,00017894523306970946;5,4347492359039735E-05;2,141190776752746E-05;7,323679672119926E-06
Receiver 18;63 Hz.;125 Hz.;250 Hz.;500 Hz.;1000 Hz.; 2000 Hz.;4000 Hz.; 8000 Hz.
Early Decay Time (EDT);0,2821859228846284;0,38923675343883024;0,36716205889823733;0,39768968113333397;0,4144015467896413;0,4034719615178607;0,40432148994534606;0,3893777660793359
Reverberation Time (T-10);0,25506287987421183;0,3105133986719945;0,34952609492892983;0,3908789798454154;0,4228133590800171;0,42037182489156055;0,42259216362624985;0,3951488404740582
Reverberation Time (T-15);0,24948308758601068;0,30685724271561926;0,3885060077745461;0,47067283588854547;0,5010538391180592;0,49046114758153786;0,4915379331262033;0,47052106742221333
Reverberation Time (T-20);0,2570006622593166;0,33586967590942696;0,43175322750705125;0,47879089566111777;0,49415669489056224;0,4846061903939183;0,4853341763730139;0,47570866121273014
Reverberation Time (T-30);0,30327608891339064;0,35862833556769896;0,4066533889090411;0,4360908716428593;0,446358616056098;0,4400941161287296;0,44013415239171455;0,43656268756021405
Clarity - 50 ms (C-50);14,948490538781332;13,304621020534642;11,019074771070896;9,919782858332509;9,441131039403404;9,422490722204751;9,354528864692869;9,695967563393442
Definition/Deutlichkeit (D);96,89921811054394;95,53618887351485;92,67113057286643;90,7552828358584;89,7881184879528;89,74869679650084;89,60382325630796;90,3137208902125
Clarity - 80 ms (C-80);22,446754570992667;19,593501346980435;16,3335077131569;14,77766419572541;14,19965077311484;14,209965914862085;14,132177940423832;14,620605816889508
Center Time (TS);8,083630755962291;8,65374443950813;12,170081685826954;14,455047873579765;15,610723742337306;15,855094120187527;16,04688345736892;15,303931700549146
Strength(G);8,465776670922633;8,05658025989078;8,483337290680076;8,737443636575321;8,902285623841792;9,045915543880156;9,0973366064866;8,988118670630115
Lateral Fraction(LF);2,3358500251508812E-08;2,1564252249303094E-07;8,174702835650688E-05;0,00022198669027593266;0,00023490006999596477;7,816737077030427E-05;3,171510714338634E-05;9,995172243765373E-06
Lateral Efficiency(LE);5,2689775188314956E-09;7,044180734974834E-08;2,9754699487113238E-05;8,522050467637956E-05;9,179797413910939E-05;2,9528157050868654E-05;1,1831765646139868E-05;3,63259847464045E-06
Receiver 19;63 Hz.;125 Hz.;250 Hz.;500 Hz.;1000 Hz.; 2000 Hz.;4000 Hz.; 8000 Hz.
Early Decay Time (EDT);0,3392453641678587;0,4439457141783936;0,45760524073438474;0,4657982323364244;0,47365251937489317;0,477385715996151;0,48139017301748066;0,49327584982649747
Reverberation Time (T-10);0,2811829255286448;0,36774182887124773;0,4057463106829217;0,4435773893431795;0,4902841538172747;0,48285444288885937;0,48520917722082185;0,5340246629861136
Reverberation Time (T-15);0,2828596411152713;0,36188415192833884;0,45974478045052103;0,5193008834070537;0,5345721274570643;0,5352478068866853;0,5299599581043777;0,5709726800946314
Reverberation Time (T-20);0,30607070973505285;0,38224464624000987;0,47642902203269044;0,5060405184642313;0,5444815706270707;0,5288663198782076;0,5201162929330889;0,5781511261991444
Reverberation Time (T-30);0,32719142239945764;0,3872264866120393;0,48124216433135697;0,5265972727898717;0,5877400706711431;0,541114482319538;0,5541156638643204;0,6482176936178897
Clarity - 50 ms (C-50);13,34079459638092;12,49704291927938;10,218906261968515;9,51431394892744;9,131639186986355;9,14258286563665;8,85984301296422;8,274205689034055
Definition/Deutlichkeit (D);95,57157510068596;94,67254534712617;91,31716051459969;89,94159350774883;89,11592779473453;89,1403450968603;88,49387913898643;87,04796384638297
Clarity - 80 ms (C-80);19,34451813105512;17,505743286087746;14,639188641409422;13,60900887259893;12,838097374068466;12,943118142721229;12,836534277160645;12,082923941743413
Center Time (TS);10,278005575045228;9,705115018576162;13,785942821808455;15,837595233647278;17,130715064994753;16,73888027172518;17,596994727984608;19,7609705223286
Strength(G);9,330125289194712;8,848265739075828;9,228109431145839;9,395877769692717;9,589301799496639;9,571977072571002;9,665496733915532;9,93588582863704
Lateral Fraction(LF);2,1609408558960496E-08;1,9367412372862043E-07;7,573925307905466E-05;0,00020948642899795139;0,00022109727639452902;6,751550586221038E-05;2,885635914954866E-05;9,546550911170129E-06
Lateral Efficiency(LE);7,656326487650816E-09;9,26068853149117E-08;3,8762282195233956E-05;0,00011826491422652388;0,00012088544649159752;3,318387810502258E-05;1,494403218750757E-05;4,952394544728167E-06
Receiver 20;63 Hz.;125 Hz.;250 Hz.;500 Hz.;1000 Hz.; 2000 Hz.;4000 Hz.; 8000 Hz.
Early Decay Time (EDT);0,33803160728908044;0,40682445093786895;0,48980234058083244;0,5090255904371742;0,5305105124761463;0,49648080360458297;0,5244262722592486;0,5748424934093191
Reverberation Time (T-10);0,3095375142830163;0,3730591537337229;0,4684983689291839;0,5252764314471676;0,5650176529737545;0,5453495655116231;0,5376016153552015;0,6321018232248813
Reverberation Time (T-15);0,3140557706876425;0,3839608687037827;0,49556754637399747;0,5724041690137085;0,6059302061720087;0,5846030830120023;0,5712784986936275;0,6521186756608388
Reverberation Time (T-20);0,3325956716215389;0,3990208280159851;0,5197266140851156;0,5704985621740706;0,6311374170247913;0,6050552402200865;0,5851893033797677;0,6711656426139015
Reverberation Time (T-30);0,34914748461567136;0,4102786919888519;0,540018904607861;0,6369350421457985;0,698114003370892;0,6634685774874941;0,6864182654641482;0,7280218552991505
Clarity - 50 ms (C-50);11,896794471227674;11,145479256213815;8,838079875210378;8,434732069451783;8,151312846764597;8,787727724879327;8,047217752280565;6,667836320184818
Definition/Deutlichkeit (D);93,93083774009871;92,86637054398994;88,44275605905145;87,45902190763248;86,72557009150722;88,32371812688908;86,44719658772921;82,27842430793447
Clarity - 80 ms (C-80);17,623290566137694;15,883245894881082;12,87155052417887;12,050823880953356;11,50938211502976;12,039937819917526;11,598287070627748;10,104355992550238
Center Time (TS);12,72363837988537;12,29912506179356;17,44652813248989;19,693290552378553;20,344206259266148;18,728553111890015;20,782595270579744;25,7950650159203
Strength(G);10,411856211731344;9,867198348215897;10,237085984972701;10,314599952061641;10,424490016305434;10,317006242735907;10,50909949229547;11,07658854630462
Lateral Fraction(LF);2,5388160007367016E-08;2,5893082554494466E-07;9,217200818101733E-05;0,00025093305639326083;0,00024137429707247706;7,570331381472285E-05;3,2801386039169164E-05;1,0898550087841946E-05
Lateral Efficiency(LE);1,0532625459425461E-08;1,4163463537140252E-07;6,0747879311825954E-05;0,00017585951534882261;0,00016274754953346133;4,200231782202839E-05;2,147956640299921E-05;7,0701118396682545E-06
Receiver 21;63 Hz.;125 Hz.;250 Hz.;500 Hz.;1000 Hz.; 2000 Hz.;4000 Hz.; 8000 Hz.
Early Decay Time (EDT);0,33423470235699093;0,380247766160835;0,45314847936101865;0,5010593220535945;0,5264529069087447;0,49899912276129615;0,4884077204346216;0,5806556369543558
Reverberation Time (T-10);0,3204378422928932;0,37223293824456943;0,49816447330809843;0,5639084550812136;0,610874673462845;0,5669504878923074;0,5640083829276782;0,6641188593521186
Reverberation Time (T-15);0,3329688466840042;0,3991299276433588;0,5342585398690535;0,6283385867718427;0,6636841391796188;0,5876213964409898;0,6046758328549726;0,6888961402875149
Reverberation Time (T-20);0,34857055926691133;0,4144090415561214;0,5519029457966135;0,6522760073066467;0,7216021920906415;0,6221153695777738;0,6618927546182611;0,7203991293682513
Reverberation Time (T-30);0,36135642908010074;0,4300758858988487;0,6028736546351289;0,7836254894504032;0,8107851332362863;0,7086567338836426;0,800243563560043;0,7890502306840071
Clarity - 50 ms (C-50);10,75452242958253;10,326758039954262;8,389800480266258;7,79148187526956;7,5633143973250725;8,00284067959404;7,783957446896351;6,053041206144334
Definition/Deutlichkeit (D);92,24650225558219;91,5291249005119;87,34893176601084;85,74693043400225;85,0965247268863;86,33515217207315;85,75026121916227;80,15284207360742
Clarity - 80 ms (C-80);16,405993725108168;15,009279276838345;12,200762429748544;11,37346730509472;10,635247629835078;11,598285529116852;11,209821483782015;9,24740183253682
Center Time (TS);15,617709789456942;15,20914808107652;20,06554393357235;22,457743304967423;23,301312996202842;21,273618412046744;22,899127265449973;29,754252998535186
Strength(G);11,27522201965434;10,782639243106626;10,986562497096223;11,136747167131972;11,076454416381992;10,972934933393965;11,13743786805076;12,160494027316936
Lateral Fraction(LF);3,451989975548604E-08;3,7405244110032407E-07;0,00012913059377461932;0,000335035319455631;0,0003179263009831235;0,0001002079847970791;4,12750229329491E-05;1,4809629724612813E-05
Lateral Efficiency(LE);1,3965483609378205E-08;1,8886913361650076E-07;6,850929611409543E-05;0,0001831685739742206;0,00017016447633935885;4,860145608657113E-05;2,26779677588951E-05;8,466298465408545E-06
Receiver 22;63 Hz.;125 Hz.;250 Hz.;500 Hz.;1000 Hz.; 2000 Hz.;4000 Hz.; 8000 Hz.
Early Decay Time (EDT);0,33629915210755407;0,3808143881419313;0,44738749219514057;0,5006427766716944;0,5307011474317735;0,48230008735786956;0,4927569610512029;0,5688289911388249
Reverberation Time (T-10);0,33040749616733844;0,37434800743963464;0,5064696706806802;0,5727487167279394;0,6090975716534994;0,5558698777781222;0,5679031064713832;0,6596857903907389
Reverberation Time (T-15);0,33905115917374684;0,3983087133040853;0,5377861790029171;0,6283619404819599;0,6560675878159463;0,5999869932662422;0,6381005004210522;0,7015902679598429
Reverberation Time (T-20);0,3533660468107511;0,41519639084642584;0,5507308562958508;0,6629458103926108;0,7239512689594944;0,6636583166681538;0,6869449682541682;0,732571309477807
Reverberation Time (T-30);0,3673635135918622;0,43781365008651946;0,5985305287730952;0,7920261989339443;0,7795017297278664;0,7419229678671774;0,7963512546488571;0,7932472065798588
Clarity - 50 ms (C-50);10,44724561714024;9,824918909536182;8,071687317075174;7,277981817316058;6,900114859007047;7,666243521033765;7,354342003731568;5,7889204024026775
Definition/Deutlichkeit (D);91,74198195438498;90,63968754407186;86,5229788904206;84,2784321675106;83,08330570974194;85,41276129720329;84,47240481313953;79,16881810900793
Clarity - 80 ms (C-80);16,30124079359517;14,909274068070284;12,033798656240855;11,162366368057238;10,513537270694918;11,613295107909192;11,441139951785281;9,409534365046358
Center Time (TS);15,959469871922368;16,446506504792623;21,344498667671637;24,400580379425094;25,43124897401549;22,970643995532356;23,933348920470994;30,90221956138051
Strength(G);11,16096652893247;10,727086640777827;11,202243283610258;11,16161607981325;11,26039385242084;10,934108043135993;11,278346109958456;12,192149667809943
Lateral Fraction(LF);3,5999414900411385E-08;4,170430026645245E-07;0,00014437089420540807;0,0003719948820640181;0,00037019453038608945;0,00011768617458276701;4,70043981727136E-05;1,6530673445514523E-05
Lateral Efficiency(LE);1,3919805627181473E-08;1,9710431779854296E-07;7,34537791528381E-05;0,00020231881231136162;0,00019014331972804258;5,778048870638546E-05;2,297258995706523E-05;9,070875664149553E-06
Receiver 23;63 Hz.;125 Hz.;250 Hz.;500 Hz.;1000 Hz.; 2000 Hz.;4000 Hz.; 8000 Hz.
Early Decay Time (EDT);0,31662913808139975;0,3885413922587255;0,44258680725977617;0,4709880713482239;0,48060156876176274;0,44536455653797347;0,48668081823003884;0,5332440943877337
Reverberation Time (T-10);0,3085201937801176;0,37090350491951124;0,48918162821759287;0,5092900133007485;0,5565814516069474;0,4987914801425157;0,52059468571143;0,619819846356673
Reverberation Time (T-15);0,3265716287432511;0,3709193805914437;0,5035899449426697;0,5707086952723207;0,5804295636340286;0,5474619410077927;0,5695986032588994;0,6541900491810569
Reverberation Time (T-20);0,3361980702104104;0,38743752546694377;0,522042559333329;0,5884300639424307;0,6052332304484481;0,5780074976791638;0,6105612298271662;0,6749012405270036
Reverberation Time (T-30);0,35322815673344865;0,41207834284508227;0,5505882414242981;0,6984237987389725;0,694331017552744;0,6700270657515899;0,7012334748172998;0,7360288405816087
Clarity - 50 ms (C-50);11,52992941248269;10,185359556913916;8,278737732239305;7,592474440197393;7,4139609352433755;7,924162246767042;7,475466413035421;6,4649135871352845
Definition/Deutlichkeit (D);93,43101704259074;91,26786968041739;87,0597246902711;85,17430020665876;84,65027050498219;86,1117867626132;84,83725691096399;81,62755259086214
Clarity - 80 ms (C-80);17,25797506239833;15,6497668131236;12,333906648797559;11,6955221986716;11,249055850773072;12,211097164606532;11,83428730615476;10,193010766835036
Center Time (TS);13,63009491424128;14,767259564925432;19,91956732828385;22,893269117944843;22,97607037443929;21,30400244896825;22,37191841738178;27,02959664351769
Strength(G);9,619648374706191;9,386203292575612;9,894425072623505;10,097549116597797;10,224399002204123;10,106994375280323;10,200516871191056;10,620311800743657
Lateral Fraction(LF);3,0155730056483574E-08;3,4924086185576683E-07;0,00012727904731592564;0,00035581030322821307;0,00034983505886851873;0,00011022247977034021;4,372526764562615E-05;1,4218166674428902E-05
Lateral Efficiency(LE);1,0574603099440038E-08;1,583058492217154E-07;5,815144603750206E-05;0,00018283296067653337;0,0001641465653761759;4,931047875650726E-05;2,0301682012903032E-05;7,067225533870378E-06
Receiver 24;63 Hz.;125 Hz.;250 Hz.;500 Hz.;1000 Hz.; 2000 Hz.;4000 Hz.; 8000 Hz.
Early Decay Time (EDT);0,22686824172378695;0,3039636741839709;0,3484706130195005;0,39418411083111154;0,40859789592582335;0,4003923326366358;0,3995283934608778;0,38615557360628955
Reverberation Time (T-10);0,2578398995795659;0,30574657035644315;0,3773812055128596;0,4374470239340781;0,48341461389779605;0,478565830558276;0,47990303163095677;0,4423896215441063
Reverberation Time (T-15);0,2519169054119251;0,316795981023896;0,4482731030774254;0,5162851792920197;0,5364898501163097;0,5275071104773601;0,5272039053529035;0,507821212053146
Reverberation Time (T-20);0,2653021086816653;0,3682425159348818;0,45884693062037774;0,49956511135605386;0,5096917665858085;0,501174197254855;0,5017537282104215;0,488472247714283
Reverberation Time (T-30);0,3093236084756255;0,3773848420524173;0,43884760340375906;0,47012364652940075;0,4765524650629784;0,4692326884940748;0,47111275183471074;0,46422504664178327
Clarity - 50 ms (C-50);15,071341339722718;13,169446595900446;10,83700367886326;9,665873575111787;9,203092589248266;9,193777261447186;9,15560331007745;9,483038719709466
Definition/Deutlichkeit (D);96,98309317573856;95,40155704532546;92,3812541570733;90,25293268703085;89,27448632215885;89,2539309599444;89,16933335914705;89,87625713039643
Clarity - 80 ms (C-80);22,437241319401796;19,101106692677195;15,817835574141787;14,203611547292866;13,614100018136764;13,645381190214643;13,578403126631857;14,043157745944931
Center Time (TS);8,744263765366503;9,521405662107277;13,399240315896046;15,977585310815526;17,228540431600376;17,4420552183637;17,64845600038393;16,87125481510119
Strength(G);7,406488176462492;6,8889185479154875;7,404475935922058;7,692283152258064;7,890453307960925;8,03199405065807;8,08938161026753;7,987045780943824
Lateral Fraction(LF);3,197999898109551E-08;2,9279610533368406E-07;0,0001073457207386006;0,0002865677695985312;0,0003006638270846802;9,962344466712066E-05;4,0417474370567515E-05;1,2881537227419442E-05
Lateral Efficiency(LE);4,427876149148814E-09;6,345539934235829E-08;2,7091217260467746E-05;7,902807480803999E-05;8,33566962823189E-05;2,6825421137255445E-05;1,0675776722221231E-05;3,341414093609436E-06
Receiver 25;63 Hz.;125 Hz.;250 Hz.;500 Hz.;1000 Hz.; 2000 Hz.;4000 Hz.; 8000 Hz.
Early Decay Time (EDT);0,27020757732501766;0,33485172274823277;0,4036865618511692;0,44620807252444;0,4570024319017913;0,437465913228541;0,44161030143015256;0,47085682373634363
Reverberation Time (T-10);0,28049246323312677;0,3376928242201849;0,4702925346807924;0,5272541755884165;0,5291512324473459;0,5292874769745616;0,5608452918608492;0,5764706235680713
Reverberation Time (T-15);0,2997739959412864;0,37641478072736717;0,5039139170666153;0,5487642765938996;0,5468092255528018;0,5527872951828094;0,5760666386778623;0,6038542841880433
Reverberation Time (T-20);0,3174985380041253;0,38758176878473843;0,5052444670081153;0,5587848497733906;0,5510348806299199;0,5447873975641111;0,5752156374959534;0,6172123392110133
Reverberation Time (T-30);0,33291363931708895;0,39755169781990324;0,49387738070621756;0,572003481668559;0,6174382449427304;0,5696311509842121;0,6197410166155546;0,6645061576776953
Clarity - 50 ms (C-50);12,962057220599707;11,567869165885662;9,479845630370251;8,446423611056812;8,104799537470026;8,365096789071739;8,174255492117137;7,521400148468942
Definition/Deutlichkeit (D);95,18746354520498;93,48443066209666;89,86956537326822;87,48851942723559;86,60178640898263;87,28209739149754;86,78626879980246;84,96509958305765
Clarity - 80 ms (C-80);18,67784135195452;16,676299603243706;13,649310644711953;12,48668063826949;12,151386641015609;12,301994066595714;11,983552297041705;11,394376911551603
Center Time (TS);11,831416388589604;11,8545571585525;16,269507358868108;19,05671912995875;20,224969124917454;19,881934439079636;20,595907732706127;23,127244964511
Strength(G);8,309594116906851;7,705696892911764;8,087935435218803;8,38795507897322;8,60680581886649;8,625281351823695;8,757419687360866;9,01553816233092
Lateral Fraction(LF);2,9531004791747794E-08;2,6557613707430114E-07;9,94038784994575E-05;0,0002630606105848494;0,0002808536375719687;9,072196497157316E-05;3,702417354569899E-05;1,205738291574971E-05
Lateral Efficiency(LE);6,582773719866695E-09;8,708456398009663E-08;3,5972931884100567E-05;0,00010105851741779808;0,00011009642865505474;3,447559319506827E-05;1,3354750403353755E-05;4,8517332710664274E-06
Receiver 26;63 Hz.;125 Hz.;250 Hz.;500 Hz.;1000 Hz.; 2000 Hz.;4000 Hz.; 8000 Hz.
Early Decay Time (EDT);0,3017008384310219;0,3732555716306966;0,4797314531069264;0,47882240128698333;0,5127168485277026;0,47373623646815444;0,49813130638622216;0,566180244371245
Reverberation Time (T-10);0,30578087895229655;0,3823617412437158;0,49431538291075805;0,5787954235444569;0,5841052089387636;0,5973907629490274;0,5938600045547929;0,6634342924469646
Reverberation Time (T-15);0,32495919921003436;0,397527775143248;0,5333455259846809;0,598933418974883;0,6393240142732578;0,6307642339955467;0,6260735745050795;0,6912222631356946
Reverberation Time (T-20);0,3364305856712372;0,41306953986657247;0,554406805292579;0,615135390605022;0,6831505950668867;0,653125639612565;0,6445831755618416;0,6981568286316194
Reverberation Time (T-30);0,353481141980496;0,4242543754577919;0,551912117016661;0,6540644922611244;0,716262709054875;0,6939231913577557;0,7002070282929906;0,741008799621495
Clarity - 50 ms (C-50);11,336572854686981;10,194715358639137;7,781625508243434;7,475582326756582;7,069206703378912;7,70690193932317;7,14758982558444;5,8336965747021345
Definition/Deutlichkeit (D);93,15242379502587;91,2728933738127;85,7146043263393;84,82983247751095;83,58604918139393;85,50262838641895;83,83217026750124;79,30252532674768
Clarity - 80 ms (C-80);16,964536702655263;14,956161341750269;11,840965870786428;11,151820868003409;10,480090812906047;10,899104897483621;10,502706011516146;9,211021852080156
Center Time (TS);14,932260461951918;15,192428215814461;21,530220235730848;23,27989504340025;24,966224043626323;23,21210207788293;25,14704152850355;30,682369988692358
Strength(G);9,332895551693163;8,483397796145276;9,016740773839828;9,236010110122173;9,401649436705661;9,248880866054776;9,533102050026073;10,186978833504199
Lateral Fraction(LF);3,1554406583665783E-08;3,2929826107912755E-07;0,00012086175446722529;0,00032492139361634025;0,00031226679990682026;0,00010255431763843184;4,301832123118297E-05;1,4403172757801954E-05
Lateral Efficiency(LE);1,0798870934407277E-08;1,4305181755053221E-07;6,438859309118285E-05;0,00015390003580049964;0,00016288664773665007;4,4375585643430447E-05;2,0476622145301085E-05;7,371210772198598E-06
Receiver 27;63 Hz.;125 Hz.;250 Hz.;500 Hz.;1000 Hz.; 2000 Hz.;4000 Hz.; 8000 Hz.
Early Decay Time (EDT);0,320010358379305;0,37848273795391796;0,46700811915920387;0,49287995592031664;0,549305236159222;0,5160214030257723;0,5129574293777345;0,6030840029472111
Reverberation Time (T-10);0,3249518187587195;0,3926793380705128;0,4978679246475687;0,6109408100748338;0,6185856168673106;0,5757622972264643;0,5970230000446428;0,6850666083070108
Reverberation Time (T-15);0,3357120774275644;0,40984933257674827;0,5512702982036305;0,6622155218857118;0,7220727664529111;0,6308023689341707;0,6635275794227207;0,721933277489527
Reverberation Time (T-20);0,34856521356487263;0,4301856928990351;0,5776721085458407;0,6949651194646241;0,7613066629341729;0,6849987619234249;0,7364120866254171;0,7480002354735962
Reverberation Time (T-30);0,3688853924204441;0,4460774753430257;0,6169269864075562;0,7951081872971493;0,8169696446950612;0,7710244933107132;0,8273036830555487;0,7997669215160514
Clarity - 50 ms (C-50);9,922264765288883;9,042883133030037;6,915822025876928;6,609675496732105;6,040900813106336;6,565633846503082;6,3955256948426795;4,737489534119194
Definition/Deutlichkeit (D);90,780552615566;88,91611149570909;83,11427892132868;82,09428868494903;80,08166175529178;81,93577356920983;81,35614423763954;74,85412359901274
Clarity - 80 ms (C-80);15,767514185678786;13,768729387995934;11,102495778679469;10,340053325493306;9,807999704015094;10,359300521607373;10,051034185647579;8,258003965982914
Center Time (TS);18,411335270642528;19,419860343918433;25,408217496123427;27,89177520885174;29,863878003553182;27,041238754154552;28,938467962989744;36,60029885196484
Strength(G);10,449990068597643;9,59611188752826;10,19689569674832;10,44688512663923;10,463674845790756;10,020819218496342;10,38894592977536;11,574679259364046
Lateral Fraction(LF);4,460762969421807E-08;4,910496513126391E-07;0,00016549672355172784;0,000442025478728814;0,00044363034204070786;0,00013359775609781216;5,483005987136124E-05;1,9286100103323425E-05
Lateral Efficiency(LE);1,655198406930964E-08;2,3082943825194E-07;9,107231247910094E-05;0,00022047897298701845;0,00023359375357498278;6,204515349544007E-05;2,881976737262644E-05;1,056603419562867E-05
Receiver 28;63 Hz.;125 Hz.;250 Hz.;500 Hz.;1000 Hz.; 2000 Hz.;4000 Hz.; 8000 Hz.
Early Decay Time (EDT);0,32728064771821314;0,3822135995657784;0,46573492749792833;0,49135108701438807;0,5282901265179993;0,47502434287924045;0,4835477041779209;0,5937944202119332
Reverberation Time (T-10);0,3283612658305515;0,38233743364162337;0,5118923519622571;0,5909301666992803;0,6171348788989429;0,567307952922958;0,5808345594379375;0,692707409107275
Reverberation Time (T-15);0,33872509302540776;0,403081156854816;0,5480326745509478;0,6559472782494097;0,7232064979270318;0,660400142175095;0,6883886288934173;0,7307446112226601
Reverberation Time (T-20);0,35015602596995454;0,4235976689888984;0,573313418151043;0,6987774135008092;0,7643959984437311;0,7182282155887106;0,7364091202472867;0,7546284658671519
Reverberation Time (T-30);0,37053848123467126;0,448273357992651;0,6169370974617857;0,8125205382580026;0,8011760101785111;0,7723474255223111;0,8306364678753397;0,8071497155467363
Clarity - 50 ms (C-50);9,74491083387306;8,67678227922042;6,772540001295592;6,180819359962496;5,8061625365994;6,599955481448834;6,306354025980192;4,516154766198609
Definition/Deutlichkeit (D);90,41186092262934;88,09201680668893;82,65092225523676;80,69562423339713;79,20661588362682;82,04936975183516;81,0402041103395;73,956250778039
Clarity - 80 ms (C-80);15,663706404437539;13,607376119525068;10,80771000186051;10,312655370880169;9,838607098012098;10,677679817784394;10,463600327927898;8,229006876261868
Center Time (TS);18,709333897057203;20,782581938695902;26,61492760919478;29,915895464863116;31,075481783410815;27,919922129464783;29,0952819606554;37,38360970275001
Strength(G);10,520873060328654;9,87404452599154;10,550924960386453;10,790412408423492;10,796089980423062;10,426142140859127;10,781937101763276;11,768105892781314
Lateral Fraction(LF);4,396404083780846E-08;5,523297109316947E-07;0,0001902749026258487;0,000490423666677172;0,0004943015389793397;0,00015213277390216726;6,210849190487313E-05;2,0566267995132782E-05
Lateral Efficiency(LE);1,6055347677544896E-08;2,4834422126441496E-07;8,824204918510919E-05;0,0002628766952243262;0,0002473766504738091;6,998748538632314E-05;3,005890189735373E-05;1,0432412066100943E-05
Receiver 29;63 Hz.;125 Hz.;250 Hz.;500 Hz.;1000 Hz.; 2000 Hz.;4000 Hz.; 8000 Hz.
Early Decay Time (EDT);0,30397111724674053;0,37145790918823973;0,44200761681772655;0,4836671380067973;0,4731367529085501;0,44049402458879977;0,47808482210156006;0,5607073924875929
Reverberation Time (T-10);0,3173587839639774;0,3873843451750342;0,49651696800271444;0,5153469855851424;0,541159820914787;0,5159342050588012;0,5145497071507211;0,6298002887611956
Reverberation Time (T-15);0,3313628385283804;0,3839947485538912;0,515031435568114;0,5911896637276536;0,6006226954199262;0,6076090103525115;0,5982058035198686;0,675487389340449
Reverberation Time (T-20);0,33275681930327844;0,3964466398581602;0,5481965512755642;0,6241218615281028;0,6527307754125974;0,6441182180769685;0,651146506799255;0,6950234488377779
Reverberation Time (T-30);0,3579718208930826;0,4267019636708101;0,566818603038714;0,7020932149766402;0,7451872654946459;0,7023693155764889;0,7369936861239281;0,7434432156501224
Clarity - 50 ms (C-50);11,159573754564372;9,562836087089385;7,67626852177869;6,872817260403777;6,964142159687382;7,460664179056792;6,8345583217505625;5,576381269205374
Definition/Deutlichkeit (D);92,88784045233768;90,04221879701146;85,41497534264386;82,95617738677389;83,25143791764344;84,78557475540785;82,83125961488746;78,31314646242427
Clarity - 80 ms (C-80);16,64872300384072;14,433092109603853;11,416441133602873;10,937737539596986;10,853414572036979;11,412899079586731;10,91293267486227;9,168447780188272
Center Time (TS);15,318702938719207;17,550257326584866;23,504072253641905;26,034806397196544;26,249489767563976;24,778881053388552;26,24310153165785;31,57894550396883
Strength(G);9,061440662800791;8,588379618955614;9,303176707943692;9,6408978120852;9,737744505284795;9,51460046905705;9,749795621012368;10,168429285798872
Lateral Fraction(LF);3,609662015670967E-08;4,3554027866358144E-07;0,0001593185314869725;0,00041736357165650926;0,0004237845561067904;0,0001313934047175479;5,3571034830428546E-05;1,6972031691689782E-05
Lateral Efficiency(LE);1,126261873590972E-08;1,782937202539453E-07;6,677683569917314E-05;0,0001868472430412434;0,00018721687876094403;5,302656565859554E-05;2,2283690297764083E-05;7,654619107378829E-06
Receiver 30;63 Hz.;125 Hz.;250 Hz.;500 Hz.;1000 Hz.; 2000 Hz.;4000 Hz.; 8000 Hz.
Early Decay Time (EDT);0,202246543937499;0,23148189108952388;0,33355902609028043;0,38509358523257553;0,3957298907954097;0,39050801435382293;0,3866763841016926;0,3770854283388794
Reverberation Time (T-10);0,2751811717491353;0,3238196599559283;0,41610745856816334;0,5140404281026668;0,5492987796209998;0,5365645832982553;0,5379131874345409;0,504640388024411
Reverberation Time (T-15);0,2555732308698765;0,3594917950382404;0,46513702100013765;0,5340315015030188;0,5507194874254545;0,5385272374136787;0,5381906782591573;0,5179765720499732
Reverberation Time (T-20);0,28802512753806586;0,3819093196618826;0,4636945669646572;0,49043750068859054;0,487456027966749;0,4798385287536907;0,47913620597103124;0,47173235467511887
Reverberation Time (T-30);0,3118102014607178;0,3652423111168923;0,4206458153248989;0,4600757501179258;0,461395131341821;0,45314840830930303;0,4527915130537553;0,4518354011824204
Clarity - 50 ms (C-50);14,80397063150767;13,069727967911618;10,623763122055971;9,49850653554296;9,056404309238589;9,052101566466916;9,030521942248573;9,338623192080163
Definition/Deutlichkeit (D);96,79765746269464;95,29977056127102;92,02839897328592;89,90861753522002;88,94675768981757;88,93701343888068;88,88802939252264;89,56965696657775
Clarity - 80 ms (C-80);21,085984683006686;17,981049222037072;14,77883124109974;13,258915061930859;12,71973443663091;12,823982635348827;12,82479973958961;13,23702105540795
Center Time (TS);9,026123729442839;9,854028840770688;13,838731434354989;16,380012530522162;17,623289984786034;17,766068582941045;17,944171788830783;17,10771215237642
Strength(G);6,524063673657302;6,045552120702109;6,638824071323796;6,950564533609182;7,191630340738939;7,34876853353272;7,437912535671856;7,2666378828962195
Lateral Fraction(LF);2,7215043152338736E-08;3,1170301888432924E-07;0,00011392431300115253;0,0003048799865587537;0,00031763297510362955;0,00010419023765167069;4,1984296695647403E-05;1,3158404983494816E-05
Lateral Efficiency(LE);4,1022885889652546E-09;5,24180186811654E-08;2,246516285729569E-05;6,532087555299393E-05;6,94678701853168E-05;2,2633874969172556E-05;9,068641088598361E-06;2,7736674091745503E-06
Receiver 31;63 Hz.;125 Hz.;250 Hz.;500 Hz.;1000 Hz.; 2000 Hz.;4000 Hz.; 8000 Hz.
Early Decay Time (EDT);0,2661049923240729;0,3175861593912232;0,42441893428009664;0,4596061744121378;0,47501794196981223;0,4509067632370937;0,4525930651235046;0,496212814934638
Reverberation Time (T-10);0,30257971963369185;0,35512095092962687;0,49887989820118106;0,5798153808865154;0,5508994261415815;0,5460581932049795;0,5709585076173327;0,5786249989335328
Reverberation Time (T-15);0,3210352267177592;0,3926234937004228;0,5064774588043945;0,5616639961974925;0,5417168056075841;0,5264238347304272;0,560236115787218;0,5701702027328424
Reverberation Time (T-20);0,3255287695039675;0,39580404719875567;0,5026895544494862;0,5755461228258775;0,5588428477833801;0,5242528842933373;0,5534519366262123;0,6075203853694722
Reverberation Time (T-30);0,3314511428827881;0,39066895265834556;0,4980541502439939;0,5900308626688151;0,66893728819886;0,5718598357747715;0,6203037820133434;0,688438591338044
Clarity - 50 ms (C-50);12,655325950099298;11,314370062991635;8,802689115209546;8,11714901647361;7,508128912565782;7,880902726508728;7,754263013475164;6,919246969076161
Definition/Deutlichkeit (D);94,85340121376002;93,1197415018504;88,35919914955345;86,63474631784277;84,9260216014396;85,99223175943507;85,63728369690932;83,10680195193501
Clarity - 80 ms (C-80);18,05588509106403;15,846697041190364;12,865264058604248;11,405299069496493;11,1752745480876;11,581455489904373;11,323410474694986;10,458912458964127
Center Time (TS);12,006371396979151;13,11704360996065;18,177102015252228;20,865103488621;22,695233122667716;21,43325457346744;22,18337804331135;25,12569291493571
Strength(G);7,314619344759542;6,7644640854669404;7,273228910607017;7,520809157475284;7,816173240754097;7,847158908712501;8,000882622644262;8,300302167131392
Lateral Fraction(LF);2,7359282086037277E-08;2,617848997807656E-07;9,90864249423274E-05;0,0002619042006462259;0,0002732335459683056;8,80142204174411E-05;3,550151213910012E-05;1,1365328549481011E-05
Lateral Efficiency(LE);4,811461992419612E-09;6,605913416209452E-08;2,7602511014061505E-05;7,74919068360492E-05;8,539250724981179E-05;2,6336579202118572E-05;1,0154781369981694E-05;3,7392744018211575E-06
Receiver 32;63 Hz.;125 Hz.;250 Hz.;500 Hz.;1000 Hz.; 2000 Hz.;4000 Hz.; 8000 Hz.
Early Decay Time (EDT);0,292121210330008;0,37931231697907997;0,46333993257470235;0,5034242247038596;0,5055711021912386;0,47441536883259827;0,4825197576746177;0,5699214371208813
Reverberation Time (T-10);0,3157395399669398;0,3886790982203187;0,5074241114026866;0,6045239353321274;0,5949112502234298;0,5644839112352972;0,6083686220228532;0,6563753073456341
Reverberation Time (T-15);0,33322315979927114;0,40081319225062373;0,550056816898545;0,6296298688868531;0,656504195902665;0,6123901573953516;0,6468329923846232;0,6921208040330095
Reverberation Time (T-20);0,34136937190876493;0,41374596118532253;0,5562156071169801;0,6494614563689314;0,7091790465554488;0,6507693373057442;0,680124635336177;0,7147084537167371
Reverberation Time (T-30);0,35663736375589894;0,4248719010607173;0,5734107362709017;0,6859533274435635;0,7709321106286763;0,7072703829261353;0,7204680745999571;0,7601862563014365
Clarity - 50 ms (C-50);10,888929292380693;9,25340349086373;7,079324944538612;6,493273934966628;6,224990789599071;6,719301654164701;6,5752751655845945;5,2340973500755394
Definition/Deutlichkeit (D);92,46498093950967;89,38490612359011;83,61798865437426;81,68472452109914;80,74238519112536;82,45055395190674;81,96551804797213;76,94477360731616
Clarity - 80 ms (C-80);16,683019145439385;14,300588527639235;11,482574396482368;10,46742519448449;10,211360813350135;10,677639436093923;10,480823376514088;8,837704827053924
Center Time (TS);15,684249023650198;17,460408326737866;24,017221699217288;26,733221143481376;28,166319813776465;26,310438858446453;27,11349380535708;33,59144583052478
Strength(G);8,534401526774676;7,708964041988658;8,393038257922413;8,59883467124525;8,803718594253795;8,80192655317525;8,965414089351306;9,80255521338701
Lateral Fraction(LF);3,516959579614019E-08;3,1819679124419784E-07;0,00011260305064298555;0,0003005516963610266;0,0003153514949805721;9,99840676887427E-05;4,187582453512241E-05;1,3825413395321071E-05
Lateral Efficiency(LE);8,376343111351707E-09;1,2054143340850478E-07;4,69222211184935E-05;0,0001171294595349543;0,00013578884931910194;3,781094825861034E-05;1,5502067852015437E-05;6,3590372225324146E-06
Receiver 33;63 Hz.;125 Hz.;250 Hz.;500 Hz.;1000 Hz.; 2000 Hz.;4000 Hz.; 8000 Hz.
Early Decay Time (EDT);0,31553828754936525;0,3898822121848357;0,49484529978960934;0,5352869483605083;0,5577580415357472;0,5398253075881686;0,5432339309406562;0,6497040030843427
Reverberation Time (T-10);0,3423721953286074;0,4137419765913999;0,5480170039485796;0,6714953430270604;0,6777898701838863;0,6302914293831732;0,6726111952654183;0,7171256112211698
Reverberation Time (T-15);0,3543230512607322;0,42760463193172055;0,5775038302993702;0,6994751764226295;0,7728491013330963;0,6815668803459336;0,7220757633757469;0,743350433568556
Reverberation Time (T-20);0,3608366317917999;0,4394284739435424;0,5880334164762147;0,735910193707544;0,7922355391587783;0,7293022815283563;0,7727520583289248;0,7660165896406148
Reverberation Time (T-30);0,37438282816625224;0,45387151602206044;0,6218493897693431;0,8096931104764508;0,8273274330784766;0,814429046217453;0,8363111635912513;0,8075840973072737
Clarity - 50 ms (C-50);9,36690082524383;7,84566941662313;5,802463390446348;5,601988480649503;4,82707621960579;5,458058659797849;5,375280616617476;3,7925339608327935
Definition/Deutlichkeit (D);89,63521608093498;85,89422300004392;79,18423461901313;78,41565236897966;75,24040645424716;77,84686231692177;77,5164127145149;70,56436154815927
Clarity - 80 ms (C-80);15,076055714112986;12,798730768951705;9,978187795601583;9,170991440772912;8,820398601639464;9,341555414163174;9,021794606588807;7,2591551111497585
Center Time (TS);19,901637281304698;22,998111320990365;30,462519791112936;32,607941583475714;35,66486276003881;32,2100364118924;33,87956185918991;42,06569087400302
Strength(G);10,350692269689347;9,493618516905912;10,354489108550382;10,736064502184341;10,727655240722207;10,258416940224734;10,62008949835473;12,001367737829092
Lateral Fraction(LF);5,271031210199479E-08;5,912701235725508E-07;0,00020628231306490615;0,0005339024034678204;0,0005151388270646291;0,00015270280706129315;6,549931575387149E-05;2,168835836821979E-05
Lateral Efficiency(LE);1,6382338747632846E-08;2,517372676486682E-07;9,490243988471422E-05;0,00021926664214872436;0,0002479094703299829;6,590236873294912E-05;2,8760275785240547E-05;1,104020951446088E-05
Receiver 34;63 Hz.;125 Hz.;250 Hz.;500 Hz.;1000 Hz.; 2000 Hz.;4000 Hz.; 8000 Hz.
Early Decay Time (EDT);0,3306014279491992;0,40045494703857504;0,4832896735511394;0,5152882012858183;0,5513497123368132;0,5129781135951725;0,5231468675198472;0,6427303448849274
Reverberation Time (T-10);0,33749298969914443;0,40488426695542135;0,5345386898870209;0,6291762553839758;0,6533527915428502;0,6174995507682667;0,6608095911309176;0,7122501927432366
Reverberation Time (T-15);0,3518557693744296;0,4164270922825805;0,560665247990754;0,6782044293831129;0,7435729143743093;0,6970637647380178;0,7244391316823524;0,7501510606974772
Reverberation Time (T-20);0,3616434388253968;0,43511499983908475;0,5810929760017881;0,7245956403825388;0,7841939651468637;0,7426295438399102;0,7619452697326194;0,7690811038588845
Reverberation Time (T-30);0,37561480356356886;0,4522225963134593;0,622678805461223;0,8092152911160065;0,8120503680817553;0,8093907651158802;0,839816280129678;0,8090926492205067
Clarity - 50 ms (C-50);8,972868282022663;7,448661471864527;5,896191610369565;5,077030477384016;4,649331318327754;5,31813816204505;5,024486178793127;3,4588229374704325
Definition/Deutlichkeit (D);88,75622849473203;84,77972601301192;79,55130374481134;76,32770092927646;74,47011350504876;77,32375744508964;76,10126012755596;68,9488643620548
Clarity - 80 ms (C-80);14,809472883212933;12,551464061829973;10,058707196475375;9,21950250483605;8,754421638634856;9,32625223601963;8,992590363675902;7,127112786071822
Center Time (TS);20,83245202970428;24,271701307237386;30,4472366373411;34,308416887047294;36,146417654489674;33,198932469501315;34,822908728090006;43,44207192261357
Strength(G);10,604067057070921;10,087073955090808;11,263172463301856;11,483856301325503;11,581585236372042;10,979591403062471;11,32492120729031;12,574673491290312
Lateral Fraction(LF);4,920879984176935E-08;6,230367651787401E-07;0,00021661804089154717;0,0005783554450073512;0,0005517077029679585;0,00016751079851734212;6,81808822269255E-05;2,2580732405108977E-05
Lateral Efficiency(LE);1,784742809603087E-08;2,755994717126573E-07;9,292113221333872E-05;0,00025277954104404584;0,00026111881054480333;7,493608611224302E-05;3,0070136332315827E-05;1,1726978044964147E-05
Receiver 35;63 Hz.;125 Hz.;250 Hz.;500 Hz.;1000 Hz.; 2000 Hz.;4000 Hz.; 8000 Hz.
Early Decay Time (EDT);0,3115060083294078;0,3840790588487051;0,44620859736220897;0,4952517335755325;0,5153925989280714;0,4572918993860395;0,4848150785196904;0,5946090290074175
Reverberation Time (T-10);0,31604809620892654;0,39259088941911663;0,4907433015632453;0,5297557472111342;0,5592724754594031;0,5180074209479759;0,5322442124724217;0,6409534981456592
Reverberation Time (T-15);0,3345563582444859;0,392990639343061;0,5205814724724653;0,6195765035240811;0,6520681987743373;0,6221307076453734;0,6319834247093659;0,6979464937313448
Reverberation Time (T-20);0,3422598406956068;0,4107454950463673;0,5498634794073824;0,646404194790289;0,7018766158947594;0,6580471210417679;0,6742729432935519;0,7151398907463326
Reverberation Time (T-30);0,36406960271013294;0,4325939679440699;0,5717126346154356;0,7193950018835946;0,7586900705943088;0,729957623093205;0,7554333367312736;0,7557498727547219
Clarity - 50 ms (C-50);10,402111302985046;8,631935534731516;6,8313440260797895;5,867505453897389;5,732151905505494;6,397095275042275;5,781609382883555;4,604407915011662
Definition/Deutlichkeit (D);91,65056460859819;87,9486518444059;82,8207317637932;79,43001032838262;78,91612006756574;81,36927453179817;79,10497636110624;74,27295476650075
Clarity - 80 ms (C-80);16,001144629295897;13,522468677871265;10,904651660488895;10,03206354789059;9,63738113929839;10,49674534987735;9,937757674560096;8,198795079443746
Center Time (TS);17,00834640434987;20,08757445284845;26,319078862285146;29,464000798207802;30,470317778843068;28,418624479937;30,087853077483334;36,393287808599666
Strength(G);8,606195478976865;8,41469366364391;9,36555341412879;9,689671748944434;9,838619890725482;9,55797192346629;9,716224852862496;10,310177112788644
Lateral Fraction(LF);3,471129289833274E-08;4,32822640029014E-07;0,00016161749770299386;0,00040760731004221666;0,0004274546411613978;0,00013514885192627922;5,50085647460647E-05;1,64881363784889E-05
Lateral Efficiency(LE);1,0019830733173445E-08;1,6008342317943643E-07;6,332684797214406E-05;0,0001773474014558089;0,0001654537661925521;5,4002023182973454E-05;2,1818902493222038E-05;7,320554020509595E-06
