Pachyderm Acoustic Simulation Results
Saved 23.12.2024 23:58:07
Filename:ORASE_FlatCeiling_Rough_Concrete (2).3dm
Source 0;
Receiver 0;63 Hz.;125 Hz.;250 Hz.;500 Hz.;1000 Hz.; 2000 Hz.;4000 Hz.; 8000 Hz.
Early Decay Time (EDT);0,22200325517143954;0,2736740011458835;0,2409585882245232;0,3456637697115495;0,4310082617019058;0,4036947815283918;0,40558236621554244;0,38156477037500114
Reverberation Time (T-10);0,26906971875431734;0,32835161414193736;0,39788916293110677;0,42098856039751376;0,42714581012301944;0,40727727366117916;0,4078892666690343;0,38751759350099574
Reverberation Time (T-15);0,2505487196090269;0,30743283415923095;0,39359719910483326;0,43998282231481084;0,45050127722838923;0,43288319993572616;0,4304370629929741;0,41682916737436826
Reverberation Time (T-20);0,2610563911332174;0,3221917377672698;0,3997407923546349;0,45043049406581825;0,4612950120240099;0,4423462157738984;0,4403657336627876;0,4286098981182589
Reverberation Time (T-30);0,26950109675124967;0,3296240924433485;0,4115454816143698;0,4478746859941201;0,4556593325602264;0,44048397502556746;0,4386875200060727;0,4322025029916715
Clarity - 50 ms (C-50);19,007558198662537;17,589152502324982;15,181384025912944;13,998101233467395;13,35409766126084;13,093062531559864;12,999237539168806;13,376757903038323
Definition/Deutlichkeit (D);98,75886147955737;98,28768424534107;97,05635407171496;96,16973946172732;95,58452120993209;95,32377930731172;95,22652991859954;95,60649034137768
Clarity - 80 ms (C-80);24,991122344452513;22,36923356676452;19,180808992408863;17,655704369124393;16,91477193426249;16,694887130484474;16,670272020103074;17,13146760184559
Center Time (TS);4,289349028258421;4,329718987511857;5,769133289644932;6,82044706437814;7,736438373714453;8,572010861252629;8,73020479457041;8,28950911029788
Strength(G);12,50096450202549;12,301369805051436;12,414552284513839;12,489150348246632;12,62774840400985;12,839857849542959;12,861297076673665;12,824513807790005
Lateral Fraction(LF);9,023416814383157E-09;9,828931670609348E-08;3,5463051788525985E-05;9,615700856603163E-05;0,00010568415645303305;3,7403497503536815E-05;1,5046860570178343E-05;4,792470573950158E-06
Lateral Efficiency(LE);3,981375243102036E-09;4,930639964790497E-08;2,0001318063457754E-05;5,71494511470472E-05;6,264579682402321E-05;2,1546897972355585E-05;8,721768634635872E-06;2,6297527478583836E-06
Receiver 1;63 Hz.;125 Hz.;250 Hz.;500 Hz.;1000 Hz.; 2000 Hz.;4000 Hz.; 8000 Hz.
Early Decay Time (EDT);0,28004275790785815;0,26755616297681395;0,282497724058289;0,3379889295949537;0,3430565377240487;0,35888722597058476;0,3473800829873286;0,28776061259825697
Reverberation Time (T-10);0,2685103893633649;0,3082794431207604;0,36808756829811917;0,4323930921719648;0,4404971646922128;0,4081398418214871;0,4069904121372401;0,405427299808808
Reverberation Time (T-15);0,27136103181390364;0,30615037185795646;0,40784233660997804;0,4515591385969533;0,473646675119587;0,43906498151344736;0,44289097313192066;0,4607428888996163
Reverberation Time (T-20);0,2768004031026284;0,33398377867964857;0,427800924550959;0,48747133061197867;0,5009054554637391;0,4588706029753706;0,46242880607634657;0,502857028681874
Reverberation Time (T-30);0,29189211442376284;0,35169943555404953;0,4598147916546403;0,5190106462581785;0,5436175258300912;0,47737014737104905;0,48535591258251887;0,5495930062950628
Clarity - 50 ms (C-50);19,072940928532482;18,154793649327562;15,885416315274988;14,808176323890919;14,42403823938857;14,783930118907014;14,548456479641729;13,917625950709901
Definition/Deutlichkeit (D);98,77718000791066;98,49363983591034;97,48580052814617;96,80065793082467;96,51509132122627;96,78332254390479;96,61017543332379;96,1008958051294
Clarity - 80 ms (C-80);25,07411460993884;22,89364081132524;19,702883097105573;18,696225478226477;17,98213697251753;18,36523109641464;18,15001984726378;17,454995816645194
Center Time (TS);3,2327153303724523;3,3723363942984186;4,516843026775341;5,143136322212365;5,606402925609304;5,547840738362128;5,806240203820925;6,706763851558976
Strength(G);15,63615828089178;15,593687003125556;15,67526871468506;15,65280292295597;15,705613571688971;15,734812494890349;15,783872568972562;16,00380213961271
Lateral Fraction(LF);5,668929962076699E-09;6,856951180075404E-08;2,4123569990185316E-05;6,383141009340476E-05;6,564547506863031E-05;2,251999973072252E-05;9,152482830345597E-06;3,1423913892975235E-06
Lateral Efficiency(LE);1,96781957731315E-09;2,5095862345362597E-08;1,0104741180684422E-05;2,980240306495528E-05;3,062874298322804E-05;1,0459148169652577E-05;4,2328603903972596E-06;1,4021794014721838E-06
Receiver 2;63 Hz.;125 Hz.;250 Hz.;500 Hz.;1000 Hz.; 2000 Hz.;4000 Hz.; 8000 Hz.
Early Decay Time (EDT);0,5746485495675802;0,5403342473079058;0,5390669390774593;0,8478344897941087;0,9707682302541982;1,3363878367317974;0,7570182491063419;0,2769699321846155
Reverberation Time (T-10);0,2567801941256992;0,2484105420607786;0,32020601797248605;0,4265946503757669;0,4227128278804971;0,4034145177140653;0,3921674283964401;0,414663707405341
Reverberation Time (T-15);0,283357380225407;0,30572975343365805;0,4086265817277183;0,47376849653334957;0,46971806253694254;0,4392616541586594;0,4297511545329507;0,4838377082594607
Reverberation Time (T-20);0,28491601449777076;0,3357808973514522;0,43673582230289565;0,5118410196526375;0,5182733044512902;0,46440984725619106;0,47064926921307537;0,5337593713791632
Reverberation Time (T-30);0,2994062967016871;0,3706791496021953;0,49957620902956107;0,5755014571557191;0,6285861348617483;0,5065486654818522;0,5521183544241308;0,6079229366041164
Clarity - 50 ms (C-50);20,135165461945764;19,453746382863763;17,176709169491915;15,911607498170628;16,172422327067814;16,761643491979864;16,79757340167245;15,160610861553856
Definition/Deutlichkeit (D);99,03994996874742;98,87868394831439;98,12030250983346;97,5005395495937;97,64279173455253;97,93568198444434;97,95234171538371;97,04265769569548
Clarity - 80 ms (C-80);26,197267016446453;24,234951458305837;21,16498377234176;19,855997846662774;19,834245524242636;20,52253072130822;20,45593230994526;18,56644677087385
Center Time (TS);2,285481517584535;2,3866939129731706;3,2750186611974947;3,760096034594963;3,73808379780982;3,3668947743766178;3,504651633866594;4,849741615442683
Strength(G);19,529535795035123;19,530626477138778;19,57788293714468;19,557913225722785;19,55035389973328;19,51848950322305;19,555449550940537;19,793972093392185
Lateral Fraction(LF);4,5455306776903805E-09;5,4472003703707664E-08;1,897849301893673E-05;4,98722016759221E-05;4,683444211410367E-05;1,5127113178345E-05;6,31554074373794E-06;2,4502695777789037E-06
Lateral Efficiency(LE);1,378560087079323E-09;1,6126383210401152E-08;6,821819697007653E-06;1,932946727447884E-05;1,799726000004502E-05;5,522384608933905E-06;2,278549904493817E-06;9,071149730397201E-07
Receiver 3;63 Hz.;125 Hz.;250 Hz.;500 Hz.;1000 Hz.; 2000 Hz.;4000 Hz.; 8000 Hz.
Early Decay Time (EDT);0,2641841651290507;0,22925210209482477;0,25683171604047494;0,2705028529985785;0,2799187676079382;0,30845383380368396;0,30186736151912075;0,31453074595892444
Reverberation Time (T-10);0,2611924894465822;0,2697630901465049;0,3674087595593055;0,42437822217386106;0,4328673593478474;0,4000996245297244;0,39177459915176904;0,4510023824543459
Reverberation Time (T-15);0,29434393764060524;0,32751307045673156;0,42343410275111354;0,4991464334552633;0,48524965265798103;0,432771224740401;0,43270104059782616;0,5249998108268604
Reverberation Time (T-20);0,2979369625728358;0,3560895566453169;0,4633812029695901;0,538419410659165;0,539666571334777;0,4710464218891767;0,48316146006193517;0,5762518556721756
Reverberation Time (T-30);0,32005082193322304;0,38873621804945896;0,5300367846972452;0,6427082478016038;0,6714246925893778;0,5776864148297921;0,6101644232043649;0,6703958378882965
Clarity - 50 ms (C-50);18,175955253154992;17,30024481172357;15,092238245909517;14,38439462995202;14,458926069455915;15,43041407277693;15,410078029619065;13,459769835350524
Definition/Deutlichkeit (D);98,5020390899324;98,17424607375402;96,99975946339373;96,48542821374272;96,542834768908;97,21672634648901;97,2043066378296;95,69357590983122
Clarity - 80 ms (C-80);24,138466297624575;22,237843912246156;19,190155814447078;17,923624151302676;18,133922982491537;19,412962313021634;19,333846964809197;16,830564331132514
Center Time (TS);3,3156040328753766;3,5985147429880495;5,0478606631334335;5,560090877278263;5,513652898854996;4,481466060204422;4,690738858934649;6,8742410200909205
Strength(G);19,797815014756054;19,87675707456373;19,96476682609041;19,918192369897845;19,877294427044;19,750974023835546;19,80413969323503;20,214193892109805
Lateral Fraction(LF);7,744539340047577E-09;9,904156028929546E-08;3,593880196923403E-05;9,000679188149011E-05;8,61019050336549E-05;2,4770561406683635E-05;1,0178317108924116E-05;3,9794512542045205E-06
Lateral Efficiency(LE);2,276750658578595E-09;2,9151938079512176E-08;1,2207832941248191E-05;3,0011006721126918E-05;3,286606515177421E-05;8,292583920269374E-06;3,472207392486368E-06;1,5000812558728286E-06
Receiver 4;63 Hz.;125 Hz.;250 Hz.;500 Hz.;1000 Hz.; 2000 Hz.;4000 Hz.; 8000 Hz.
Early Decay Time (EDT);0,2596113031508305;0,2548927910351401;0,3544671543053069;0,3645867219899445;0,3853841471612591;0,3559703059989964;0,3519918541090385;0,4357957045734203
Reverberation Time (T-10);0,296485203860819;0,3458643282448696;0,41902101129088504;0,4762806653290099;0,4707832004813902;0,41653062300720667;0,4204602473631901;0,5267482257907714
Reverberation Time (T-15);0,2953456882718151;0,3502969342276189;0,45930034418659044;0,5187979618091877;0,5574142260703977;0,4645087934921762;0,47485910611741167;0,5751302594464177
Reverberation Time (T-20);0,31048623469531245;0,368115509257478;0,5008295046779282;0,5639403525621305;0,6072639147607602;0,5154641357259856;0,5493503082842454;0,6204964527023045
Reverberation Time (T-30);0,3328814134008579;0,4046233448858277;0,5815734644275914;0,6923267122331277;0,7305680866914184;0,659052535639937;0,6842660433750498;0,712473215895502
Clarity - 50 ms (C-50);15,167250754669775;13,61667274734801;11,710798366689826;10,976190981535556;11,119276616573703;12,119429946395947;12,041025353761432;10,31590265002962
Definition/Deutlichkeit (D);97,06274144491474;95,86248645037479;93,7162037620657;92,62072155767953;92,84060185351834;94,22965638157763;94,14008061011579;91,62631828489113
Clarity - 80 ms (C-80);20,848429770602323;18,85080851635974;15,795681638775056;14,698076318015314;14,735264381320505;16,052844149582242;15,820384262576573;13,582432112111533
Center Time (TS);6,59664140912566;7,704874543141211;10,658590531397268;12,009030727552318;11,813455859149093;9,682631835494735;9,947030805176416;13,54264018445263
Strength(G);16,540258863503606;16,89105743403208;17,17410378438168;17,293487571077137;17,09913530808486;16,656810866840473;16,741574837949983;17,346555729747635
Lateral Fraction(LF);1,4971140367798938E-08;2,176917243016314E-07;8,127079704779312E-05;0,00021529442174980545;0,0001994261351100335;5,306174028739546E-05;2,121508750442185E-05;7,996264103968776E-06
Lateral Efficiency(LE);5,20722570548388E-09;7,504539547774937E-08;3,1144209515137836E-05;7,67910300883434E-05;7,896502964292965E-05;2,0296949702345133E-05;7,95995856378642E-06;3,4064386127161634E-06
Receiver 5;63 Hz.;125 Hz.;250 Hz.;500 Hz.;1000 Hz.; 2000 Hz.;4000 Hz.; 8000 Hz.
Early Decay Time (EDT);0,2665663757258118;0,2855876122175503;0,3635723911565815;0,39642419448317556;0,4085470500968692;0,37188634335604676;0,38035117289995424;0,43802466285020863
Reverberation Time (T-10);0,2828046999545023;0,3340777086714374;0,4156104538797483;0,48353893173216694;0,49952387104587986;0,41560102390330106;0,4327586907607103;0,49826882613989154
Reverberation Time (T-15);0,28323659084972225;0,34087563651127156;0,46179502915758763;0,5204384668662729;0,5594850858824149;0,4712143285284714;0,48830663503584254;0,553482410448543
Reverberation Time (T-20);0,2982113547897934;0,36010439777650527;0,4929284186228747;0,5664944399765847;0,582773650666559;0,5103058769483785;0,5333074897021342;0,5910147793588537
Reverberation Time (T-30);0,32476529040945423;0,3869995993305285;0,5489745909124926;0,6574100317833208;0,677722272124937;0,6040814298799636;0,6176812768826399;0,678940688681528
Clarity - 50 ms (C-50);14,968042178099711;13,165073960154015;11,097617517208304;10,096815268297227;10,200410464774837;11,078076289360226;10,784524417049376;9,543544111918678
Definition/Deutlichkeit (D);96,9218796421453;95,41147114188536;92,80766227650314;91,09605340848294;91,28951790850128;92,76881391432916;92,30622166970657;90,06203640328127
Clarity - 80 ms (C-80);20,8452812158496;18,48675851661352;15,210810954259985;13,960058120149965;13,742152690347961;15,166884262052967;14,90960704595702;13,247212966426856
Center Time (TS);7,678646172824007;9,190023632393672;12,76957779311533;14,410751526904564;14,430108674304076;12,637858442739402;13,010134869499794;15,915434503423768
Strength(G);13,389004474991847;13,75059215123975;14,197941751792726;14,401465153076273;14,233586458212628;13,862832248661377;13,94554527912885;14,241048745867104
Lateral Fraction(LF);1,4730461366812169E-08;2,482987508603486E-07;9,633876993072527E-05;0,0002441751631903259;0,0002270621022784564;6,837854796435056E-05;2,5351497287946917E-05;9,15177417990565E-06
Lateral Efficiency(LE);6,397165316107503E-09;9,711734179124286E-08;4,068313694300243E-05;0,00010584106585000872;0,00010087196896781879;3,118830325023456E-05;1,2517517904601387E-05;4,5960926160758E-06
Receiver 6;63 Hz.;125 Hz.;250 Hz.;500 Hz.;1000 Hz.; 2000 Hz.;4000 Hz.; 8000 Hz.
Early Decay Time (EDT);0,2724257462543105;0,3925758715759433;0,5618342954129707;0,5933720324226498;0,570893956109549;0,49859884103692076;0,4924448542119904;0,4828964021639672
Reverberation Time (T-10);0,3038355140669331;0,38960191739664296;0,4109872403300725;0,42359298724055;0,42594139635904393;0,4064772091966703;0,4048232893813118;0,3938631894664138
Reverberation Time (T-15);0,2597994767270136;0,30972867934636233;0,3676129161777795;0,40390343084053537;0,41619533833828115;0,40374033551228705;0,4029545430213434;0,39253775353047893
Reverberation Time (T-20);0,2501327710775125;0,30318223570550906;0,36561470387605705;0,41185587607842544;0,43021704147683687;0,4107570011807069;0,41228132692532266;0,39905960318030476
Reverberation Time (T-30);0,25068248273632326;0,3192440977069257;0,3989025848482003;0,4338723160389192;0,43960212333174603;0,4249869800658329;0,4255802372823039;0,418501683220346
Clarity - 50 ms (C-50);17,302790027616627;16,02308053968233;13,745062189940253;12,656361710170433;12,037213231609186;11,761374276683185;11,72318295869915;11,991692408470422
Definition/Deutlichkeit (D);98,1731052599672;97,5623343966576;95,94925067390963;94,85456534412643;94,1125629384421;93,75062286454127;93,69890238561837;94,05421730278843
Clarity - 80 ms (C-80);25,120674741501794;22,338240210435202;19,013916298278335;17,49893120641919;16,702432751594415;16,466071945250576;16,466937149536424;16,851427492844635
Center Time (TS);5,306091218345524;5,301899402298847;7,160016631566968;8,421946646531163;9,459903039350781;10,346655338461707;10,461062398274393;10,060957440518179
Strength(G);11,032973501816244;10,770784565326771;10,911555643135515;11,007315871183877;11,142981770498139;11,3678462365948;11,402224581857183;11,35271420063404
Lateral Fraction(LF);1,0301968578945228E-08;1,1855173906227676E-07;4,482832831547836E-05;0,00012418016967346781;0,00013389124625178082;4,685967623698131E-05;1,89831941234963E-05;5,892034867235096E-06
Lateral Efficiency(LE);5,953150533921964E-09;7,526889362446712E-08;3,058772758315068E-05;8,650957574025295E-05;9,386633271352439E-05;3,151368917754709E-05;1,264096620430857E-05;3,8871207992447055E-06
Receiver 7;63 Hz.;125 Hz.;250 Hz.;500 Hz.;1000 Hz.; 2000 Hz.;4000 Hz.; 8000 Hz.
Early Decay Time (EDT);0,34589845422784377;0,4170782162677268;0,4233449293920268;0,5833907823617775;0,5684224523187064;0,5381641044863928;0,5199331795344202;0,4875950365262788
Reverberation Time (T-10);0,31701083684011916;0,36410217522482213;0,4193362284636509;0,5001531307820355;0,4834601083783335;0,45174096812231795;0,4514376789140828;0,4500919812155488
Reverberation Time (T-15);0,2888493958567683;0,33477709664231325;0,4208993412943492;0,4725633306795799;0,47352219473374463;0,4470938032957722;0,44921183502203027;0,48049130345454866
Reverberation Time (T-20);0,2806004906128218;0,3410542766627084;0,4409250779129423;0,49006986365764565;0,508998740594077;0,4488328770773587;0,45889597952450367;0,5081160733869253
Reverberation Time (T-30);0,29226795390121774;0,3590824223024261;0,46196375642428583;0,5139824132268621;0,5813690629485699;0,4626757190843001;0,47657058484138826;0,5616073486455505
Clarity - 50 ms (C-50);16,662480330913134;15,769370822945172;13,704059029109597;12,234340945380984;12,378154532602597;12,521309632632065;12,456905095133566;11,79807613032597
Definition/Deutlichkeit (D);97,889011298047;97,4194713436283;95,91239580215907;94,35908413320082;94,53277492702989;94,70065701621047;94,62573875781369;93,79995265159266
Clarity - 80 ms (C-80);23,19106501394114;20,934306863402128;18,020092891802967;16,566693447946502;16,406267819220087;16,496308801428626;16,426667953670922;15,5339676734239
Center Time (TS);4,929680262643732;4,944375254309485;6,6148054324549275;7,876189809735116;8,131402894698342;8,17596303150223;8,408331708110161;9,835186793327082
Strength(G);13,007951032354153;12,922116108332524;12,997758488491165;12,987191628669336;13,041363445576309;13,096669634544824;13,165506485421126;13,446292562121762
Lateral Fraction(LF);9,110941751534609E-09;1,0224390345724272E-07;3,63780041707589E-05;9,365707114494967E-05;9,607009535459632E-05;3,2736031087267864E-05;1,353298964798664E-05;4,651425497598022E-06
Lateral Efficiency(LE);4,109556936140297E-09;5,0399373388974526E-08;2,0690846370792817E-05;5,89047082677531E-05;5,925255038637178E-05;2,0002781827134336E-05;8,090769183601651E-06;2,6766427059672927E-06
Receiver 8;63 Hz.;125 Hz.;250 Hz.;500 Hz.;1000 Hz.; 2000 Hz.;4000 Hz.; 8000 Hz.
Early Decay Time (EDT);0,3669282293333758;0,3516233527437852;0,43483147542509154;0,48226895168536627;0,5381188725982343;0,4973153513175129;0,47754840514017904;0,508681960636845
Reverberation Time (T-10);0,31667826444740016;0,3589864949811169;0,44711064246332527;0,5170761659668751;0,5078786952033373;0,48849637931468465;0,4808299450023926;0,5003974840683554
Reverberation Time (T-15);0,296876650267527;0,3560331351953372;0,4457868161542899;0,528544385479993;0,5143565460411254;0,4698878673357573;0,4782238702575861;0,5341088499842105
Reverberation Time (T-20);0,2933108123262154;0,359760073716586;0,4735805410552473;0,5464728841862954;0,5680313452614715;0,48714825098245346;0,5039853107800801;0,5752725278265926
Reverberation Time (T-30);0,309289592858962;0,3859066407203002;0,5157802130221824;0,6323495535758722;0,650877323113293;0,5422524050307373;0,5765748918816348;0,642597032607967
Clarity - 50 ms (C-50);15,901019759905994;14,944605470771679;12,754911884866962;11,648846598426632;11,776335352218359;12,235020940408726;12,291169560013309;11,09935410445345
Definition/Deutlichkeit (D);97,49459149189016;96,89652912775936;94,9641972249674;93,59708600918782;93,77077564193705;94,35991747775428;94,428330399027;92,79568995699064
Clarity - 80 ms (C-80);22,331266397332527;20,437159117874973;17,204319466575612;15,668441696558105;15,85411258035251;16,534167772045617;16,45756923010656;14,717894759739254
Center Time (TS);5,365128548193721;5,336800971466276;7,5718871998374695;8,93793208077593;8,742636371822039;7,932001135668411;8,159264678548027;10,788504708168292
Strength(G);14,7587325652146;14,715886455590763;14,798977004637393;14,802908300709746;14,761069344576043;14,701326299561039;14,76897296119553;15,206541011698022
Lateral Fraction(LF);1,0950937337472003E-08;1,1564618652732646E-07;4,0498628043729806E-05;9,70922584721637E-05;9,754996726350722E-05;3,1423858215392924E-05;1,296381728915219E-05;4,930434554797479E-06
Lateral Efficiency(LE);4,341379580683776E-09;4,953414674113448E-08;2,077645414821198E-05;5,2760804388342044E-05;5,5403470093583944E-05;1,6970960716031975E-05;6,908185901968545E-06;2,599601665411836E-06
Receiver 9;63 Hz.;125 Hz.;250 Hz.;500 Hz.;1000 Hz.; 2000 Hz.;4000 Hz.; 8000 Hz.
Early Decay Time (EDT);0,32281025234263167;0,3184856372244493;0,41505977740482336;0,46522277094128306;0,5049613947249529;0,46140875993732006;0,45923714792783127;0,49435049197605924
Reverberation Time (T-10);0,31628116187987104;0,3665481337734648;0,43615307334826314;0,5006840098218192;0,4872834750517906;0,4571864373004668;0,4524985007189615;0,5213769924469862
Reverberation Time (T-15);0,30420953230669184;0,36035981659710226;0,457746646181166;0,5391028446334629;0,514503833431322;0,4665276344742366;0,47104429737227926;0,5665480968878386
Reverberation Time (T-20);0,31008161500988224;0,37178231045958454;0,4942787289066365;0,5670935897482577;0,5854544663830743;0,5089716483964691;0,530813665424897;0,6152630161945384
Reverberation Time (T-30);0,32935435609321745;0,40958913449456247;0,565027284186291;0,6852758101655764;0,7208260541605755;0,6441218617861962;0,6711676965198499;0,7034011590744687
Clarity - 50 ms (C-50);14,480156513331846;13,58873388879739;11,61313705292457;10,847003800417692;10,939029427074669;11,638126391660492;11,643023295244495;9,913941466084513
Definition/Deutlichkeit (D);96,56183075026084;95,81617487564378;93,55818337274499;92,40260226962224;92,54652855596639;93,58480849331391;93,59694057224428;90,78836019746952
Clarity - 80 ms (C-80);20,6965801061863;19,060587445087315;16,21368122318226;14,699720156610958;15,110928405788632;16,29199622347161;16,05529257477719;13,568869436603453
Center Time (TS);6,974261431667405;6,982206954694292;9,706977554603974;10,838946070306026;10,705830959007846;9,150210824434561;9,518350009176004;13,636056948020787
Strength(G);15,151909260485112;15,141010953062068;15,35073901613574;15,287344314661567;15,221863432314933;15,043610819770251;15,093242778462262;15,770110755966634
Lateral Fraction(LF);1,548518224678568E-08;1,721230208421876E-07;6,201842016292985E-05;0,0001478230093851382;0,00015081067848002626;4,531097807562296E-05;1,741044681663226E-05;7,124611775818486E-06
Lateral Efficiency(LE);6,217825413558475E-09;7,052198828682452E-08;2,9323361851916585E-05;6,909533482670524E-05;7,636495114332174E-05;2,041494771355966E-05;8,475128522331996E-06;3,5600258997541827E-06
Receiver 10;63 Hz.;125 Hz.;250 Hz.;500 Hz.;1000 Hz.; 2000 Hz.;4000 Hz.; 8000 Hz.
Early Decay Time (EDT);0,3134042308456516;0,33870884936213386;0,41865586375428115;0,4390460704262732;0,46205640819105254;0,41239022633444344;0,41637391581562905;0,4899955127165472
Reverberation Time (T-10);0,3074277511674191;0,3696057503539495;0,4437556989873108;0,4970940399022461;0,47995738235984714;0,43097929528224976;0,4392763775466231;0,5420207998728233
Reverberation Time (T-15);0,30689831028633724;0,3616615916900168;0,47700858697569337;0,5345172239681535;0,5718981145789233;0,4736158592879852;0,498219709284619;0,5921466973207858
Reverberation Time (T-20);0,31758015534350886;0,37757907063227447;0,5201008138426222;0,5817217837651844;0,6177246339438334;0,5502679070987939;0,5788753573214948;0,6377236489616082
Reverberation Time (T-30);0,340210536307013;0,41388734446686126;0,6054945204453035;0,7151228289319571;0,7492911852956383;0,6961806163790732;0,7120935500600335;0,7282634687669844
Clarity - 50 ms (C-50);13,680308168214125;12,149576179605038;10,32907392430775;9,853088899650439;9,886899598240687;10,806667080566339;10,84736707868391;8,921675187609823
Definition/Deutlichkeit (D);95,90748880182088;94,29000349731966;91,54008306655706;90,63378286180037;90,70177613860628;92,33821834079804;92,41071588589445;88,76805340270359
Clarity - 80 ms (C-80);19,534930195381886;17,661578112477613;14,744467331604563;13,756444349274023;13,918312275369608;15,20277624983748;14,83907275144899;12,45478017703789
Center Time (TS);8,627000400166738;9,569176682085185;13,13456595059033;14,29299630513176;14,40923689281427;11,884110392933582;12,309499876669578;17,185758811370448
Strength(G);14,029493865106375;14,246229612436895;14,585157476127748;14,661129796532528;14,571179688287742;14,137027299207091;14,13306094773273;14,861132018922461
Lateral Fraction(LF);2,048138167741034E-08;2,676376824719769E-07;9,317637757989774E-05;0,0002366036296504244;0,0002342668582146149;6,801730842290917E-05;2,5743731320163313E-05;1,025043664625627E-05
Lateral Efficiency(LE);8,042230345468054E-09;1,1000802475071765E-07;4,418848644334641E-05;0,00010034542265830265;0,00011129060529544227;2,8467018713269494E-05;1,1320956335791452E-05;5,005425791411918E-06
Receiver 11;63 Hz.;125 Hz.;250 Hz.;500 Hz.;1000 Hz.; 2000 Hz.;4000 Hz.; 8000 Hz.
Early Decay Time (EDT);0,3043689634928501;0,3178984374480943;0,40885163258404794;0,4121011161695199;0,438601090193017;0,4022788948921662;0,4054913650003029;0,4642876246780644
Reverberation Time (T-10);0,28852082295891235;0,34712102345959905;0,4326306102169785;0,5037911722187192;0,5106825236593949;0,424197226155067;0,44964424743973996;0,5074546758581172
Reverberation Time (T-15);0,2900708334087611;0,3500678624370055;0,46657926602939537;0,5306018179359766;0,5766689640515166;0,4773763001026454;0,49855037872749064;0,5590482798763353
Reverberation Time (T-20);0,30286605920604254;0,3683609614515728;0,49967390049394644;0,5687621064820076;0,6000130661795057;0,5198770193991805;0,5404472157473951;0,5918057870353893
Reverberation Time (T-30);0,32797928175405444;0,3969909440592254;0,5679978958756327;0,6894007735830185;0,6955937185291265;0,6361773671941368;0,6363689876649345;0,6828837922541052
Clarity - 50 ms (C-50);14,198955610998222;12,592277325087263;10,282542536291515;9,846834785158203;9,81532296114934;10,54457800760862;10,441063428610466;9,021432967179553
Definition/Deutlichkeit (D);96,33749513484373;94,7959613794792;91,44564367707565;90,61842878857242;90,55310591382295;91,89509629110056;91,71943550523082;88,91756927778503
Clarity - 80 ms (C-80);20,43426815426464;18,112675813192865;14,811510886206738;13,719330416881576;13,495226040405445;15,000778460702328;14,466759443381207;12,879103548986798
Center Time (TS);8,629124142125029;9,731121713299213;13,795251416134315;15,172938587958951;15,525005490246288;13,624097497271116;14,01349276610838;17,574776360834456
Strength(G);11,963392981088909;12,103523876108824;12,583973122455703;12,729352399269771;12,618804225383073;12,351634672366465;12,379727207108246;12,719594318797562
Lateral Fraction(LF);1,699069681269039E-08;2,609350312900532E-07;0,00010597329614141132;0,00026881271298492793;0,0002492545505875067;7,19395932114939E-05;2,8573034970080297E-05;1,0347707764621354E-05
Lateral Efficiency(LE);8,006384437000281E-09;1,1503483983052896E-07;4,9978235188142394E-05;0,00012328559488256782;0,0001233637389141938;3,6862681654966285E-05;1,429089080237951E-05;5,594326459764081E-06
Receiver 12;63 Hz.;125 Hz.;250 Hz.;500 Hz.;1000 Hz.; 2000 Hz.;4000 Hz.; 8000 Hz.
Early Decay Time (EDT);0,31939371691849877;0,4372186433910787;0,47125015983901625;0,5313170292020202;0,5233117635916354;0,4786991343421199;0,4759258470411058;0,4613494985928949
Reverberation Time (T-10);0,2947594491182546;0,3720525001375022;0,40311155445168523;0,4375767190178024;0,4425490345521649;0,416784645002572;0,4166559695040172;0,40305864334963754
Reverberation Time (T-15);0,26345977808479853;0,32736419809583495;0,38173901591566634;0,4117024374972545;0,4172476230521604;0,39977223531832956;0,3996270354832773;0,39056729013806085
Reverberation Time (T-20);0,2588824547566369;0,3157520079370821;0,3640575801667056;0,4043609715125519;0,41806178309779485;0,3990365195472195;0,400185624986629;0,3887043310272131
Reverberation Time (T-30);0,25478127324879135;0,30951337166824966;0,3778933753873262;0,41081743190274916;0,4149872999001441;0,3992617112961779;0,3994100522199244;0,39438242757750425
Clarity - 50 ms (C-50);14,867621760389511;13,481145500386342;11,344227666730365;10,324305245548913;9,836014915938787;9,685124832803373;9,639379385872761;9,94359856818441
Definition/Deutlichkeit (D);96,84277840436212;95,70635412644937;93,16365822246011;91,50766801584903;90,592175691349;90,2918582717716;90,19913445037972;90,80118933175831
Clarity - 80 ms (C-80);23,393125749551082;20,669373421717022;17,547005148139565;16,05045015760323;15,404408539446774;15,330950702839774;15,29174897965908;15,74519404151637
Center Time (TS);6,683885802147931;6,812096314781;9,228565113750587;10,855962333528534;12,04241722787395;12,916833840452544;13,05578231283309;12,532231114249292
Strength(G);9,622089350197847;9,27666160085387;9,508557524844768;9,623126431357065;9,813260747006687;10,060592736769763;10,08917969506183;10,05408702140788
Lateral Fraction(LF);1,5002233117913295E-08;1,6951845854993168E-07;6,286216341388267E-05;0,00017096499005032396;0,00018652353446217402;6,462381329682655E-05;2,5986973561566527E-05;8,052611202218435E-06
Lateral Efficiency(LE);6,0702162502721956E-09;8,188976263299446E-08;3,324404221872317E-05;9,466496400317191E-05;0,0001020425828661248;3,403861163631166E-05;1,3618485848478622E-05;4,170044817461671E-06
Receiver 13;63 Hz.;125 Hz.;250 Hz.;500 Hz.;1000 Hz.; 2000 Hz.;4000 Hz.; 8000 Hz.
Early Decay Time (EDT);0,34138656146402924;0,402446390887987;0,5051392799937894;0,5430490949217437;0,5283705944090131;0,49063789092059307;0,48059360885264274;0,4816591656953871
Reverberation Time (T-10);0,3011492664831669;0,3530223727362953;0,4301375256430055;0,4810283650080994;0,48719970219768444;0,4614878414216892;0,4569988207808633;0,4605111824662628
Reverberation Time (T-15);0,2878570924227533;0,3421121734271583;0,42342838789529447;0,4586036633272095;0,4651126500964316;0,4414497235282807;0,43870009938604393;0,45992999128135154
Reverberation Time (T-20);0,28668591170029434;0,3367857829065613;0,40999669488871976;0,4498147250276093;0,4660079932364937;0,42260385951065815;0,426369437278942;0,4707430840526465
Reverberation Time (T-30);0,28721974524013366;0,34028299945323776;0,4472738705108204;0,48003593893434243;0,5076836887298704;0,43670009843892943;0,4418227193108151;0,5404769217807536
Clarity - 50 ms (C-50);14,694382930317222;13,963677766797652;11,856458379821575;10,576154881872446;10,50130546712676;10,52618370354187;10,451659645971398;9,973853589944628
Definition/Deutlichkeit (D);96,71850839803658;96,14043545506266;93,8776735828442;91,94760733952779;91,81907577183433;91,86200274244013;91,73279579039058;90,85921256618977
Clarity - 80 ms (C-80);21,406184904351377;19,716607501317327;16,560935571024984;15,306890068305723;14,811567215808392;14,934397703400066;14,977309851207837;14,208239173903397
Center Time (TS);7,289662503849602;7,05637932080856;9,51086413835106;11,070517318597071;11,6736099399139;11,967444264365941;12,189535442037197;13,6338914387456
Strength(G);10,959032554272028;10,726871494844676;10,805122004819324;10,854917961767477;10,950555288957219;11,07726834409452;11,163607787848647;11,459890985876761
Lateral Fraction(LF);1,5290597840130752E-08;1,5966523089068602E-07;5,8819906482525416E-05;0,00015880615831225686;0,00016495123081773454;5,536275380755529E-05;2,2975161474539465E-05;7,268727001795119E-06
Lateral Efficiency(LE);6,8189225907720805E-09;9,240337714020044E-08;3,8479537791527574E-05;0,00010681255681949899;0,00011142353107962489;3,5948942744884534E-05;1,430452629301022E-05;4,554502353889324E-06
Receiver 14;63 Hz.;125 Hz.;250 Hz.;500 Hz.;1000 Hz.; 2000 Hz.;4000 Hz.; 8000 Hz.
Early Decay Time (EDT);0,33970781499584113;0,3972564355636399;0,5222346129865171;0,557121526849908;0,5772862619063751;0,5142257693843375;0,5150929846925006;0,5440958989384267
Reverberation Time (T-10);0,2989607687393874;0,3757275701416881;0,4913552817628474;0,5480226288521555;0,5367323276588596;0,48978832453440385;0,5051165229371601;0,5340752584246782
Reverberation Time (T-15);0,3030012702847341;0,3718395831282782;0,496172157179148;0,5727183691754536;0,5494499554617097;0,4905046179290004;0,512751911963768;0,5617304851906474
Reverberation Time (T-20);0,3063698544253551;0,3768483790274015;0,5155272365985837;0,6005403501481075;0,5926291677367205;0,5081085734430372;0,5272743440643118;0,6004373632120505
Reverberation Time (T-30);0,3216948944657305;0,3938571881093495;0,5685889035632945;0,687458680814842;0,7072054299245452;0,6163514595424112;0,6370416712202631;0,6825229993035008
Clarity - 50 ms (C-50);13,591535756096269;12,33953142384798;9,985251082535202;9,138738684890777;8,920990846674176;9,800570209497655;9,562721459951382;8,347882516519745
Definition/Deutlichkeit (D);95,80960027435287;94,48662905995873;90,8809852463829;89,13177352868477;88,63646758357334;90,52238689494723;90,04198214156895;87,23803310709309
Clarity - 80 ms (C-80);19,31633772032021;17,423280535823718;13,924213300402204;12,709431210476904;12,622028195253971;13,658602672070671;13,310562391883193;12,056913283344056
Center Time (TS);8,856269301982072;9,042011721389638;12,792182428296094;15,21431945679027;15,297072262487253;13,220130121511485;13,910289157320973;17,714660467472324
Strength(G);12,078345168586537;11,931789583551382;12,01480381355514;12,148090529872782;12,106128198146813;12,021297901495274;12,105981671320933;12,712177860148003
Lateral Fraction(LF);1,9578737873607436E-08;1,984384015458363E-07;6,849597346181821E-05;0,00018330052986017975;0,00018253159920680534;5,578903037555791E-05;2,2950957949149305E-05;8,496316248762568E-06
Lateral Efficiency(LE);8,225796327346636E-09;1,065345279555019E-07;4,240310551245839E-05;0,00011872679922208138;0,00012280243996743285;3,483385780232499E-05;1,4183471756022235E-05;5,310703279563994E-06
Receiver 15;63 Hz.;125 Hz.;250 Hz.;500 Hz.;1000 Hz.; 2000 Hz.;4000 Hz.; 8000 Hz.
Early Decay Time (EDT);0,340321839062168;0,3858986304138356;0,4947584382035099;0,5539917992060918;0,5333656133834526;0,5153789169356785;0,49744544326500073;0,5512356503658967
Reverberation Time (T-10);0,3090904216286027;0,3868953253664552;0,49619737863458324;0,579357228909028;0,5592919008391667;0,5117614662928262;0,5024107484465722;0,5791674429357878
Reverberation Time (T-15);0,3181293679450991;0,3901410185170635;0,5321841405663257;0,598969213769358;0,6059184797488801;0,5388576894749905;0,5622717157409123;0,6304642289167909
Reverberation Time (T-20);0,3267438678265898;0,4019634570555936;0,5526598629938654;0,6347312634720887;0,673726311026087;0,576099136468159;0,636195419757815;0,6879085481819942
Reverberation Time (T-30);0,349332976967737;0,4384463700975924;0,6104991389498063;0,7465819039535327;0,8231006810625665;0,7678206968951098;0,7957891842793948;0,7608848396007584
Clarity - 50 ms (C-50);12,261032800312183;11,080583615275177;9,018975606757909;8,223538578240783;8,400244266943778;8,953222524949245;9,077120271445423;7,28885200782071
Definition/Deutlichkeit (D);94,39666922686627;92,77616839278315;88,86759520622275;86,9286350119841;87,37746931772205;88,71373140559827;89,01050040525904;84,30933307854478
Clarity - 80 ms (C-80);17,87235913559642;16,020421436018424;12,95419840326227;11,512630820985033;11,858574783158186;12,632038835361534;12,822214568188311;10,758138389447275
Center Time (TS);11,236215631951508;11,561226149849663;15,959011786285203;18,27005586173801;17,964843370449216;15,786697359599255;15,980538764707939;22,335880819212097
Strength(G);12,64536458793637;12,555640522321571;12,780670623178793;12,7945561396037;12,834637497790311;12,44886179454955;12,534440433415426;13,476451670153324
Lateral Fraction(LF);2,5201121385057446E-08;2,8446322716955493E-07;9,833221832851857E-05;0,00024303356792699458;0,0002453093502325602;6,965620269190552E-05;2,69235690683215E-05;1,1497512781728299E-05
Lateral Efficiency(LE);1,1182016878014086E-08;1,36205119214486E-07;5,5427096964906254E-05;0,00014410640465874772;0,0001457850749335782;4,110435466194268E-05;1,6090703881956752E-05;6,569227369751259E-06
Receiver 16;63 Hz.;125 Hz.;250 Hz.;500 Hz.;1000 Hz.; 2000 Hz.;4000 Hz.; 8000 Hz.
Early Decay Time (EDT);0,330929390510386;0,3831119468493365;0,4746222385859033;0,5299433190529018;0,5187866525038272;0,471242360454774;0,47102988677972385;0,5433050832937214
Reverberation Time (T-10);0,3208742597146946;0,3843265368819146;0,5046031068579135;0,5627703048226863;0,5716748969295347;0,5185467610443828;0,5176233649078944;0,6055527182801632
Reverberation Time (T-15);0,32840185121872;0,3935373070564994;0,5383921996317474;0,5898714535052069;0,6340828894566088;0,5663678574740912;0,5718235746551064;0,6522767799199066
Reverberation Time (T-20);0,3386676231650998;0,41078025046335553;0,5727216016214559;0,6641025491125909;0,7038948323086384;0,6376864713162045;0,6616899052859243;0,7151290610731235
Reverberation Time (T-30);0,35500187818376683;0,4418457847946534;0,6386669482872933;0,7628894405613583;0,8329088834697932;0,7581907419535138;0,7828346615381859;0,7782584899776483
Clarity - 50 ms (C-50);11,773437772715326;10,250757554982021;8,364448106318955;7,748664163750625;7,918299079161924;8,638777639457041;8,670820010898128;6,994662918240425
Definition/Deutlichkeit (D);93,7835466645829;91,42425117747159;87,3317581673989;85,63668836650803;86,10863314694957;87,98188762865338;88,05653460226922;83,41773962830143
Clarity - 80 ms (C-80);17,50251019990506;15,6770971558103;12,41900229808293;11,257252578661351;11,523584294690403;12,594647629376725;12,608363149392867;10,54941193478561
Center Time (TS);12,226886137181442;13,648776814934562;18,840081882818776;21,039909527652604;20,749787284743164;17,828907970481943;18,097078420753906;24,516830997909288
Strength(G);12,24472158235626;12,460659632882425;12,860306454051646;12,913335730329152;12,959360162229096;12,366950580714615;12,326892642430906;13,29777682627752
Lateral Fraction(LF);2,7364059249548312E-08;3,735417469672732E-07;0,00012354611633542948;0,00030713413072330385;0,0003018268499837164;8,777849665407079E-05;3,3799851804621995E-05;1,3532733245296864E-05
Lateral Efficiency(LE);1,21841705623551E-08;1,8009632142854552E-07;6,939255185465987E-05;0,0001743734907968167;0,00017249263001777634;4,638089161432909E-05;1,8312840508510614E-05;7,305358654428199E-06
Receiver 17;63 Hz.;125 Hz.;250 Hz.;500 Hz.;1000 Hz.; 2000 Hz.;4000 Hz.; 8000 Hz.
Early Decay Time (EDT);0,3105733768019997;0,37100305972501574;0,43703325585884123;0,4779958109842586;0,4885386267943025;0,43919691829218116;0,4636788597964415;0,5059385154728981
Reverberation Time (T-10);0,3059576385656827;0,3784363414527297;0,4509742612077993;0,5102221861259689;0,5407652227208952;0,48221733819473406;0,47854062948535886;0,5336672556472193
Reverberation Time (T-15);0,31021717928063497;0,36791950891715536;0,47017989242055225;0,5242234483333468;0,5696138077715259;0,4891165663197264;0,4828068012220251;0,5644548006435562
Reverberation Time (T-20);0,3162033478659756;0,3693155047217701;0,5075337480245873;0,549647824349794;0,6046048772684168;0,5084370919089256;0,527273047357579;0,6057108692164311
Reverberation Time (T-30);0,3296060564602902;0,3976719037591758;0,5877797924545806;0,6807859995810347;0,7262141830590394;0,6551428481374317;0,6420596532061218;0,6983382568950937
Clarity - 50 ms (C-50);12,784882406279081;11,071645288827419;9,196768934182805;8,448272135249566;8,315068584248971;9,041265340359793;8,693762434163933;7,747498780446623
Definition/Deutlichkeit (D);94,99826994758746;92,75842666065813;89,26749199562583;87,49833475575663;87,15820718298129;88,91743849347726;88,10859973795222;85,61811578727946
Clarity - 80 ms (C-80);18,98643822104061;16,740873996743385;13,727489351246069;12,465900228093687;12,046311011100755;13,29207072978759;13,071950032542595;11,712098838072391
Center Time (TS);10,329630297827283;11,941365986130506;16,437978896709108;18,519484352217127;19,117308504495487;16,755314475528607;17,313242138637936;20,923235677874437
Strength(G);10,569396023778776;10,624238642366258;11,270280392254008;11,338181817994524;11,30205940575297;11,01569874492752;10,93727268220941;11,44198612770623
Lateral Fraction(LF);2,2565049790795104E-08;2,9430610571645244E-07;0,00011782746509237798;0,00031319328097279247;0,000291793642241083;8,705276174985228E-05;3,442523811501758E-05;1,2046852696155764E-05
Lateral Efficiency(LE);8,431517825616724E-09;1,4445975302433548E-07;5,79321856938375E-05;0,00016267462684000158;0,00014824874215151203;4,278374401875337E-05;1,7171546646789285E-05;6,386711778488378E-06
Receiver 18;63 Hz.;125 Hz.;250 Hz.;500 Hz.;1000 Hz.; 2000 Hz.;4000 Hz.; 8000 Hz.
Early Decay Time (EDT);0,25379995886573775;0,3502968026084549;0,40948855622297486;0,46865915397277147;0,47271056550932605;0,44382307383313785;0,4427470701348429;0,4229891062974354
Reverberation Time (T-10);0,26932735978155137;0,33733214081450397;0,3967489259338195;0,4539136487367436;0,4642531033580883;0,4469965448266108;0,44736591421823;0,4304598946421021
Reverberation Time (T-15);0,25734066126740635;0,3351776312485834;0,4148265133853568;0,4520327276544338;0,46069610840225833;0,4453924973046427;0,4464642775789844;0,43459003793246015
Reverberation Time (T-20);0,27301105174938206;0,34109477830376195;0,4042915241105851;0,4379992461737107;0,4442099638756282;0,43010745835888303;0,43234753874610504;0,4226863412185396
Reverberation Time (T-30);0,28135660306574095;0,3283652560160663;0,38264824461553654;0,4084505808623073;0,4116632662916116;0,39973343315530285;0,40090063188797037;0,39814425822224064
Clarity - 50 ms (C-50);15,3444185866571;13,460336974261002;11,149634980360634;10,030894111398512;9,496266849068682;9,38248092014668;9,323260862269786;9,7078574363158
Definition/Deutlichkeit (D);97,16173207326449;95,68662193612971;92,87270710006474;90,9677104193665;89,90393755212297;89,66362619667666;89,53656366244928;90,3376443663801
Clarity - 80 ms (C-80);22,09597720698213;19,107201566174265;15,91660021647838;14,451390135451426;13,887555943052643;13,946272888065327;13,898720920511176;14,367189453041975
Center Time (TS);7,496921995586512;8,077560692768264;11,174008268574873;13,278188406283201;14,6560268201917;15,380353801914662;15,565265871725286;14,837643442285156
Strength(G);8,438640631865773;7,958045653562547;8,245916729205007;8,429131241122093;8,679745418968054;8,958067870900692;8,994229541540562;8,945779031729202
Lateral Fraction(LF);2,3195861933714623E-08;2,2558419990864025E-07;8,301653519803484E-05;0,00022517111400540015;0,0002432295055266703;8,328656849911707E-05;3,357818139742596E-05;1,0602717228576224E-05
Lateral Efficiency(LE);4,7597605813569544E-09;7,22535998621007E-08;3,050047579715166E-05;8,9062303658619E-05;9,733546304577463E-05;3,149562300907383E-05;1,2617882980435685E-05;3,842134463630112E-06
Receiver 19;63 Hz.;125 Hz.;250 Hz.;500 Hz.;1000 Hz.; 2000 Hz.;4000 Hz.; 8000 Hz.
Early Decay Time (EDT);0,2960401948767412;0,38821517388703136;0,4393355477120165;0,5015915800701027;0,47544121304012793;0,4434665938250192;0,44817190385465266;0,47196165269462154
Reverberation Time (T-10);0,2624398219805312;0,3308334587749773;0,4274579520414302;0,5109355509089185;0,5090562892189947;0,46800485064911546;0,49078643391594795;0,5232202991769198
Reverberation Time (T-15);0,2797493537907764;0,3555268533268871;0,44959772025806083;0,5057868167793703;0,5107739637144407;0,4683253111921171;0,47887951296216696;0,5187727062597906
Reverberation Time (T-20);0,29811429097064324;0,35941740826872554;0,45431405824618204;0,5025828763013758;0,5022820135622598;0,45424195166375875;0,46674529679057525;0,5348420869073166
Reverberation Time (T-30);0,30355894149917656;0,35747392101350317;0,4973054408692417;0,5573718954857732;0,5912728395230488;0,5006381884046353;0,5187807973838496;0,6169741476012801
Clarity - 50 ms (C-50);14,188504649481043;12,903944566010354;10,482432010587043;9,308689235914777;9,220037617030371;9,512087829555849;9,275656038074963;8,52704817387647
Definition/Deutlichkeit (D);96,32800483864405;95,12579444596294;91,78637246078348;89,5050880230924;89,3117888176845;89,93695537886526;89,43342457913948;87,6903181538376
Clarity - 80 ms (C-80);19,68770410604713;17,346407959651774;14,430044319119581;12,771410465192757;12,481275450223277;13,175405156029553;12,90655261757551;12,023493294035399
Center Time (TS);9,407166228475832;9,833656126656749;13,423128778121733;15,994951484990052;16,8474464811459;16,1196157595337;16,696695722882012;19,082943206768668
Strength(G);9,43023046345752;9,047381382596143;9,242640131189269;9,359123305797318;9,55374764036631;9,68694973510776;9,750131823180354;10,081853666805955
Lateral Fraction(LF);2,3065317105892284E-08;2,334654448345443E-07;8,570251481550586E-05;0,00022664806978033383;0,0002448016898468099;7,89606051318482E-05;3,222739805037226E-05;1,0498316843710558E-05
Lateral Efficiency(LE);6,7446998216307205E-09;1,0598434799536778E-07;4,419640123491692E-05;0,00012265408710851312;0,00013302004254119723;3,7356167143200186E-05;1,479114835863026E-05;5,080101912585962E-06
Receiver 20;63 Hz.;125 Hz.;250 Hz.;500 Hz.;1000 Hz.; 2000 Hz.;4000 Hz.; 8000 Hz.
Early Decay Time (EDT);0,3019191084613076;0,3964963360752042;0,47291533490345605;0,5134336010759127;0,5304565100904591;0,4581759341597957;0,47473799557573515;0,530153975137401
Reverberation Time (T-10);0,278980505284194;0,3484858741815787;0,49226117301953554;0,5478443678853406;0,5800384304356275;0,5131061604657697;0,5343180379131361;0,5701282323391514
Reverberation Time (T-15);0,2969367569516583;0,3780440193809182;0,5088444469700923;0,5677627922997829;0,584069347908421;0,5200322741849894;0,5352777069346512;0,5810360448781497
Reverberation Time (T-20);0,30824979657278506;0,38236895699728896;0,5179670005793731;0,6039839038636231;0,5984082323873399;0,5260165732557275;0,5268573437652506;0,6188872487805595
Reverberation Time (T-30);0,3228749115344673;0,39240058933086563;0,5705560478314813;0,6765469185362901;0,7189571808085499;0,6209095752373872;0,6301785244265972;0,6886825580859078
Clarity - 50 ms (C-50);12,652672227344581;11,372467534184858;8,946603507669105;7,984479835652191;7,747563077997337;8,847984695008366;8,468068176982735;7,098481725075564
Definition/Deutlichkeit (D);94,85041745649183;93,20495630504763;88,69573370030723;86,27705483441679;85,61829808837773;88,46604758944964;87,54297129476552;83,6783224868776
Clarity - 80 ms (C-80);18,31673541700342;15,652999917266584;12,572163287213236;11,473324563761665;10,87697920277792;12,171358163031092;11,758347431237198;10,624445466985513
Center Time (TS);11,653620070728078;12,295812246924896;17,303727811125135;20,231976771938587;21,105018478813484;18,114984141313055;18,95740296828364;23,833189036548223
Strength(G);10,38439297745365;9,904118795494924;10,22181188504814;10,375396593360485;10,386705458661261;10,364581079640551;10,456664256316799;11,08151358598009
Lateral Fraction(LF);2,7625348717149E-08;2,741957907360791E-07;9,726915178649713E-05;0,0002693582216597302;0,0002696443367620424;8,118986394601957E-05;3,269124220573183E-05;1,2101990199149262E-05
Lateral Efficiency(LE);1,0497495062710048E-08;1,5707690591088642E-07;6,0303530860548874E-05;0,0001845216678865402;0,00018203028048234405;4,916518026205038E-05;1,8941790070821144E-05;7,485979581222133E-06
Receiver 21;63 Hz.;125 Hz.;250 Hz.;500 Hz.;1000 Hz.; 2000 Hz.;4000 Hz.; 8000 Hz.
Early Decay Time (EDT);0,301026227187942;0,38178742131598487;0,48222669560059134;0,546511724485616;0,5269634871827152;0,48578089454777595;0,4874519860982272;0,5489574622225551
Reverberation Time (T-10);0,310169499161014;0,38866672459284624;0,5176675576285039;0,5801154112430957;0,5937127659981485;0,5404848014556977;0,5473665360245602;0,6046424747211916
Reverberation Time (T-15);0,31889688844834224;0,39518481925648974;0,5440141690245949;0,5975721241667828;0,5973888654495396;0,5483630125560356;0,5699159046885723;0,6296290521323842
Reverberation Time (T-20);0,3305936808451251;0,40662622365300344;0,5519116385753422;0,64467370577793;0,6421551663488797;0,5612658623900372;0,6042158059933107;0,6738351981952844
Reverberation Time (T-30);0,34390045083202986;0,4282461965682711;0,6062162828276484;0,7304526122680151;0,802739619790556;0,7244926683732531;0,7585841864423922;0,7472888098665894
Clarity - 50 ms (C-50);11,640187890641272;10,228014734163928;8,1998399707745;7,3980499158445925;7,434932122378427;8,260383576761457;8,15011010879417;6,426475454701074
Definition/Deutlichkeit (D);93,59057653061626;91,35179431937334;86,86436058951162;84,60596536391354;84,7399767889742;87,02533554065042;86,73026718386016;81,45962648722316
Clarity - 80 ms (C-80);17,192574509745576;14,77320467787118;11,840385302782403;10,607343337507722;10,596544949890571;11,562057734772111;11,449585345781948;9,831553860031377
Center Time (TS);13,760144662465954;14,704304751158768;20,00201903239667;22,834471951787474;22,786259529902527;19,769531734668252;20,3530122300142;27,491808714219946
Strength(G);11,03626888802112;10,508788371858966;10,975117992920772;11,040835251807849;11,05100547734284;10,643951038350714;10,792595020226209;11,901674853289876
Lateral Fraction(LF);3,320144706670753E-08;3,4945908710776025E-07;0,00011959711406920356;0,000319522923160778;0,00032370030810438246;9,068523427495205E-05;3,628718109417434E-05;1,5105902227870615E-05
Lateral Efficiency(LE);1,293737533124794E-08;1,790817143504712E-07;6,584104614469052E-05;0,00019807881063459436;0,00019209331336654545;5,099688495238472E-05;1,9372030980183107E-05;8,679442973519632E-06
Receiver 22;63 Hz.;125 Hz.;250 Hz.;500 Hz.;1000 Hz.; 2000 Hz.;4000 Hz.; 8000 Hz.
Early Decay Time (EDT);0,3046837674649747;0,35887392982849714;0,4769945917833638;0,5558137049009872;0,505895253310731;0,4824435681837315;0,4892162349961358;0,5543483455776533
Reverberation Time (T-10);0,32196097116897066;0,3871994329560675;0,5134582652473093;0,575304983800763;0,6066230507932348;0,5606377116017616;0,549558883128262;0,6247539613199788
Reverberation Time (T-15);0,3254858994292226;0,40318873723077286;0,5394633700843803;0,5994328564829994;0,6315644787059848;0,5770839434152769;0,5760554326633754;0,6531298921149633
Reverberation Time (T-20);0,33725009999827626;0,41321188233515976;0,5599545230576749;0,6562405453061555;0,6990708426326394;0,6096274388261609;0,6244665941571087;0,7017214533403722
Reverberation Time (T-30);0,34759837817081507;0,43511676813946976;0,618164675333534;0,7382894383194832;0,8111952433650543;0,7283370418255353;0,7458897722292852;0,7677078313182132
Clarity - 50 ms (C-50);11,366356512334795;10,165484104029392;8,070568860475756;7,125072224570992;7,732258894985565;8,207643341973071;7,92254198628379;6,335891096302991
Definition/Deutlichkeit (D);93,2054448626247;91,23266138296896;86,52108544077294;83,77978800221449;85,58907755614965;86,89189391136914;86,12504309876637;81,19233644850277
Clarity - 80 ms (C-80);17,085866525736325;14,961489466337053;11,914741027161107;10,586178103677856;10,965748589176984;11,782332406802658;11,673362459284036;9,796282543641366
Center Time (TS);14,193267265435068;15,72038870657121;20,978714231429922;24,319935174028807;23,09799474052522;20,67909481758713;21,374489794224143;28,360897766793325
Strength(G);10,864725963900366;10,745229044950541;11,232973123308113;11,247686803290023;11,494319102805534;10,69645485842343;10,713885650961593;11,870025538375252
Lateral Fraction(LF);3,354004264149441E-08;3,981896643108362E-07;0,00013094464271392662;0,00033803738616663373;0,0003412070079655817;0,00010112093825302212;4,0080648726359065E-05;1,537333118045155E-05
Lateral Efficiency(LE);1,2008265642798741E-08;1,8526659375571543E-07;7,296642341795653E-05;0,00020104101435880508;0,00018183421603455013;4,8327224363096095E-05;2,037783489640346E-05;8,081729699931493E-06
Receiver 23;63 Hz.;125 Hz.;250 Hz.;500 Hz.;1000 Hz.; 2000 Hz.;4000 Hz.; 8000 Hz.
Early Decay Time (EDT);0,27956479309862814;0,3448499696482668;0,4423576784466254;0,48731429507519086;0,49176945583759774;0,4496557714769997;0,4681829039753851;0,5118345965602438
Reverberation Time (T-10);0,3132315493264447;0,3761303965175712;0,4984598283407551;0,5617777819439439;0,5641072218216516;0,517221067668328;0,5055734572000156;0,5745381864981349
Reverberation Time (T-15);0,3094518148579638;0,3794203129879518;0,5158366097840329;0,5806773139725057;0,5769751215823338;0,5291065861534991;0,5311226558220071;0,5939286735751806
Reverberation Time (T-20);0,3206828799910424;0,3915127438102975;0,5207334637421629;0,6183439811074225;0,6141352350450984;0,5173009163878712;0,5433772021797307;0,6147908947616486
Reverberation Time (T-30);0,32842276010406446;0,40308603786321057;0,5736226500547522;0,6656454031511069;0,7424753330777653;0,6465300009058152;0,64942757027408;0,6986377941302979
Clarity - 50 ms (C-50);12,312847045194669;10,583677453708187;8,63152008270956;7,816984775329462;7,615858599169218;8,261929063376911;7,941272588516073;6,988731697475588
Definition/Deutlichkeit (D);94,45781220233931;91,96812247949914;87,95200566557486;85,8192352252066;85,24289760106657;87,02092277426581;86,1642268207668;83,33023629927774
Clarity - 80 ms (C-80);18,478370441168828;15,874643546779343;12,59177068953193;11,529707470008123;11,319135636120139;12,37966715060086;12,234767464019425;10,767858223760157
Center Time (TS);11,679117945188363;14,093152902211871;19,040914358947234;21,984422999267963;22,544897269543796;19,85450570624718;20,63494081523376;24,839253754978085
Strength(G);9,552387215755878;9,478849122875534;9,99272917091649;10,222275959824152;10,287843421110274;9,838165065119497;9,911445241270286;10,52616837276166
Lateral Fraction(LF);3,001593406321749E-08;3,3939494215303207E-07;0,00011558182395832783;0,00031973111328659237;0,0003304544556974681;9,97729793105493E-05;4,0291864546172754E-05;1,388606643724195E-05
Lateral Efficiency(LE);7,81927344190873E-09;1,479165957585028E-07;5,570965519352691E-05;0,00015917744309270398;0,0001644594559337162;3,969943213578023E-05;1,7612470406624518E-05;6,189344129131543E-06
Receiver 24;63 Hz.;125 Hz.;250 Hz.;500 Hz.;1000 Hz.; 2000 Hz.;4000 Hz.; 8000 Hz.
Early Decay Time (EDT);0,20354563386162458;0,3045986732281206;0,3943096769932861;0,45783414075174256;0,47163784465030245;0,4440525728188861;0,44299369346434353;0,41624999143691527
Reverberation Time (T-10);0,2611193389596863;0,3459438189041919;0,4253224732512973;0,48950889696386063;0,5013691346835295;0,48320824712924204;0,4870528201440316;0,46534185072890244
Reverberation Time (T-15);0,2695572115975036;0,348313761393726;0,4338808415354594;0,4713648815620385;0,4788588723792193;0,46296929828036437;0,46601157443653096;0,4604338264210773
Reverberation Time (T-20);0,27823611402452675;0,3535550364917303;0,41995034206276016;0,45753916546874657;0,4603227571199155;0,4477916802662757;0,45211425620388324;0,4446803158980784
Reverberation Time (T-30);0,2904024060051602;0,3429372692891537;0,3931002495761269;0,4140994097321318;0,4179174339855334;0,41008081756098186;0,41076948082250814;0,40336239736075963
Clarity - 50 ms (C-50);14,892570734748716;12,527761933168824;10,165008558275563;8,985536245371232;8,493846753929542;8,48512325454273;8,45947411674321;8,863498971308816
Definition/Deutlichkeit (D);96,860295915008;94,70810805614886;91,21825348738717;88,78530500923436;87,60755788784445;87,58573395864245;87,52137533771979;88,5024479064474
Clarity - 80 ms (C-80);21,72142381334546;18,158444950485716;14,823284316068007;13,278761203770078;12,795429932129492;12,99617414100176;12,954375618419858;13,433065827340476
Center Time (TS);8,262670930123962;9,351935697323945;13,135121088042526;15,676242536751584;17,13106044421976;17,75197112000951;17,843097922046258;17,00592868118565
Strength(G);7,612252509231464;6,821759457572487;7,170728298208019;7,3820133245526804;7,668850787127688;8,035813781773946;8,069235340176995;8,019569518236445
Lateral Fraction(LF);3,4317373669831966E-08;2,8892982758578463E-07;0,00010099497001773792;0,00026718220585756817;0,0002903183684915524;0,00010338465760245781;4,174766555635455E-05;1,3346725347805232E-05
Lateral Efficiency(LE);4,1159547420555364E-09;7,393344041737023E-08;3,333584953290584E-05;9,88409174955227E-05;0,00010569037426969004;3,386539695940469E-05;1,3397226206322642E-05;4,035181164079241E-06
Receiver 25;63 Hz.;125 Hz.;250 Hz.;500 Hz.;1000 Hz.; 2000 Hz.;4000 Hz.; 8000 Hz.
Early Decay Time (EDT);0,2544190313433919;0,33731073440799053;0,4307090089704819;0,46485766693123687;0,45764750847920893;0,42914800345598336;0,44908081087717944;0,4664177017406094
Reverberation Time (T-10);0,27644594134414;0,3245291964986302;0,4727566410889742;0,5407996816272224;0,529281635514527;0,5070056145289068;0,5212962998525451;0,5554324575437424
Reverberation Time (T-15);0,28576408966923833;0,36293983725600343;0,4691237702854211;0,5431043342319601;0,5318034286832939;0,49152127288978437;0,5120745771622801;0,550039595539936
Reverberation Time (T-20);0,3055133060387655;0,36576162425635256;0,46238540635485814;0,547639251908056;0,5456374354903686;0,48175544255925506;0,5000711702202701;0,5529850843452592
Reverberation Time (T-30);0,3117335760649087;0,36974863476141434;0,4844345788716007;0,572810319044569;0,6341809568317185;0,5100760499807492;0,524418005050429;0,6229527669892073
Clarity - 50 ms (C-50);13,282116310885021;11,716073281401854;9,109215229417183;8,361820312680514;8,139536681015457;8,518825965273981;8,104686343425605;7,626428756241173
Definition/Deutlichkeit (D);95,51403815382817;93,68923014731865;89,06574535717118;87,27372044868044;86,69432260595143;87,66986724879266;86,60148398435423;85,27142747297754
Clarity - 80 ms (C-80);19,461418196298006;16,877735505877297;13,383018961420687;12,132706196036956;12,078387133150937;12,563620613194004;12,206075718454528;11,407625259168109
Center Time (TS);10,73014718678084;11,871655380394877;16,696284642969204;19,02316183548299;20,114975092305663;18,975821927346416;19,989706549294308;22,24995575772695
Strength(G);8,334717317055212;7,751949062438442;8,17499512135926;8,347971423260475;8,53153372602349;8,669392826601495;8,754835726740978;9,085934177160283
Lateral Fraction(LF);3,213566932061635E-08;3,065641094081108E-07;0,00011091126291642037;0,00029454291181223315;0,00031620493980744296;0,00010256071542676646;4,162436728485991E-05;1,3486756933821919E-05
Lateral Efficiency(LE);6,10338775717429E-09;1,0443516341129527E-07;4,470251269953794E-05;0,0001170326112788228;0,00013294661180870805;3,55366393118346E-05;1,4659595954298807E-05;4,922361021965896E-06
Receiver 26;63 Hz.;125 Hz.;250 Hz.;500 Hz.;1000 Hz.; 2000 Hz.;4000 Hz.; 8000 Hz.
Early Decay Time (EDT);0,27227901904868945;0,3474764953231359;0,4380762590833693;0,4850840001518698;0,48440652058323347;0,4274564603147062;0,4570999446090557;0,5203028987248004
Reverberation Time (T-10);0,29060205600810624;0,35744085569797757;0,4984885367061973;0,5787979721139921;0,6154334217934565;0,5292493120306666;0,5540095321497585;0,6076714400415897
Reverberation Time (T-15);0,29985797200532244;0,38750967960419913;0,5250567924500018;0,5996719683333511;0,6169680751870605;0,547431663991626;0,554728988674723;0,6158802066736773
Reverberation Time (T-20);0,31826664040930536;0,40077752905539304;0,5327153303244588;0,6377467919828073;0,6573515405962922;0,5615321616786848;0,5499147813515649;0,6455528727473482
Reverberation Time (T-30);0,3287541241594535;0,40266695883645803;0,5820936650895547;0,6977502183719407;0,7514459222703067;0,655889444048377;0,6312928629867285;0,7122502351228012
Clarity - 50 ms (C-50);12,039841269820524;10,417145564192662;7,974748460046648;7,118947709587258;6,933388757512881;8,080038998134143;7,562242407942831;6,1912755205146475
Definition/Deutlichkeit (D);94,11591494851481;91,6723263739595;86,25050354901;83,74258187290336;83,15246870646429;86,53549525417195;85,08483914756759;80,62138614979516
Clarity - 80 ms (C-80);18,1785954018317;15,111673972244207;12,049432053896659;10,87886456129272;10,68377180198831;11,763772659084118;11,224576643526419;9,872531553531712
Center Time (TS);13,448789518545624;15,308128987939952;21,364497572752825;24,300706002968173;25,714346138946887;21,584458974781562;22,796794304095027;28,418906188264142
Strength(G);9,39150945991572;8,679965878729135;9,304896960911591;9,398850336335833;9,552839865163577;9,351550125043488;9,513099754564522;10,231611033217597
Lateral Fraction(LF);3,662443573946503E-08;3,662977937200923E-07;0,00013209646621286657;0,00034734665825279554;0,00035880526819484173;0,00011026273674174431;4,360298769047937E-05;1,5636113513393357E-05
Lateral Efficiency(LE);1,011310696986061E-08;1,6976241741751155E-07;6,543424132314704E-05;0,00019369637100712187;0,00020184209648880478;5,004188819157525E-05;1,9156557580322995E-05;7,495557836121393E-06
Receiver 27;63 Hz.;125 Hz.;250 Hz.;500 Hz.;1000 Hz.; 2000 Hz.;4000 Hz.; 8000 Hz.
Early Decay Time (EDT);0,2839214768064434;0,35482672619669225;0,4791274653310772;0,5482874534616112;0,5364822461955083;0,4711599047474448;0,4807451870533112;0,5568057317319868
Reverberation Time (T-10);0,31364623064183844;0,3993366809946473;0,5617738696848409;0,6115973272386722;0,6549600441971261;0,5925056875308148;0,6116270815022342;0,6414272815455936
Reverberation Time (T-15);0,3292056102952722;0,4160522828563162;0,5802814750688021;0,6376085117231556;0,6414380247290806;0,5957535141974268;0,6145597754228609;0,6688991167473354
Reverberation Time (T-20);0,3412146992035561;0,4240622252498548;0,5781691264702767;0,6937218790072693;0,7021330241836264;0,6285694710728438;0,6616995597917065;0,7035228541226076
Reverberation Time (T-30);0,35222380389749036;0,43840305182810085;0,6300351686403679;0,7531186741532094;0,833051830079532;0,7627185459118354;0,7765759282786125;0,7643156648940953
Clarity - 50 ms (C-50);11,086633976440147;9,410789013770833;7,080394373719564;6,204709516332621;6,430682625241753;7,362249229763689;7,107189332473709;5,349089719440209
Definition/Deutlichkeit (D);92,77835878971594;89,7238804808034;83,63355805865955;80,66966782700999;81,46812164919577;84,49094776197116;83,70568770929367;77,4111328554215
Clarity - 80 ms (C-80);16,82778455302233;14,047451944294412;10,966767461137882;9,742933926422168;9,689846466587662;10,97184186797996;10,647514767223727;9,081809407635168
Center Time (TS);16,15125058888844;18,623248242116173;25,454181782187398;29,355957431948706;28,915899783786152;24,894176633983065;25,878000158079946;33,33831314675722
Strength(G);10,265512975233705;9,574141342013942;10,232712540028501;10,41245301176474;10,517201144037472;9,908089912650446;10,099931971482945;11,378208379210498
Lateral Fraction(LF);4,509515071745698E-08;4,825296004565391E-07;0,00016494691510614685;0,0004528321884507267;0,00044979411078352547;0,00012918680733884472;5,068682327248893E-05;1,9707011689391513E-05
Lateral Efficiency(LE);1,3928511261636346E-08;2,3174193422871563E-07;8,601882858764182E-05;0,0002444722584471338;0,00023665909354815334;6,000927670755671E-05;2,3314223043356453E-05;1,044457211492192E-05
Receiver 28;63 Hz.;125 Hz.;250 Hz.;500 Hz.;1000 Hz.; 2000 Hz.;4000 Hz.; 8000 Hz.
Early Decay Time (EDT);0,3009846651019016;0,3608239557338701;0,49178369608811645;0,5496468063270809;0,5427161934726551;0,48890699957406186;0,47823071648641696;0,5696729275854855
Reverberation Time (T-10);0,327934319247189;0,40021930866800837;0,5578967585035992;0,6163830399557976;0,6624183012157095;0,6059986625875413;0,6012242550820882;0,6710612525513375
Reverberation Time (T-15);0,3405980764202828;0,42386907829429193;0,5748388631116591;0,6495231207905928;0,6910589460377135;0,6127860066669311;0,629081037582476;0,6870133142394659
Reverberation Time (T-20);0,3483353414143117;0,43107880896715295;0,583007978863132;0,6871437017795645;0,7300087108260875;0,6617917520033896;0,6716829297176042;0,7154607733794166
Reverberation Time (T-30);0,35540558720534987;0,44444413117206993;0,6349352972671487;0,7552529826145555;0,8281131690214467;0,7601456564590858;0,7750593402664776;0,7735147760934441
Clarity - 50 ms (C-50);10,65421025931707;9,00164989720649;6,664697642435802;6,116785890888367;6,267503415334769;7,0595098710261475;6,957590166189773;5,218944504474237
Definition/Deutlichkeit (D);92,07967921202504;88,92395426091309;82,38749436996149;80,44621901139773;80,94838043112424;83,6018185119101;83,24504670987156;76,89678173245233
Clarity - 80 ms (C-80);16,42895699197905;13,924654689748731;10,69614460130663;9,597004456728971;9,503439556561352;10,85132323256967;10,720651141657733;8,798217851848387
Center Time (TS);16,390460101228502;19,517990849482494;26,827404622090835;30,314570491720392;29,734341331181543;25,650505296938817;26,61196595310836;34,42050257488014
Strength(G);10,071275000934733;9,882292137264109;10,461572255146166;10,82021348681969;10,915855035085954;10,1337925829528;10,23696142765715;11,434553706604191
Lateral Fraction(LF);4,3367823696461275E-08;5,139440455388876E-07;0,0001731023397381551;0,0004720916244127598;0,0004494528637508935;0,00013343406962486036;5,4450786904577505E-05;1,9505716319400196E-05
Lateral Efficiency(LE);1,3198972985386807E-08;2,1784579579933885E-07;8,622746168127261E-05;0,00024138355617098558;0,00021370342977052078;5,3106038511510823E-05;2,3569573090141678E-05;9,551179072230052E-06
Receiver 29;63 Hz.;125 Hz.;250 Hz.;500 Hz.;1000 Hz.; 2000 Hz.;4000 Hz.; 8000 Hz.
Early Decay Time (EDT);0,2661401600991149;0,3344477240526129;0,4583912181717305;0,5052347960073099;0,5036436193459761;0,44214899359247006;0,4579741285894246;0,5225118803341061
Reverberation Time (T-10);0,3116814112374859;0,38149140056328296;0,5488458969284123;0,6294915963880173;0,6408356144676901;0,597368929759964;0,5896805875388678;0,6435530904261655
Reverberation Time (T-15);0,3145508600424658;0,4069006712685152;0,548597051016911;0,6313724273942375;0,6396745670837196;0,5825843541411538;0,5986267532039227;0,6386832946899813
Reverberation Time (T-20);0,3329440835103715;0,4206143315943319;0,5419096549450642;0,6508763986388677;0,6600601697203413;0,5593986187600797;0,5961267843303052;0,6432959266300029
Reverberation Time (T-30);0,34165916581257233;0,41851289582989754;0,5847627871599371;0,7101864388621292;0,7502943779735515;0,6750911505006058;0,6991029632077508;0,7161138621496355
Clarity - 50 ms (C-50);12,097234741904972;9,94961896981301;7,712216768171133;6,96231022760429;6,821400178827336;7,89941553480968;7,517853153469644;6,329393708929071
Definition/Deutlichkeit (D);94,18867438056093;90,812761606369;85,51779138189714;83,24555550833325;82,7881300707138;86,04674113696393;84,95466340678196;81,11341931033203
Clarity - 80 ms (C-80);18,07614148204165;15,092693493146731;11,521334745629467;10,288905591140235;10,152620524428809;11,566068592980672;11,343695810227828;9,845334257236518
Center Time (TS);13,08163701701634;16,58769921227596;22,910912465563502;26,541318307604698;27,03707983792254;22,89617413119086;24,10750743636138;28,87811079415139
Strength(G);8,80503769054026;8,573563640411177;9,19996900446364;9,606234722968203;9,627696072578338;9,176873731153819;9,226200071854365;10,001341907117009
Lateral Fraction(LF);3,866404052474277E-08;4,2510464250626664E-07;0,00014154712512236205;0,000399337643852817;0,0003932042094395526;0,00012220169493689232;5,004313540038372E-05;1,6699009034335326E-05
Lateral Efficiency(LE);8,532431136586483E-09;1,4939004941608064E-07;6,338516070935772E-05;0,0001825261778778107;0,00017687932292131172;4,4095331900957846E-05;1,941082442966156E-05;6,911819102207033E-06
Receiver 30;63 Hz.;125 Hz.;250 Hz.;500 Hz.;1000 Hz.; 2000 Hz.;4000 Hz.; 8000 Hz.
Early Decay Time (EDT);0,19416078474880363;0,2607595308047943;0,3592443543408555;0,4122292884378873;0,4295375920998534;0,4161476445248167;0,4142972096453333;0,39129358663242936
Reverberation Time (T-10);0,274696967426875;0,32786588596202276;0,39196059958907076;0,46628828239336023;0,48179914027204346;0,4648811673923022;0,4683493487733003;0,4472292719724197
Reverberation Time (T-15);0,2553448221620298;0,32807879544880625;0,42315380695050564;0,4842608436434369;0,4930182856413281;0,4771995572260314;0,47966853509200463;0,4648839133126267
Reverberation Time (T-20);0,26720050416146274;0,3435908701250502;0,4319968213115128;0,4731940234148814;0,479718019489693;0,4627832563959028;0,46868594827579857;0,45736153434489996
Reverberation Time (T-30);0,2981537371752696;0,3525300106441302;0,41543672027192513;0,44430721669804263;0,43234679292562306;0,43411701339462955;0,4292907682563835;0,41774720033410234
Clarity - 50 ms (C-50);14,686247166525826;12,246954907367986;9,889677375441149;8,736591167747426;8,294781903003628;8,295195956081653;8,30138241693454;8,696093783015543
Definition/Deutlichkeit (D);96,71255760238274;94,37452391140413;90,69695796583976;88,201738240363;87,10128694415408;87,1023580374414;87,11835246281542;88,10435493470938
Clarity - 80 ms (C-80);21,804181923714992;18,09527554035784;14,819544430740974;13,24730952539397;12,774505964666334;12,906791103207587;12,865079680549753;13,418726826135012
Center Time (TS);8,880388661480563;10,539102643886903;14,565253218140253;17,22735841899866;18,564096930680254;18,967157093918413;19,054436570399563;18,085156434795532
Strength(G);6,933621401015074;6,11820340524131;6,604800533508033;6,897237937292893;7,1895314588511;7,569816554895958;7,611547551259186;7,537378685435549
Lateral Fraction(LF);2,641846602482119E-08;2,9793189824950623E-07;0,00010760709856461192;0,000288106934256525;0,00030633758046960576;0,00010285220549332948;4,150301889260208E-05;1,3000927374681396E-05
Lateral Efficiency(LE);3,6723172470929225E-09;6,670503299123983E-08;3,020901709151434E-05;8,890001006485111E-05;9,558641467352417E-05;3,0229995519635225E-05;1,2026706232537133E-05;3,5729855013608582E-06
Receiver 31;63 Hz.;125 Hz.;250 Hz.;500 Hz.;1000 Hz.; 2000 Hz.;4000 Hz.; 8000 Hz.
Early Decay Time (EDT);0,230215840765842;0,32557466899658494;0,43822988743540686;0,47140376543390516;0,47582468723522386;0,44483299563673323;0,4463005999013771;0,46440625056044316
Reverberation Time (T-10);0,29453579235783545;0,33968555406189227;0,4694615673628531;0,5270135243332185;0,5626626596063369;0,5043849422060275;0,5267305229035469;0,554041349896577
Reverberation Time (T-15);0,2839446727963185;0,3760588100622029;0,4861877278834622;0,5466629595261506;0,57076497308029;0,5161009518062795;0,5324144434310263;0,5732177898707439
Reverberation Time (T-20);0,3055433033906966;0,3836716233889704;0,494046723051465;0,5641263148375598;0,5657984318830179;0,5081980956945157;0,527184084739359;0,5861348381033534
Reverberation Time (T-30);0,3265261217750994;0,38797124456202087;0,5102850152952082;0,6826102662049809;0,6512693857151323;0,5711484590116325;0,569995907125216;0,6510516174020841
Clarity - 50 ms (C-50);12,969444918794403;10,972021803421647;8,258631064496068;7,391421967963945;7,107666100782442;7,638944298587327;7,5383560059008605;6,997037528345471
Definition/Deutlichkeit (D);95,19525009047146;92,5972054006363;87,00747766046521;84,57876538201215;83,70718497198652;85,3075841105955;85,0149058006762;83,35678565275131
Clarity - 80 ms (C-80);19,456164770799408;16,18295677834262;12,712533481871187;11,5227462102857;11,207558000864195;12,158957908173528;11,750420834823341;10,961183559794378
Center Time (TS);11,018435527111874;13,05710684036151;19,166681910809125;21,795327775912742;22,672749011844612;20,74200846366508;21,490441772955183;24,187167800187602
Strength(G);7,476880271348136;6,805304039822893;7,3936774533715734;7,617825642148119;7,843054367700198;7,9315455997230515;8,07200984358785;8,390849128532615
Lateral Fraction(LF);2,5973903015025065E-08;2,902620737517718E-07;0,00010294248149416178;0,0002772917099667737;0,0002907593340125824;9,75614636396951E-05;3,896785350733184E-05;1,2192139381633806E-05
Lateral Efficiency(LE);4,124925274445658E-09;7,529643365008762E-08;3,271663202347213E-05;9,308791057433514E-05;9,401901173106E-05;2,786215400188792E-05;1,126851434692848E-05;3,6311045930396702E-06
Receiver 32;63 Hz.;125 Hz.;250 Hz.;500 Hz.;1000 Hz.; 2000 Hz.;4000 Hz.; 8000 Hz.
Early Decay Time (EDT);0,254884641001947;0,32482311410573195;0,43875136088667116;0,4911364845269426;0,49869177281259713;0,4388146957115914;0,4642042498388308;0,5352247326669612
Reverberation Time (T-10);0,3074423130896184;0,3671208382301997;0,5210839308794307;0,6070616106091706;0,6256062677648423;0,5489901743418846;0,5804632040046441;0,6273275704868906
Reverberation Time (T-15);0,31022282831370784;0,4051679428313391;0,5393984016320882;0,6346653167398558;0,6532942678620958;0,5702318884273379;0,582918156517674;0,65142045394275
Reverberation Time (T-20);0,3251594333155679;0,41644332392370603;0,5543001549240145;0,667205530032309;0,718009084371976;0,5949957575629284;0,5914200327023305;0,6797811409603443
Reverberation Time (T-30);0,33704353576690405;0,41723554655936357;0,5884619184109013;0,7315590628931374;0,7789129238277244;0,6981822517285836;0,6559567426163538;0,7282057529040006
Clarity - 50 ms (C-50);11,63636180993224;10,036493070030946;7,296554237477818;6,574175610898406;6,362260365898026;7,320893830586205;6,889657010569659;5,59868881158907
Definition/Deutlichkeit (D);93,57983632229883;90,97829756015227;84,2916938371219;81,96177519705276;81,22908213882616;84,36575800730614;83,0109308894442;78,40025616762533
Clarity - 80 ms (C-80);17,952415240563806;14,95386454417011;11,361253387683206;10,192931441837121;10,115276770620412;11,52331595146481;10,747727271601615;9,330556508637578
Center Time (TS);14,038168466467162;16,585378718620905;24,274006914212954;27,47631660649238;28,206452660256822;23,491996507613607;24,994852714307623;31,331307816989604
Strength(G);8,603693010780422;7,908764576516333;8,699179843925016;8,763754771434023;8,999962429134968;8,699333289147475;8,860037411921482;9,783435997448507
Lateral Fraction(LF);3,57841210576925E-08;3,717400167942968E-07;0,00013254467633050927;0,00033235436737455296;0,00035753603570668103;0,00010859001322954313;4,4539774354956027E-05;1,4949951801352544E-05
Lateral Efficiency(LE);7,582451759409377E-09;1,2135640115532643E-07;5,094171222249619E-05;0,00013262660638257883;0,00013894182681019966;3,4355145145629875E-05;1,382721157945984E-05;5,587484247489574E-06
Receiver 33;63 Hz.;125 Hz.;250 Hz.;500 Hz.;1000 Hz.; 2000 Hz.;4000 Hz.; 8000 Hz.
Early Decay Time (EDT);0,28023654877342863;0,3586110388027676;0,4901205082237664;0,5551374664211635;0,5508762976526339;0,4858913740228361;0,5211627440373241;0,5990996108748404
Reverberation Time (T-10);0,3295571514085662;0,41739025742775676;0,5815731246816529;0,6302890490683404;0,6893003069792749;0,6136195516486382;0,6306093657723183;0,6798277284019383
Reverberation Time (T-15);0,3430520124773324;0,42620802800673707;0,5886957437743021;0,6721544365935237;0,7127119070159456;0,638902421381162;0,6497920751486297;0,7028527731723206
Reverberation Time (T-20);0,3486402593457604;0,43550254596011195;0,5966235322112351;0,714076121603099;0,7701604036685321;0,68996331683748;0,7049098840630977;0,7328407373989151
Reverberation Time (T-30);0,359380537359814;0,4459844743189235;0,6385384624185486;0,7680158055543526;0,8463493390049885;0,7914959052253827;0,7926107111495687;0,7783505229610918
Clarity - 50 ms (C-50);10,321651903668954;8,432855539901155;6,069410931008795;5,095351918105923;5,4325964338749095;6,413435598139744;5,8911823982619;4,409334161240568
Definition/Deutlichkeit (D);91,50291900144913;87,45428191776044;80,25177055318237;76,4774247174696;77,80445327968371;81,42957693189605;79,52865165816156;73,44055475117254
Clarity - 80 ms (C-80);16,114956100148486;13,217504163036356;9,912087344481925;8,85447734397334;8,869179299172776;10,192649494411654;9,64987809764037;8,112830015404892
Center Time (TS);18,02815296307879;21,996050068873046;30,354024952866677;34,860562884082704;34,36222491634592;28,984287516280094;30,80730423889733;38,505040203691976
Strength(G);9,991234940456764;9,614557673127049;10,605450863337069;10,942493026003532;10,997490978762634;10,165298407495264;10,290562122527696;11,788652964886403
Lateral Fraction(LF);4,973608423387872E-08;6,264525685158028E-07;0,00020751743029328714;0,0005610096858963884;0,0005705579405865113;0,0001590494871315473;6,377543468838108E-05;2,263350486995991E-05
Lateral Efficiency(LE);1,516962742182009E-08;2,410735805476259E-07;9,246836088505525E-05;0,0002569322694616741;0,00022729392863777697;5,8952921163844355E-05;2,447303503630363E-05;1,1243779195664856E-05
Receiver 34;63 Hz.;125 Hz.;250 Hz.;500 Hz.;1000 Hz.; 2000 Hz.;4000 Hz.; 8000 Hz.
Early Decay Time (EDT);0,29850160852785257;0,3697748298673338;0,5102227336423826;0,5530782121360606;0,5738952808867834;0,4933969190571106;0,5069125800802653;0,6039685850234322
Reverberation Time (T-10);0,33567111201028677;0,4120068026991513;0,5652723321870611;0,6204619245646494;0,6747544033028603;0,6142650040752259;0,6221037983914117;0,6868752728438056
Reverberation Time (T-15);0,3487655666369365;0,4254600553441666;0,5790138729758116;0,6768504168514036;0,713647923646706;0,6508122650261627;0,6698682277836365;0,7062068255759778
Reverberation Time (T-20);0,35026203843566406;0,4370660903583101;0,5940880191648975;0,701370833106759;0,7653329926898045;0,706415599721263;0,7106621607405115;0,7343770344321433
Reverberation Time (T-30);0,36033073177583325;0,45025082973140784;0,6375880804766246;0,7567759048590336;0,8444534156247786;0,7921005155004612;0,8028816862776427;0,7809657051911058
Clarity - 50 ms (C-50);9,857579726248245;8,033422552224955;5,443033063928063;4,847603356668612;5,158222995835149;6,115865323910594;5,823815009132832;4,277520138967066
Definition/Deutlichkeit (D);90,65502561373445;86,57624660839693;77,84575773413697;75,41542698990828;76,68680360201624;80,38884822274599;79,31177168029502;72,80864112846801
Clarity - 80 ms (C-80);15,60060251873129;12,939043171331102;9,375429993230794;8,699578541389668;8,587149104318971;9,852558838211571;9,601724358212016;7,950429094542232
Center Time (TS);18,824561308937973;23,1825991818464;32,76911586294633;35,799453488441145;35,485000834912064;30,467443857407094;31,8131869301548;39,52928115284306
Strength(G);10,062846949102955;10,206324369108284;11,02383262425063;11,753440888340869;11,716476212140819;10,647528784964848;10,783355003945431;12,24571632462181
Lateral Fraction(LF);4,676153262119805E-08;6,215257783231507E-07;0,00020767121917348149;0,0005686296339855556;0,0005549529601399524;0,00015901872816475264;6,36928531659345E-05;2,2775360896676135E-05
Lateral Efficiency(LE);1,529844872591128E-08;2,3705682790128817E-07;0,00010275852797193209;0,0002597283581383553;0,00023134686994773915;6,155623309013827E-05;2,6395289102262655E-05;1,1141275989113865E-05
Receiver 35;63 Hz.;125 Hz.;250 Hz.;500 Hz.;1000 Hz.; 2000 Hz.;4000 Hz.; 8000 Hz.
Early Decay Time (EDT);0,278005735103764;0,3426269480530644;0,47567681531906425;0,5120190203277606;0,519632680438682;0,4435490327935671;0,4613825763724977;0,5343180942604333
Reverberation Time (T-10);0,3087747465698766;0,37796741774108844;0,5508078993677658;0,6146075842694737;0,6447364594331471;0,5899329508725821;0,595335570408843;0,6433775034127877
Reverberation Time (T-15);0,32710404107187224;0,4102133240659514;0,5547158084861231;0,6526939327404667;0,6743379586578271;0,6022574975995457;0,6316721122756425;0,6628921561560679
Reverberation Time (T-20);0,33702542113694317;0,41951667584491154;0,5656630041833879;0,666130442481373;0,7042313798050306;0,6315048198996085;0,6412298137356864;0,6782392362960902
Reverberation Time (T-30);0,34789800792311926;0,42924135781209144;0,6026697521012442;0,7100815305801703;0,7842316704208927;0,7260036938280533;0,7307397380386264;0,7404743005813356
Clarity - 50 ms (C-50);11,480866343765497;9,332872589901541;6,7427711640748464;5,970921577154076;6,053298303324132;7,325231540593629;7,02969196502104;5,5519902210252745
Definition/Deutlichkeit (D);93,36133978156845;89,55727994746992;82,52861146544814;79,81635002468957;80,1201932694739;84,37892753399075;83,46083662109494;78,21761039370703
Clarity - 80 ms (C-80);17,13547167940599;14,368700325621926;10,43865842570069;9,674579977255167;9,672886655815379;10,92163064534352;10,72330791182999;9,208705959335198
Center Time (TS);14,739731377020378;18,934780431810207;27,298950973863963;30,703622538726083;30,903634023843786;25,93733944436263;26,857737143434264;32,8414024075463
Strength(G);8,357953515055563;8,386810885552531;9,079959536552899;9,728795200406921;9,656397485807418;9,128973697252391;9,232151666885834;10,074797782535384
Lateral Fraction(LF);3,111452061461535E-08;4,077083953824112E-07;0,00013936013127256242;0,0003967801318794966;0,00037415385356851926;0,0001146238813483922;4,6745484767909876E-05;1,547603519342676E-05
Lateral Efficiency(LE);8,178533473434827E-09;1,368793950165574E-07;5,812482475683492E-05;0,00015293118009329456;0,00015789778333253533;4,072717699783923E-05;1,630064395422773E-05;6,613801348878185E-06
