Pachyderm Acoustic Simulation Results
Saved 22.12.2024 16:16:33
Filename:ORASE_FlatCeiling_Rough_Concrete (2).3dm
Source 0;
Receiver 0;63 Hz.;125 Hz.;250 Hz.;500 Hz.;1000 Hz.; 2000 Hz.;4000 Hz.; 8000 Hz.
Early Decay Time (EDT);0,23984417729325128;0,3470178029965238;0,32690073459670105;0,40883303388946773;0,4458181243599694;0,4568588558289432;0,4337337524320867;0,3995880972453992
Reverberation Time (T-10);0,2751425055412877;0,35377066234793997;0,38796051053061226;0,3787513315444782;0,40691867833065454;0,415639557803163;0,4007198348823726;0,3791778247627698
Reverberation Time (T-15);0,24509425347809635;0,2971132904416297;0,3377500442301032;0,3608122452024979;0,38752019052584014;0,39261290362320433;0,3836019580738863;0,37344602178578656
Reverberation Time (T-20);0,23419330294293472;0,285419474939074;0,3407431692824481;0,3763597545037518;0,4125120255770172;0,41854403995863915;0,40749531658931876;0,39929952898276827
Reverberation Time (T-30);0,2403254156970267;0,3145854415500321;0,40495606072877555;0,44693556130553935;0,47260190336729235;0,4756384290462572;0,47016165183314756;0,4780394863090664
Clarity - 50 ms (C-50);19,052229877001693;17,83539305578998;15,279051194799003;14,13525317888309;13,748208945223979;13,901981866828898;13,681666087234044;13,80101706258737
Definition/Deutlichkeit (D);98,7714063962391;98,38054120745632;97,11992872585125;96,28438635579248;95,95206588541413;96,08737571966712;95,8921330335316;95,99903138317605
Clarity - 80 ms (C-80);26,452096086330958;24,0662962155232;20,456747924767438;18,973161080527447;18,344598761521816;18,42838110232969;18,309796118320072;18,4309764507991
Center Time (TS);4,5118013702868724;4,1602867743020795;6,009433610901942;7,294527269665635;7,4766471322809425;7,13903717021413;7,645206475212062;7,757941418508651
Strength(G);12,491094422951956;12,218656749206737;12,450496270346555;12,623068680963662;12,581976608748775;12,508375605415331;12,619732820591295;12,685825981788533
Lateral Fraction(LF);8,915316296077222E-09;9,265111446962787E-08;3,656933338701701E-05;0,00010575716195942043;0,00010385507308282338;3,130226774783875E-05;1,3474927595687324E-05;4,432897455028169E-06
Lateral Efficiency(LE);4,61954571941066E-09;5,212031120702751E-08;2,264527411219044E-05;6,747687909924002E-05;6,772539724165738E-05;2,0573015525365266E-05;8,745346422644641E-06;2,747720783718347E-06
Receiver 1;63 Hz.;125 Hz.;250 Hz.;500 Hz.;1000 Hz.; 2000 Hz.;4000 Hz.; 8000 Hz.
Early Decay Time (EDT);0,2531273150242783;0,24384551631955578;0,3174783122037171;0,3853368775639408;0,36454014847027383;0,353506820857758;0,36651943934275627;0,3562244078321384
Reverberation Time (T-10);0,2806145410598494;0,31506364861050234;0,3884166179136703;0,4113665480630966;0,4162401132232165;0,45267588301353223;0,43603303853632325;0,5013645840485161
Reverberation Time (T-15);0,27295100243172826;0,3380101515205479;0,4018355078802907;0,43291576517230007;0,445782676623323;0,47204170546258334;0,4670078976792223;0,5651994586378724
Reverberation Time (T-20);0,2754467965899091;0,35083523145186013;0,4105406325755856;0,4454782642947119;0,47531897307457666;0,5041324840059911;0,5209649869608913;0,6224272974154464
Reverberation Time (T-30);0,28889761648340734;0,3730757732633887;0,4532967939762288;0,4978693466375933;0,5447155291581995;0,5866999032660856;0,6010571756756992;0,7210970534126449
Clarity - 50 ms (C-50);18,66306885847248;17,4596132086652;15,377140632646329;14,6943802533655;14,312835031812314;13,938838359938462;13,791615111582288;12,470532005662513
Definition/Deutlichkeit (D);98,65777772211729;98,23675489485775;97,18243645360053;96,71850644172892;96,42793491876299;96,11915662570584;95,99070803246025;94,64167306217853
Clarity - 80 ms (C-80);24,734559623108968;22,055341504898898;19,396960262522786;18,346540014402382;17,823306984530426;17,650093294792196;17,30620070581895;15,38010686193202
Center Time (TS);3,474979327440756;3,593596469897648;5,00213250111483;5,550586546931521;6,004990517746012;6,130756362964874;6,605362593345482;8,722584941146298
Strength(G);15,683433869948347;15,623369505946272;15,755143908338887;15,742529412721069;15,790028430959502;15,770565120341253;15,836813037376174;16,124043834971616
Lateral Fraction(LF);6,149762434019508E-09;7,066056852519545E-08;2,7288944047651413E-05;7,046785190486585E-05;7,470812878460497E-05;2,227504753959832E-05;9,489258144769548E-06;3,3766600858772802E-06
Lateral Efficiency(LE);2,3136032279559193E-09;2,622761358231007E-08;1,1298106683397235E-05;3,290261424784694E-05;3,420437887748581E-05;1,0679394481757553E-05;4,573874585522788E-06;1,5602179156476153E-06
Receiver 2;63 Hz.;125 Hz.;250 Hz.;500 Hz.;1000 Hz.; 2000 Hz.;4000 Hz.; 8000 Hz.
Early Decay Time (EDT);0,6502601432619637;0,4063129900687021;0,511777020642171;0,7511056509981011;0,572594250820858;0,8263703326403892;0,43775409757403155;0,3923553456898992
Reverberation Time (T-10);0,27038787531542713;0,2737490995141204;0,37719869248289295;0,4067121131551888;0,4230657266090994;0,4512981979356963;0,43347988409396365;0,5667829293313454
Reverberation Time (T-15);0,2879146256069531;0,3347703043166579;0,4408548411129063;0,4651021431842319;0,48926484205628873;0,5013453923832909;0,5034649948284208;0,6430363273624227
Reverberation Time (T-20);0,29091514586755607;0,36271059075215734;0,4573402312303178;0,48227170794171703;0,5168156830108817;0,5371925183900504;0,5600794824083979;0,7003936322631871
Reverberation Time (T-30);0,3032285288270103;0,3916455908324682;0,5109219493327668;0,569227747309433;0,6235961402705332;0,6401315395735766;0,6598477235241083;0,7785836640416703
Clarity - 50 ms (C-50);19,96009123501562;18,34230046212323;16,55788500259903;16,308499806952383;15,425014761272358;15,179843584356023;15,07668584213806;12,937501537240095
Definition/Deutlichkeit (D);99,00085203357067;98,55637408017269;97,83866533331351;97,713842683978;97,21246406138934;97,05534052692055;96,98669174455131;95,16149597174017
Clarity - 80 ms (C-80);25,496031494943967;22,62095875816759;19,955553357475;19,551336671918094;18,676299204896523;18,618782783506852;18,26302300774848;15,443615748368394
Center Time (TS);2,387076919951575;2,8318069509301917;3,628116270020294;3,780153999489904;4,468755739287378;4,51587010724591;4,8434909840640685;7,504338484552717
Strength(G);19,535635849952115;19,588512769122733;19,61253755670448;19,58048992261672;19,649977618514143;19,629388259344232;19,676588971234196;19,943130496821624
Lateral Fraction(LF);4,698245258313974E-09;5,9135206206013903E-08;1,9734349230994015E-05;5,083962549182814E-05;5,675218971670938E-05;1,6417278143535648E-05;6,848685407361031E-06;2,80065520981979E-06
Lateral Efficiency(LE);1,4076736987919773E-09;1,8226875945916197E-08;6,7519346215544735E-06;1,8570942250529046E-05;2,026682552191676E-05;6,219354043998858E-06;2,6451128771957903E-06;1,1242432822379865E-06
Receiver 3;63 Hz.;125 Hz.;250 Hz.;500 Hz.;1000 Hz.; 2000 Hz.;4000 Hz.; 8000 Hz.
Early Decay Time (EDT);0,2565100522967278;0,23291852369747418;0,2536167398084545;0,274308570114463;0,30060278680390173;0,2877117478340423;0,3273220593174758;0,4488680687063721
Reverberation Time (T-10);0,2690844648314429;0,32210814539103344;0,4062122213794706;0,42101041096106023;0,448718830255335;0,47709484017553655;0,47355881928440335;0,620416054027222
Reverberation Time (T-15);0,3001174282034021;0,34395369482870614;0,4498732852201098;0,4568148818167124;0,5032012339488972;0,5125403896587495;0,524307445458255;0,7010796280143737
Reverberation Time (T-20);0,301610551396099;0,3678829368594178;0,48793381986676776;0,5174286076645317;0,5923615069616622;0,5876734452872788;0,6032386683124729;0,7508654424997582
Reverberation Time (T-30);0,32203470510337845;0,404396946676543;0,543391532760301;0,6039389597240808;0,6981927007327705;0,7105083993265049;0,7096843191714469;0,8246429716959096
Clarity - 50 ms (C-50);18,110820726990458;16,293142544526077;14,619181489363696;14,505070763684337;13,760946741052516;13,63226972876209;13,307472113236518;11,032119583779687
Definition/Deutlichkeit (D);98,47984920683966;97,70801757058177;96,66573228651309;96,57913575797734;95,96412940768447;95,84771589002106;95,54099263135744;92,70411704309745
Clarity - 80 ms (C-80);23,881947442951667;21,07691239704058;18,45243217544066;18,371657333536696;17,28100414923175;17,192590233577956;16,767451769303023;13,632420062018442
Center Time (TS);3,3221334962833757;4,292415742132398;5,347245012790044;5,474344295984137;6,3661330308462;6,335361483172985;6,888745888115262;11,20912165502853
Strength(G);19,803686804655367;19,966916825762407;19,96499205998279;19,9129859532487;19,98875366628439;19,9721794273198;20,054586708590584;20,563877188904613
Lateral Fraction(LF);7,3132511031410675E-09;1,0856021875216238E-07;3,70928292616657E-05;9,336895881293319E-05;0,00010585495338161558;3,079276710264314E-05;1,2836431484967228E-05;5,2985828199594884E-06
Lateral Efficiency(LE);2,327046262862608E-09;3,591748241590262E-08;1,3314355047543383E-05;3,3371759866206276E-05;3,738522233211114E-05;1,1343697075496082E-05;4,90809428508407E-06;2,1744675453930076E-06
Receiver 4;63 Hz.;125 Hz.;250 Hz.;500 Hz.;1000 Hz.; 2000 Hz.;4000 Hz.; 8000 Hz.
Early Decay Time (EDT);0,25870231019982554;0,2816870696009926;0,3701273481603584;0,39218414585105693;0,4237110735997226;0,40294506764295196;0,45140081637442897;0,5690189547151518
Reverberation Time (T-10);0,3143827767118256;0,35363768983641464;0,4496378469885008;0,46186789781723725;0,5083070422923412;0,520845933321996;0,5235650618394859;0,712487761609452
Reverberation Time (T-15);0,3081288628067046;0,37090233965043673;0,47448289118849485;0,4976551696074999;0,569625200729966;0,5987594595301887;0,5796291621175979;0,7665633053914013
Reverberation Time (T-20);0,3169887187871205;0,3936912658551703;0,5139211618325559;0,5541098697969578;0,6309345890641456;0,6715088083606469;0,6556391159664439;0,8022778012562127
Reverberation Time (T-30);0,33161382743515033;0,4269454296104088;0,5796719094657737;0,6309407159224143;0,7486647286641379;0,7599935808841947;0,7744663876657818;0,8622591160158551
Clarity - 50 ms (C-50);14,89786089649942;13,262945587497859;11,311927389144927;11,115463094782449;10,459323107026927;10,701312233435496;9,989866468132517;8,030923369805532
Definition/Deutlichkeit (D);96,88587401847066;95,53031729751287;93,15111107636979;92,837499068174;91,75970514068811;92,17115747137976;90,92497269145858;86,54663128182925
Clarity - 80 ms (C-80);20,660815966238783;18,061511705741054;15,444850627686865;15,04864411384405;14,04637953926757;13,905010969091233;13,572181526059062;10,823165427894306
Center Time (TS);6,51529347864818;8,519232219624945;10,969250135783463;11,392485299847849;13,130769728283873;13,111955631713522;14,1046726072582;20,809379650248506
Strength(G);16,498563880292533;17,088114554626706;17,236772290017456;17,158681090628377;17,34485725332565;17,378497412152768;17,39166514100286;18,16174919304443
Lateral Fraction(LF);1,4327693997855977E-08;2,3050429403015296E-07;8,342586254842272E-05;0,00019556694421504073;0,00021910325765464226;6,76286374742741E-05;2,7960811297301224E-05;1,0603316501607346E-05
Lateral Efficiency(LE);5,194670902817297E-09;8,427829995414482E-08;3,237036626753524E-05;7,60905955741003E-05;8,902149222083758E-05;2,5734631722337826E-05;1,1969303564404132E-05;4,904022114938519E-06
Receiver 5;63 Hz.;125 Hz.;250 Hz.;500 Hz.;1000 Hz.; 2000 Hz.;4000 Hz.; 8000 Hz.
Early Decay Time (EDT);0,25597983449678224;0,2926146518352552;0,3787233182561484;0,420222079437059;0,44443787399424717;0,41595152157624843;0,4555198849850969;0,5734789357095282
Reverberation Time (T-10);0,31026261996226634;0,3636329667800702;0,44719400064917064;0,4620255007698062;0,5126565914655655;0,50939852288542;0,5342447100183552;0,6858533304541929
Reverberation Time (T-15);0,3056897555881541;0,3740447137260105;0,46545365739548944;0,4907297451835861;0,5542194371286356;0,5824522326688578;0,5746469442354037;0,7306212723625084
Reverberation Time (T-20);0,3015326358169473;0,39223923591231236;0,4858295721414643;0,5257024146136001;0,615595508484198;0,6425820808025852;0,6254479278474383;0,7700196139152861
Reverberation Time (T-30);0,31560471523025074;0,41456180006434534;0,5536977336791735;0,593277352604811;0,7017329456741905;0,7311451053640103;0,7529354381881355;0,8368187979523379
Clarity - 50 ms (C-50);14,555571112088936;12,700694931488679;10,738608972353415;10,301634568710647;9,635855557643438;10,04143466542098;9,334989093355276;7,550030807110368
Definition/Deutlichkeit (D);96,62464311112453;94,92093598724561;92,2336349891705;91,46802494654217;90,19912738376912;90,99029094963475;89,57182707154875;85,10390301986118
Clarity - 80 ms (C-80);20,627409194948314;17,50889723842051;15,00756397205336;14,338499589944842;13,197982035282806;13,279773589932871;12,875119222144738;10,574159500022105
Center Time (TS);7,694216092490706;9,882818103786445;13,017948062724457;14,011077634513693;15,819576437434527;15,752801338067123;16,77268469645564;22,562699385194612
Strength(G);13,345859815621772;13,975800693252928;14,301173760715827;14,280235953194982;14,494043954601494;14,589358733720232;14,53158651530947;14,971239256446964
Lateral Fraction(LF);1,6372843734812795E-08;2,612597196908105E-07;9,599711700617997E-05;0,00024208359499365212;0,00025121021990006005;7,967318536363405E-05;3,3548205678758365E-05;1,116594784123804E-05
Lateral Efficiency(LE);6,761056724619867E-09;1,0524625492493045E-07;4,174414751710041E-05;0,00011034212069994016;0,00012312141467625125;3,6252720784517336E-05;1,6373359602844397E-05;5,4883997257859225E-06
Receiver 6;63 Hz.;125 Hz.;250 Hz.;500 Hz.;1000 Hz.; 2000 Hz.;4000 Hz.; 8000 Hz.
Early Decay Time (EDT);0,3315407936469026;0,4909258176442048;0,6339500014083322;0,627882204624454;0,7140026972994209;0,7605268367128183;0,6859064148740694;0,6148212416635949
Reverberation Time (T-10);0,3172068073068854;0,48226148101817484;0,43982220250455123;0,44595414084665685;0,4754243017080409;0,48629885044136656;0,4669557644533729;0,44689585786937724
Reverberation Time (T-15);0,26011218310834083;0,3469330196506135;0,4082938660817266;0,4430544369089838;0,4752316787042691;0,48161394916098355;0,46897051813690344;0,44866115653659244
Reverberation Time (T-20);0,26281097276736126;0,33986840245681266;0,4088118259534526;0,44794856444572506;0,48702836088682594;0,4909680961201997;0,48114961751736796;0,46175867302854784
Reverberation Time (T-30);0,270041669325137;0,3491737327512447;0,4279775731149209;0,4581318860124383;0,4738604385695205;0,4763322608205692;0,4728066839172682;0,47440631591341853
Clarity - 50 ms (C-50);17,110026829316798;15,66442485088454;13,118905290000649;11,933270691967701;11,495613763733896;11,584388223982227;11,425974727677282;11,616400352601104
Definition/Deutlichkeit (D);98,09177358182902;97,35802164533905;95,35023260479389;93,97854236030841;93,38235528697528;93,50756059518386;93,28257172518877;93,55216650202051
Clarity - 80 ms (C-80);23,94132212115138;21,298490269806972;17,839962604148376;16,329333799140787;15,702751139418403;15,79169281127389;15,679832058188413;15,804335221046497
Center Time (TS);5,502482509468977;5,113458956350537;7,715942870609311;9,581097012081411;10,00943835761912;9,68043710950604;10,268148077875916;10,281162973667431
Strength(G);10,98911151854405;10,614362578689935;10,885255235410213;11,072543041533294;11,036029063025978;10,96027664425592;11,088709454271118;11,161202835318072
Lateral Fraction(LF);1,0393647992846708E-08;1,0159525803912646E-07;4,266454209825478E-05;0,0001228742347701549;0,00012069094594989758;3,649677939081228E-05;1,5819559047455612E-05;5,201048700692667E-06
Lateral Efficiency(LE);6,609127986889247E-09;7,12650911397626E-08;3,0515102038215783E-05;9,02348390024135E-05;9,15105376414879E-05;2,7975383204341427E-05;1,1837866674652931E-05;3,773196790467463E-06
Receiver 7;63 Hz.;125 Hz.;250 Hz.;500 Hz.;1000 Hz.; 2000 Hz.;4000 Hz.; 8000 Hz.
Early Decay Time (EDT);0,3709686784204339;0,4393345223804734;0,5393240024587692;0,602983352126932;0,6829294447042515;0,7149853989065007;0,657743511794911;0,6252963857669206
Reverberation Time (T-10);0,33877214064340544;0,41654412027423476;0,4534372389395908;0,48056519021407895;0,5065569448480803;0,5233045549474117;0,5041475565164686;0,5654749698597507
Reverberation Time (T-15);0,29415083494250616;0,3672373035157577;0,44543911389076146;0,4594231864108928;0,4963860432981432;0,5127739293319394;0,5053903917847736;0,5936843729749488
Reverberation Time (T-20);0,291149735925043;0,3660441142410432;0,45209744657869017;0,46189722927309657;0,5190229066785091;0,5324809740967096;0,5333772404488365;0,6480939931823867
Reverberation Time (T-30);0,2983761205859633;0,38035321531330923;0,47755255134694063;0,49948359499807676;0,5632431716741301;0,5921977424931038;0,5827733222432994;0,7300633324700447
Clarity - 50 ms (C-50);16,160205396341563;14,997322665886566;12,734203025045066;12,049404649861478;11,459721237141256;11,46361391449892;11,380601585903287;9,96824185059756
Definition/Deutlichkeit (D);97,63630840503069;96,93282467362901;94,94134482463394;94,12809775219165;93,3310992045106;93,33667588888338;93,21680860033698;90,84847526713595
Clarity - 80 ms (C-80);22,36388844891878;19,802177604009643;16,82109054806235;16,07981080709711;15,319744951002436;15,362195893760536;15,239666791053823;13,081626672737148
Center Time (TS);5,359324098630631;5,497140488583859;7,882472113269074;8,67983819660625;9,593255798382524;9,54730523447044;9,856447819391216;13,619169625719529
Strength(G);13,036797092211856;12,91821335225496;13,090398747848369;13,117285956441918;13,125389451532563;13,07788863354483;13,175306195634782;13,648022471226888
Lateral Fraction(LF);9,603671084319536E-09;1,0234505763150809E-07;4,1026720392690315E-05;0,00010739427863988492;0,00011113649702139203;3,380104035582141E-05;1,3880138841154129E-05;5,0084354790962075E-06
Lateral Efficiency(LE);4,7581096270851884E-09;5,739115196526069E-08;2,432439025730356E-05;6,901795651544327E-05;7,422185089674401E-05;2,3696890819695426E-05;9,471591126113043E-06;3,3824783124805793E-06
Receiver 8;63 Hz.;125 Hz.;250 Hz.;500 Hz.;1000 Hz.; 2000 Hz.;4000 Hz.; 8000 Hz.
Early Decay Time (EDT);0,4107196507457413;0,3840106786322835;0,48590293456302547;0,5473694462184281;0,6187218149202892;0,6318979479589638;0,6098944235446652;0,6339736890613308
Reverberation Time (T-10);0,33472120346381284;0,39120734476214514;0,4870073140588935;0,5247147792223353;0,5705661493655074;0,5696693463370578;0,5659396206423307;0,6566631541160188
Reverberation Time (T-15);0,30996140102010805;0,3861035612396197;0,48782154365736163;0,499156567112379;0,5499788836473938;0,5435973443013002;0,5936131793437245;0,6922626399479159
Reverberation Time (T-20);0,3086138491967396;0,3873071582581868;0,5015279628593772;0,5250508751861346;0,5965886025980331;0,5723387736821364;0,634231471844721;0,740080792575319
Reverberation Time (T-30);0,32041074693847293;0,40697578795015565;0,5290777249051852;0,5844943305567417;0,6691074088255446;0,6771186820416429;0,6765719994957855;0,7991456231299433
Clarity - 50 ms (C-50);15,369993418742583;13,879867300780333;12,013709967198151;11,368352456368967;10,680073119322802;10,638011863053034;10,543777588594818;8,713495748269061
Definition/Deutlichkeit (D);97,1779267164762;96,06818690943369;94,08250530946182;93,19895282879011;92,12300142042895;92,0524348946074;91,89223665851767;88,14628602876276
Clarity - 80 ms (C-80);21,66487466567601;18,84493591922393;16,103386648739406;15,67832070892157;14,735225170827347;14,74609788519468;14,298006413810667;11,682341255908643
Center Time (TS);5,6183799507512875;6,414355953980263;8,50226896826317;9,147747755253446;10,242203605324171;10,29764090452154;11,103509162579055;16,810052221402696
Strength(G);14,751106389915023;14,791262167468627;14,839280264006106;14,828113989898767;14,8480190708026;14,857981297194385;14,955067282559483;15,566542910332714
Lateral Fraction(LF);1,0543641190430218E-08;1,1919132034804508E-07;4,146221717283518E-05;0,00010734378830240685;0,0001155504812194871;3,386643335363196E-05;1,4324561695022971E-05;5,570565021066892E-06
Lateral Efficiency(LE);4,584203042235028E-09;5,7008894086164E-08;2,1777415336588993E-05;6,250886342458979E-05;6,25159588941841E-05;1,981533453627908E-05;8,48182675027164E-06;3,3283941758001835E-06
Receiver 9;63 Hz.;125 Hz.;250 Hz.;500 Hz.;1000 Hz.; 2000 Hz.;4000 Hz.; 8000 Hz.
Early Decay Time (EDT);0,31461167886779123;0,3519840654928248;0,4363686843791706;0,47312343334273677;0,4953633469925792;0,5335198937012755;0,5102234579718761;0,6298832071078259
Reverberation Time (T-10);0,3117496282713721;0,3688392800707388;0,45855971699364595;0,4923244341920819;0,5390066526212873;0,5336211890766006;0,5465342254214475;0,7039485678439157
Reverberation Time (T-15);0,30633707362555285;0,3829902147720199;0,49028784136042125;0,5250826464340453;0,6082881453656619;0,585993191773547;0,6040268797289453;0,7450455982437784
Reverberation Time (T-20);0,3150494788801568;0,39374628173077464;0,5144302967482335;0,574654434767241;0,6408978179378109;0,6438980058736837;0,6557261268103857;0,7841753344591593
Reverberation Time (T-30);0,33424529184177865;0,4223713296878065;0,5658726351294362;0,6314055622734754;0,7297721327965158;0,7485910261382585;0,7592369272822556;0,8472914496450134
Clarity - 50 ms (C-50);14,520139696125955;13,000697587080943;11,25025474549781;11,061949015534879;10,437405302834236;10,446644658822354;10,162031385106552;7,586541767091308
Definition/Deutlichkeit (D);96,5923759248968;95,24176821091214;93,0331901660218;92,74140739107992;91,71113761654085;91,72652263571727;91,21746955126899;85,18073466377753
Clarity - 80 ms (C-80);20,339354951295576;17,804658063625492;15,27655526176172;14,844524664438758;13,926575246092614;14,00496792330814;13,511010285837049;10,493642169161754
Center Time (TS);7,2062826100979205;8,267059109376918;10,582794436201862;10,896823139007875;12,222594186342311;12,227233252519813;13,20551757138056;21,52274439610917
Strength(G);15,207952538994595;15,417364408888723;15,38039609664623;15,300228342346784;15,35995036698629;15,375802505276752;15,49500909734057;16,440136091150002
Lateral Fraction(LF);1,540631423044738E-08;1,8753560545856954E-07;6,442529660796129E-05;0,00015160591208644215;0,0001694172061842048;4,9434480629624555E-05;2,2137882138737154E-05;9,014546941292751E-06
Lateral Efficiency(LE);6,235647027956868E-09;8,462739480442059E-08;2,972989420328587E-05;7,543980615664127E-05;7,551876342662119E-05;2,5178299503072803E-05;1,0678214939532852E-05;4,7333607710218166E-06
Receiver 10;63 Hz.;125 Hz.;250 Hz.;500 Hz.;1000 Hz.; 2000 Hz.;4000 Hz.; 8000 Hz.
Early Decay Time (EDT);0,33404568332069345;0,35341729331083915;0,41481478380102;0,4441699412897519;0,4619806702935398;0,4777547879547141;0,5044258656086859;0,6461440016535092
Reverberation Time (T-10);0,3147014604754486;0,37186724704957985;0,4628415111488973;0,4926859692731232;0,5493844943339999;0,5630439959603839;0,5578255219441312;0,7283848038676211
Reverberation Time (T-15);0,3168495295495388;0,3877565694228463;0,487877426711606;0,5122625179684419;0,5943570228659897;0,6271557139463596;0,5954537285677611;0,7733430764548379
Reverberation Time (T-20);0,3224541503121014;0,401961535136005;0,5169531866767632;0,5512064622345656;0,6433138533926787;0,6935562760549335;0,6737171430048615;0,8148227641452136
Reverberation Time (T-30);0,33761539665687834;0,4320821838600455;0,579121325612306;0,6454518988727428;0,775673498086566;0,7743654663275813;0,8012550651024467;0,8770675176857105
Clarity - 50 ms (C-50);13,339469368830377;11,814186154542487;10,025235692963346;9,815041962210602;9,37982807704308;9,37691055249293;8,748922195115107;6,482553128276322
Definition/Deutlichkeit (D);95,58338756759981;93,8568853326305;90,9953964161188;90,56860580445468;89,67241763336801;89,6603076162357;88,26094843193832;81,75076059022139
Clarity - 80 ms (C-80);18,876782138166813;16,609328401285307;14,12402767140864;13,66967117372653;12,69601267308851;12,544374923958415;12,269086124527744;9,48620991065645
Center Time (TS);9,08031954454791;10,888442885587661;14,119744968632812;14,31229762557292;16,14424954411699;16,449221680392238;17,616739273076316;26,53833185594872
Strength(G);14,000783848125607;14,60721165309111;14,804256247275646;14,600044673718891;14,881359441170723;14,833963404060952;14,922688165658656;15,821529364247752
Lateral Fraction(LF);1,9684118173198366E-08;2,947122402842454E-07;0,00010369274640572254;0,00023755895459404855;0,0002551866669180145;7,893206870181055E-05;3,305188180926714E-05;1,2587263938270043E-05
Lateral Efficiency(LE);8,47046676005298E-09;1,2434375588713067E-07;4,62960356201049E-05;0,00010936858789654252;0,00011579899667822356;3,671594308139983E-05;1,5625544413240417E-05;6,788431516746882E-06
Receiver 11;63 Hz.;125 Hz.;250 Hz.;500 Hz.;1000 Hz.; 2000 Hz.;4000 Hz.; 8000 Hz.
Early Decay Time (EDT);0,3306281090275501;0,3695426920615876;0,4317585732154681;0,45634155184082215;0,4578345314143677;0,4613792620595103;0,48942437206596645;0,6078523827015008
Reverberation Time (T-10);0,3126001242338724;0,3872236669523696;0,44554116851051806;0,4852636783491253;0,5268651660139818;0,5357065990722913;0,5457036909747665;0,6755751643187896
Reverberation Time (T-15);0,31154182992180723;0,38390556111732976;0,46296976754183156;0,48792495542906017;0,5476348483671416;0,5807272870524864;0,5552360882054526;0,7235562944499022
Reverberation Time (T-20);0,3118949314815751;0,3928812527476363;0,48153099235163543;0,5073750962973089;0,595225309764496;0,6391874786109232;0,6128976801524073;0,7705844193306648
Reverberation Time (T-30);0,31582960203591515;0,4132815202835731;0,5495287117678465;0,5817137355255065;0,7181774599262997;0,7210460061949053;0,7409578386391521;0,8514255050139838
Clarity - 50 ms (C-50);13,559671512725979;11,407083634764072;9,881323395841033;9,311442420623607;9,02138861471345;8,968420431501162;8,50734335135143;6,724465592690947
Definition/Deutlichkeit (D);95,78004438908218;93,27223856121898;90,69414228458663;89,5139894757127;88,87435688947983;88,75206077965673;87,65582084866578;82,51801303973481
Clarity - 80 ms (C-80);19,44687132596053;16,458297390374426;14,317125594382308;13,386660412006153;12,496290321250589;12,41121298089402;12,144035849307235;9,983923894361427
Center Time (TS);9,188751653992979;11,500371873250335;14,856641418325768;16,28376799438281;17,854182290494386;18,484422043246024;18,916656316043344;25,410922782796014
Strength(G);11,94192822626026;12,262303542504256;12,866428116611218;12,779068792399102;13,088459046264155;13,102259063183709;13,176344678389555;13,587049622253822
Lateral Fraction(LF);1,8526564093101598E-08;2,770917295901196E-07;0,00010539056682370775;0,00026484851467985276;0,0002635118881308319;8,780067693220409E-05;3,654855268606635E-05;1,2087370742689137E-05
Lateral Efficiency(LE);9,327163538040311E-09;1,352497407789612E-07;5,444074812535414E-05;0,0001371407762731585;0,00015002740682804587;4,693103344670573E-05;1,926510147518356E-05;6,932054374520242E-06
Receiver 12;63 Hz.;125 Hz.;250 Hz.;500 Hz.;1000 Hz.; 2000 Hz.;4000 Hz.; 8000 Hz.
Early Decay Time (EDT);0,3286220511185911;0,536728785033951;0,5574725840732969;0,5836622429498967;0,6472282696631524;0,6799180694252478;0,5980677259690731;0,5717152194328007
Reverberation Time (T-10);0,29540814317764913;0,3982916069236321;0,3946716123453344;0,41954017508097463;0,4607107096702035;0,4678303798738896;0,45567950951160274;0,40629117120846175
Reverberation Time (T-15);0,25051313510763284;0,322512245720682;0,41308397359136645;0,4589912819605932;0,5009392064131055;0,506950527142354;0,4957794052939955;0,45899671506915085
Reverberation Time (T-20);0,25549832050839216;0,3449066268154116;0,43284540327453214;0,4719303625401259;0,5009272535698835;0,5065708280861841;0,49742319882259345;0,4780113939380273
Reverberation Time (T-30);0,28274807830487086;0,36530112807013587;0,4287815867631442;0,4475520038708954;0,4688021888491406;0,46605023534201884;0,4485818967596534;0,4520439328511255
Clarity - 50 ms (C-50);15,473572829266214;14,00852964305371;11,564784946676712;10,38316688375466;9,96371588619324;10,017062215733855;9,89980347472272;10,123590125898295
Definition/Deutlichkeit (D);97,24260303771868;96,17857471707983;93,48010366401476;91,61240245501371;90,83980718930754;90,94150753058669;90,71661253241994;91,14155633302728
Clarity - 80 ms (C-80);23,207773866891237;20,218816280215997;16,770716077346936;15,23652421804552;14,55975182933334;14,603327066388589;14,525312309206024;14,881198352152087
Center Time (TS);7,096185597398599;6,799419988951451;10,144171405984682;12,475050585763904;13,113452183918774;12,792185948288058;13,392197312788257;13,180689843791829
Strength(G);9,67352382421062;9,178575202187844;9,525851753040143;9,78401006837096;9,747609217490371;9,65265033309987;9,803746362749806;9,891042480737084
Lateral Fraction(LF);1,5075819617444615E-08;1,4574145233219796E-07;5,8228581056817454E-05;0,0001666939121150455;0,0001649226936859144;5,0341862012838705E-05;2,1404449289436534E-05;6,993169993995584E-06
Lateral Efficiency(LE);5,605838630365548E-09;7,13999967327515E-08;3,0343835469788428E-05;8,811898483810125E-05;9,153446570550677E-05;2,84485450411676E-05;1,1642564093422787E-05;3,6829625156156496E-06
Receiver 13;63 Hz.;125 Hz.;250 Hz.;500 Hz.;1000 Hz.; 2000 Hz.;4000 Hz.; 8000 Hz.
Early Decay Time (EDT);0,36526893195004656;0,5724340492595599;0,577094500266748;0,6379928293231403;0,6601156791590082;0,6777752839933647;0,6184176935310122;0,5827128219453076
Reverberation Time (T-10);0,3107205024679724;0,4075999454686109;0,4321886642606342;0,45548319193792336;0,495344823822935;0,5076409857383392;0,4859588343727296;0,5518589317040844
Reverberation Time (T-15);0,28411382065234503;0,3682198792573091;0,4353409679036044;0,4687629580729682;0,512570219620532;0,520715587387195;0,5267110543691648;0,6018923201370799
Reverberation Time (T-20);0,29221245996470857;0,37408207542811334;0,4464687031626744;0,48020928187923223;0,5177751938018472;0,5321698587044189;0,5314983839297418;0,6417729352789394
Reverberation Time (T-30);0,30808431502218153;0,38588748905476805;0,458698602617162;0,48369059272518694;0,5197089748626432;0,5511695586751547;0,5509340052830939;0,7473421870233442
Clarity - 50 ms (C-50);14,499586401447937;13,200625919166553;11,242221383000617;10,25059875305146;10,071419587449132;9,71467778999358;9,75573974316918;8,523131236860772
Definition/Deutlichkeit (D);96,57312971273976;95,43295009393718;93,01253953236557;91,37484736682661;91,04408849656068;90,35134369380036;90,43345439658151;87,68057928812777
Clarity - 80 ms (C-80);21,060609620881458;18,42727248030006;15,934804598682144;15,103514669465332;14,355906955661633;14,080231326967818;14,125463017912427;12,222322429525986
Center Time (TS);7,652400103840037;7,751860095857702;10,723099867425715;12,08239359405122;12,615144177618161;13,104524972533923;13,595570200089453;18,01314618711395
Strength(G);10,919569891376167;10,61473147458463;10,88906351093361;10,9011909361339;10,891211379275887;10,888654639063269;11,036223083294317;11,609021879841421
Lateral Fraction(LF);1,5248899258063107E-08;1,4378069340897562E-07;5,84334427420264E-05;0,0001510691471604278;0,00015072879393529027;4,91401213899839E-05;2,032282818157158E-05;7,223964447479259E-06
Lateral Efficiency(LE);7,198956679956229E-09;9,726759238121253E-08;4,0070449826523755E-05;0,0001124128642439538;0,00011433491537094107;3,783362240098854E-05;1,520285188282556E-05;5,122435116433613E-06
Receiver 14;63 Hz.;125 Hz.;250 Hz.;500 Hz.;1000 Hz.; 2000 Hz.;4000 Hz.; 8000 Hz.
Early Decay Time (EDT);0,3358879060263915;0,4863658812925134;0,5072571387519222;0,5389101434897972;0,6174218522731945;0,611876850012863;0,567628599090451;0,6797771269941948
Reverberation Time (T-10);0,3002764745868099;0,41209630387637053;0,47070926573406174;0,49799944982078215;0,5571976373988714;0,5808535539447836;0,5649150649022288;0,7216249702588944
Reverberation Time (T-15);0,3023094488350082;0,4078768122301826;0,5066308259206722;0,5507809547741539;0,5955067821574737;0,5906546032722334;0,6251876547973341;0,7540105053641422
Reverberation Time (T-20);0,3107073643534675;0,40959005232239637;0,5375132295007011;0,5855726485133168;0,6342251622477911;0,6268624927383963;0,6676290776292727;0,7901295539105481
Reverberation Time (T-30);0,32846536423378275;0,4229902442574174;0,5658060918700711;0,6330745204444522;0,6997610451584287;0,7400104568457566;0,7361272570851077;0,8259489813681957
Clarity - 50 ms (C-50);13,374151917239981;11,273463147144094;9,8115411099942;9,298433463628093;8,296565216711677;8,367967346856629;8,434674919271707;6,451169330196862
Definition/Deutlichkeit (D);95,60396915154168;93,05914839701717;90,54403741672445;89,4828848152259;87,10589956997414;87,28943265345667;87,45887757269821;81,53923480326067
Clarity - 80 ms (C-80);19,172129628229936;15,923914046655867;13,620305495984336;13,17805776321059;11,97359465508564;11,840580645366659;11,962365532574049;9,160380373806264
Center Time (TS);9,40509317723484;10,83586560544892;14,319112091292537;15,378318375322014;17,548181607944493;17,210659049979355;18,292919069155158;27,03593377365722
Strength(G);12,146525957541947;12,032156617434346;12,22595940228399;12,217820205044077;12,292066630939729;12,233842478475452;12,408750172198197;13,354939775063833
Lateral Fraction(LF);1,9572164280146966E-08;2,059899569459579E-07;7,597478729145512E-05;0,0001899120465196618;0,00020331561950716958;5,9142036142287836E-05;2,647901917384673E-05;9,546769890313414E-06
Lateral Efficiency(LE);8,572991901003091E-09;1,243019416344817E-07;4,769455263689638E-05;0,0001314536060208667;0,0001327436011932459;4,142315915919253E-05;1,8082861346877345E-05;6,31776710189394E-06
Receiver 15;63 Hz.;125 Hz.;250 Hz.;500 Hz.;1000 Hz.; 2000 Hz.;4000 Hz.; 8000 Hz.
Early Decay Time (EDT);0,3246341271790626;0,4232768388083132;0,45298781083710127;0,5221263472491396;0,556594622662597;0,5734670382999149;0,5711551087379664;0,7114405447805056
Reverberation Time (T-10);0,3042065403494928;0,41156153341235674;0,5306026871684297;0,5898871185762442;0,6730176109250244;0,652374951136579;0,6402626372110016;0,789671056249894
Reverberation Time (T-15);0,3186607520775813;0,42387513863355464;0,5451943866750493;0,6222309932883511;0,7199141842143161;0,728820522181707;0,7075149564988135;0,8133044554160311
Reverberation Time (T-20);0,3356063797915639;0,43026656473400027;0,5540146778110026;0,6471119264834821;0,7379685067361983;0,761251867393086;0,7646312196654258;0,8507178063034536
Reverberation Time (T-30);0,3587359132855983;0,45590774551178115;0,6159014349203907;0,6925271760405967;0,8137213117465719;0,8434068388628788;0,8518212967122233;0,8900490987641817
Clarity - 50 ms (C-50);12,628524444535197;10,585511071730405;9,18865022422154;8,774230421304477;8,228856352188053;8,356851512768468;7,8277267242826385;5,553881345334181
Definition/Deutlichkeit (D);94,82661215670464;91,97419992420495;89,24504169360222;88,29353969667967;86,92977875601807;87,26770471381225;85,84581897118001;78,24679438934223
Clarity - 80 ms (C-80);18,055199927111268;14,869421302908323;12,721792154464325;11,943312679446032;11,2727519972293;11,28643828077834;10,677880574531283;8,26608300949805
Center Time (TS);11,2276741168597;13,313820714561864;17,098689244186367;17,748169470169003;20,2517813252703;19,35642574351863;21,707324480068092;32,395834687322356
Strength(G);12,7230743553482;12,7045981466939;13,01873641824622;12,735049032541134;12,979125310983584;12,82699664481914;13,135455543249094;14,538303650928867
Lateral Fraction(LF);2,4716961718642072E-08;3,008623416127156E-07;0,00010212613882829665;0,00023435932492024225;0,00026307520321224297;7,055333372966894E-05;3,377209492182576E-05;1,3282701770448816E-05
Lateral Efficiency(LE);1,0603593636380693E-08;1,5599216592848755E-07;5,67552580446081E-05;0,00013700179985764926;0,00014066532058755823;4,160296854141155E-05;1,911404785575987E-05;7,885007145299177E-06
Receiver 16;63 Hz.;125 Hz.;250 Hz.;500 Hz.;1000 Hz.; 2000 Hz.;4000 Hz.; 8000 Hz.
Early Decay Time (EDT);0,3300456733548683;0,39621489109213986;0,4660174206598861;0,49846256482618345;0,5396253166660541;0,5786922020810713;0,5774779340968585;0,714005679378642
Reverberation Time (T-10);0,3169593409945668;0,40347045896742095;0,510593027358531;0,5685206292479829;0,6495972815353634;0,6832739444370227;0,636827482980462;0,8115425767111
Reverberation Time (T-15);0,3305120506125055;0,42388179320030744;0,5460926109763112;0,6285743942819827;0,6809485456844026;0,7600293110317987;0,6900974893403778;0,8507269717706374
Reverberation Time (T-20);0,3434543853345257;0,43627958549020385;0,5736861401014512;0,656718630136892;0,7398448809286738;0,8056368708154964;0,7729816734419582;0,8917761710019417
Reverberation Time (T-30);0,3623303910838491;0,4606974091644591;0,621191252951817;0,7248082188096503;0,8494696731355141;0,8495290855921929;0,8855651607791597;0,9244475024231162
Clarity - 50 ms (C-50);11,829770384596952;10,130104441033229;8,30324787620613;8,094866241403233;7,517565605330043;7,401522837716423;6,741392841588397;4,753559166523447
Definition/Deutlichkeit (D);93,85359213236778;91,17310032768722;87,14137001149113;86,58573116625907;84,98699231765659;84,61238304697545;82,55636837714462;74,98856293648313
Clarity - 80 ms (C-80);17,530675837471573;14,60650197988804;12,305719553658372;11,74856835423875;10,907049350085703;10,520605186978617;10,214473738734881;7,792129133694998
Center Time (TS);12,314867333670156;15,321283811775576;19,79599202226222;20,40037543099639;22,78932424712945;23,470084741879827;25,44372890510821;36,48111114134991
Strength(G);12,241152209210497;12,786968877094811;13,074861703126508;12,741590093687655;13,114837868753426;13,008602322008102;13,279311072743006;14,38547424268674
Lateral Fraction(LF);2,5790668817574567E-08;3,925417660525466E-07;0,00012936072825962981;0,0003049239908287062;0,0003295685344749937;9,81433121159728E-05;4,255981638849778E-05;1,6481980486801057E-05
Lateral Efficiency(LE);1,1472254203108062E-08;1,8726404942727147E-07;7,201556770080619E-05;0,00017144620759276647;0,00017674707707987815;5,3734576251197954E-05;2,5405094139958075E-05;1,0101840501436362E-05
Receiver 17;63 Hz.;125 Hz.;250 Hz.;500 Hz.;1000 Hz.; 2000 Hz.;4000 Hz.; 8000 Hz.
Early Decay Time (EDT);0,31791441551602795;0,4106079963111752;0,44562807619013717;0,4696914017940713;0,5334431338082164;0,49869606855220716;0,5336785490965632;0,6178953400902824
Reverberation Time (T-10);0,30214163740645694;0,379349609673277;0,4649929157813897;0,5003908987862429;0,5678587353713483;0,547158470172028;0,5737345816647379;0,7010110428912231
Reverberation Time (T-15);0,3081560037865771;0,39404275005386363;0,49457785570502155;0,502601126388494;0,5637849341198311;0,6014454605626555;0,5910452040681109;0,7658090566558613
Reverberation Time (T-20);0,3160610084971397;0,40012811586112024;0,5142148898296819;0,5293447087110028;0,6226379895069715;0,6984052506862071;0,6615920475459595;0,8145945874613939
Reverberation Time (T-30);0,32288750120730114;0,4232708451711046;0,5557070056898608;0,6640935694392212;0,7512981689768089;0,7659343412271495;0,8052230181957406;0,8867787768253607
Clarity - 50 ms (C-50);12,353560747479463;10,440924407437027;8,918774386714185;8,25819280626786;7,541060728635708;7,8530671410117;7,359290303941821;5,68324105805516
Definition/Deutlichkeit (D);94,5051994033202;91,72632254828558;88,64723550656585;87,00633685383269;85,03605767393688;85,91547046708126;84,48433584998975;78,77533982715825
Clarity - 80 ms (C-80);18,758298315761596;15,642997206477077;13,120387907051485;12,444924252439066;10,956715734353313;11,728252000860431;11,153628862167944;9,128064971851419
Center Time (TS);11,100590402568121;13,488017328439692;17,530533813922666;19,127720739543832;21,785572607410952;21,196200169876366;22,602496163749382;30,504982720509723
Strength(G);10,620334074125047;10,739555270049152;11,535089841238786;11,341849639686643;11,631499616946648;11,758949202787825;11,713760573485558;12,354863422111926
Lateral Fraction(LF);2,319968219062646E-08;3,223083610127563E-07;0,0001247981282996508;0,0003149663069259403;0,0003283218590956919;0,00010430590130999053;4,1754702559207093E-05;1,4174031207404205E-05
Lateral Efficiency(LE);1,0141960283334535E-08;1,599925646313312E-07;6,093400085666218E-05;0,00016202628980889683;0,00018512766565598247;5,75134902739936E-05;2,27805144657754E-05;8,828403874472403E-06
Receiver 18;63 Hz.;125 Hz.;250 Hz.;500 Hz.;1000 Hz.; 2000 Hz.;4000 Hz.; 8000 Hz.
Early Decay Time (EDT);0,27386823630289336;0,39991963848807033;0,4354868593183661;0,46985104527193305;0,4993259410316634;0,5118403283070604;0,49088647701279314;0,4672584069014815
Reverberation Time (T-10);0,26108365114287624;0,3572626577040051;0,35024236127294023;0,4288865060712817;0,4738300854322385;0,48687504615604404;0,4753466264279771;0,43246927714011885
Reverberation Time (T-15);0,23454480766793415;0,31789765797798175;0,444234343120806;0,5026914421771993;0,542600967970929;0,5552813808063256;0,5397271209530226;0,5083647617321567
Reverberation Time (T-20);0,25449604826566297;0,36048593525520484;0,46800618023426765;0,507266280604348;0,5380436112136331;0,5472236479362413;0,5359715194886554;0,51952050441017
Reverberation Time (T-30);0,3050599089997646;0,3881652278942915;0,45367751011547125;0,46498892045466617;0,486030639372812;0,46142884927239397;0,4657113656850532;0,47562416144686787
Clarity - 50 ms (C-50);15,536828274592025;13,887425223351027;11,3266619588785;10,072788913045372;9,672830342700223;9,748917007605694;9,588739441696571;9,774718623882254
Definition/Deutlichkeit (D);97,28138981819664;96,07475504995948;93,13785286293557;91,04665905663497;90,26701514418737;90,41985453903146;90,09556987411278;90,47119450617124
Clarity - 80 ms (C-80);22,67158124395312;19,34049474736257;15,79966512268106;14,213722409837752;13,558519732792307;13,517971769892405;13,488864601732068;13,954867383097152
Center Time (TS);7,88496424055792;7,884754950623317;11,746136225950703;14,453819713683782;15,132884278169264;14,766779042392804;15,497230527500342;15,351696407215577
Strength(G);8,407526518471968;7,839040367084458;8,295648934922163;8,626318325700751;8,598301299044415;8,471949728952488;8,67281324127989;8,741798928201575
Lateral Fraction(LF);2,336900825396256E-08;2,1793940218921872E-07;8,669446233613329E-05;0,0002443863558653582;0,0002427666120087496;7,393253966479576E-05;3,1430407092214785E-05;1,036169269442451E-05
Lateral Efficiency(LE);5,795436927670048E-09;8,089813362453085E-08;3,464864143262714E-05;0,0001013288001255234;0,00010308919458789863;3,21549498492748E-05;1,3200582719688646E-05;4,2820327730680075E-06
Receiver 19;63 Hz.;125 Hz.;250 Hz.;500 Hz.;1000 Hz.; 2000 Hz.;4000 Hz.; 8000 Hz.
Early Decay Time (EDT);0,2983127580832897;0,4468607533684191;0,47262896143561217;0,48844623416447897;0,5258732532926159;0,532066192437446;0,5102644685072111;0,59245145625506
Reverberation Time (T-10);0,267134871459915;0,37010650105544374;0,39725897193984816;0,4542349848063604;0,5425642961252911;0,5520698114408551;0,5691378476102056;0,6834194354718064
Reverberation Time (T-15);0,26849922354914274;0,37215744586417937;0,4748280979536132;0,5365026984854245;0,5941314933046381;0,5861275829375334;0,5894465163837461;0,6855726305731072
Reverberation Time (T-20);0,294292102484442;0,39355261719689827;0,4965755947218033;0,5449756256023924;0,5917085886963903;0,5755477707908999;0,5793863903793164;0,7055078482282736
Reverberation Time (T-30);0,3228214080941574;0,40191611720220544;0,49921968172092523;0,5272133366465306;0,6390145529968672;0,604213125684767;0,6242013783944612;0,7699616073021601
Clarity - 50 ms (C-50);13,967034803993174;11,887681351818028;10,22452245076093;9,715357200148317;8,909560650357756;8,80030693177495;8,70673630102648;6,854212542144548
Definition/Deutlichkeit (D);96,14330267723086;93,91886426911923;91,32740852399624;90,35270740296583;88,60993150347117;88,35355606059352;88,13001394504293;82,89552227155815
Clarity - 80 ms (C-80);20,054425355464467;16,886449133969606;14,496345334911044;13,49512160945361;12,68702763811689;12,090581726710642;12,203989573651794;9,898161222769051
Center Time (TS);9,546896915249365;10,515285479344023;14,009206718659458;15,336086284127388;16,787565816418304;17,379348870383474;17,9535449862516;24,788376837882335
Strength(G);9,353568913874575;8,908621060145556;9,292148531564393;9,322714107962149;9,350286085962331;9,35055313899801;9,536748786592128;10,097549653719796
Lateral Fraction(LF);2,183323744602964E-08;2,1518186662025538E-07;8,384936222589823E-05;0,00021368027280376254;0,00021631018300644138;7,256708829539207E-05;2,858425484012156E-05;1,0294133924883766E-05
Lateral Efficiency(LE);6,894320953989569E-09;1,3127084394020916E-07;5,0568831951115333E-05;0,00012924499063418217;0,00013372864597207675;4,8235645168375824E-05;1,7567788323509793E-05;6,400501962055958E-06
Receiver 20;63 Hz.;125 Hz.;250 Hz.;500 Hz.;1000 Hz.; 2000 Hz.;4000 Hz.; 8000 Hz.
Early Decay Time (EDT);0,31686670959848007;0,4673415389475929;0,49069880038801983;0,5215886216531935;0,5817530575537999;0,5759388013552857;0,5448086630297629;0,6922392849639806
Reverberation Time (T-10);0,2939901165841939;0,37185837445053316;0,4526532784359293;0,5083207215155261;0,5589370069910674;0,5894773684963452;0,5976512961309269;0,759245422312104
Reverberation Time (T-15);0,2946489363645088;0,3949341462345267;0,5115540481288711;0,5698882474288584;0,620025547385489;0,6233281525396774;0,6396208943789456;0,7710148003766237
Reverberation Time (T-20);0,30884249492910315;0,40984485813255184;0,535692199815444;0,5920997113697901;0,6565966769159295;0,6390535937457823;0,6711218909277796;0,7889845243443683
Reverberation Time (T-30);0,3361382871651055;0,42295543656746715;0,5677914053594403;0,6540503971893826;0,7291401619390164;0,741986328843967;0,7445989233246676;0,8214412031870826
Clarity - 50 ms (C-50);12,235289303355811;10,032287464030498;8,332815609661175;7,970961025962966;7,066917714571195;7,193289050444233;7,148222697609164;5,15791666209647
Definition/Deutlichkeit (D);94,36024632889234;90,97034617270607;87,19935864698442;86,24015816788132;83,57881676938645;83,97428516536307;83,83414529256792;76,63212575799679
Clarity - 80 ms (C-80);18,304343954488296;14,858084101288672;12,588300065020402;11,815617684337438;10,906562410788345;10,383921532912954;10,534621755446654;7,959377623754524
Center Time (TS);12,15924395876407;14,290241701775708;18,982001883103077;20,04686384802911;22,68564326183268;22,679512031221652;23,64492436374523;34,04461701490851
Strength(G);10,387933372202053;10,011979197128582;10,430021468637094;10,358350984825435;10,47444053342602;10,45878485865898;10,678282996353346;11,820512258847806
Lateral Fraction(LF);2,659325311962849E-08;2,8699484280249807E-07;0,00010481619641618438;0,0002599515448277535;0,000263387108091195;8,520598308164216E-05;3,554445088103548E-05;1,3342097801474928E-05
Lateral Efficiency(LE);1,0469087018119399E-08;1,9068986895486818E-07;7,458283691291423E-05;0,00018680218443704644;0,0001878312076992489;6,31996910041307E-05;2,5838532245176222E-05;9,063391171222553E-06
Receiver 21;63 Hz.;125 Hz.;250 Hz.;500 Hz.;1000 Hz.; 2000 Hz.;4000 Hz.; 8000 Hz.
Early Decay Time (EDT);0,3149851828288708;0,4173995116458524;0,49815499264179447;0,5359646234833033;0,5697634032557938;0,6241139011764455;0,5811243331087295;0,7172419747151615
Reverberation Time (T-10);0,30354862439405783;0,401277732068279;0,5036558579654403;0,5573891308166856;0,6272331692769257;0,6720628014003138;0,6384702845865691;0,7859767566539037
Reverberation Time (T-15);0,31014035050274685;0,41505023098687827;0,5364743654437312;0,6206760938546029;0,6771518628542086;0,7086828489247212;0,7054341262255123;0,8124419342876258
Reverberation Time (T-20);0,3306409997130897;0,42789905164975023;0,5501840214493052;0,6205823143542901;0,7068193508297589;0,7223105779107574;0,7533483662612535;0,8397757343321709
Reverberation Time (T-30);0,35358784013190525;0,45289557791363305;0,6125639980639204;0,6682271842326338;0,7881440453544019;0,8052714556888919;0,832237413515293;0,8742998892470196
Clarity - 50 ms (C-50);11,638831043485741;9,59766546832649;7,824779074836346;7,663375636497606;6,994941787898023;6,767345656605909;6,603963358169203;4,405682809614359
Definition/Deutlichkeit (D);93,58325138461521;90,1138950814252;85,84182307228146;85,37989083169286;83,35241814175262;82,61005046146775;82,06295778293509;73,42204037623166
Clarity - 80 ms (C-80);17,35632510451779;13,969656711421516;11,799233129917603;11,079127524122045;10,31661232843971;9,966556989761413;9,813935278849861;7,292733771638962
Center Time (TS);13,961878854508129;16,48597920842702;21,415064358549255;22,162072515675696;25,097320635236176;24,941403555518768;26,720709956500595;38,88124141518942
Strength(G);11,146446991585393;10,937177045331481;11,167045081410336;10,954154729111274;11,272970783001853;11,045397184812472;11,37339148078901;13,004125565074752
Lateral Fraction(LF);3,2635778699260834E-08;3,533906565487529E-07;0,00012610988760330093;0,00030062488185371385;0,0003260649458594706;8,970054660917279E-05;4,204065621143929E-05;1,6287898226792924E-05
Lateral Efficiency(LE);1,199092486215198E-08;1,9001677393440828E-07;7,413954693062904E-05;0,00017033490056531344;0,00019264173013715962;5,655530074176043E-05;2,621906896110994E-05;1,0050812944698324E-05
Receiver 22;63 Hz.;125 Hz.;250 Hz.;500 Hz.;1000 Hz.; 2000 Hz.;4000 Hz.; 8000 Hz.
Early Decay Time (EDT);0,32883486353071234;0,40436524100213267;0,4892220201539443;0,5158561737436008;0,5593349591468855;0,5746262797935864;0,5834914496084717;0,7008774767572681
Reverberation Time (T-10);0,31262082836620675;0,39760070970461614;0,4982271224034315;0,5592597366307112;0,6268290935595925;0,6477009730744994;0,6278372469247991;0,7963020190828367
Reverberation Time (T-15);0,31128971995211574;0,4141938765891687;0,532033826380863;0,6411055990672282;0,6739455909803403;0,7242877911634428;0,7035289248733635;0,8279964385093646
Reverberation Time (T-20);0,33211385625054385;0,4316728369882013;0,552069145891143;0,6416685887615939;0,711761294111007;0,7733396594355234;0,7740706137557172;0,867684394697978
Reverberation Time (T-30);0,3526984563977377;0,45037740130501547;0,6081406227851406;0,694333583353355;0,8162220471002196;0,8331810926820759;0,8632046603328899;0,894550582216178
Clarity - 50 ms (C-50);11,140169862984937;9,324632045470215;7,482952794992443;7,240947304429094;6,525140336439831;6,508610965933648;5,950333207323311;4,09097681306389
Definition/Deutlichkeit (D);92,86812953205947;89,60275305988485;84,87089589518177;84,16802833509348;81,79806625697633;81,73749914638198;79,75302542645896;72,00890109122867
Clarity - 80 ms (C-80);17,301689125968313;13,834941447881459;11,768442566759054;11,12444183070677;10,275165233204648;10,06766010131879;9,539068670143482;7,250926344045851
Center Time (TS);14,792213335554415;18,081464176893643;23,330366579433882;24,540362499095718;27,426048776445743;27,60341928458369;29,560048658757857;41,07993502752552
Strength(G);10,85646565838784;11,134649446837908;11,34418233879667;11,222602091416654;11,426335883468056;11,35281398918955;11,577574933231126;13,155885664872578
Lateral Fraction(LF);3,2254224642361045E-08;4,1626786270893485E-07;0,0001430053096513782;0,00035399989217427795;0,0003766613873176703;0,00011070470769813953;4,735791920141317E-05;1,8315766151252297E-05
Lateral Efficiency(LE);1,2210631453046225E-08;2,0241909103804162E-07;7,75763261774938E-05;0,00018633828768739973;0,00021223801747936944;6,705918389263937E-05;2,6622145707731383E-05;1,1112014784955442E-05
Receiver 23;63 Hz.;125 Hz.;250 Hz.;500 Hz.;1000 Hz.; 2000 Hz.;4000 Hz.; 8000 Hz.
Early Decay Time (EDT);0,31456804659798054;0,4056489437836622;0,4711170664331653;0,4923983373109482;0,5360747110239495;0,5041825167587373;0,5515624431550586;0,6295996250160734
Reverberation Time (T-10);0,3109147269769422;0,38302720231965104;0,46200003057232447;0,5186246937549173;0,5389169194925064;0,5483050161982584;0,5603439285391529;0,7168649006899535
Reverberation Time (T-15);0,3022413660158688;0,3930558879592704;0,485235691764486;0,5547078221023538;0,5833175354608281;0,6349804385233508;0,6346395089468707;0,7612965925847545
Reverberation Time (T-20);0,31290141561268525;0,40205328771533877;0,5092701676896109;0,5757137877068519;0,6367939691852403;0,6884152873012177;0,7200291606227948;0,8039088118781227
Reverberation Time (T-30);0,3297167577054732;0,4282890006788781;0,5656180313772029;0,676974308374024;0,7648538915107747;0,7716325329497132;0,7980000405873283;0,86234706581948
Clarity - 50 ms (C-50);11,71755928329349;9,779881325869287;7,872153296874808;7,457596600446738;6,690899269965014;7,130534013238307;6,271141182737351;4,8764250337993005
Definition/Deutlichkeit (D);93,69271467876364;90,48808766975709;85,9730893259491;84,77646103688494;82,35572333449973;83,77887024479749;80,91208945112676;75,47356102969435
Clarity - 80 ms (C-80);18,204446959743546;14,609757397224257;12,453874032323942;11,613093267424773;10,701262681713695;11,12417834031777;10,294936537280039;8,314958840483111
Center Time (TS);13,089947920088802;16,05082538982094;21,13906626900141;22,963646630159623;25,707305518516474;24,495174471449467;27,068554727934508;35,20860785531503
Strength(G);9,547383320188366;9,763651179896097;10,28987321682743;10,242791653894862;10,461261799092156;10,712049271271901;10,496584802740472;11,48070835270019
Lateral Fraction(LF);2,7687251644051863E-08;3,5005899250120135E-07;0,0001305917876936775;0,0003415669714537019;0,00037724378916326423;0,00010767481637839072;4,411115263820383E-05;1,609097210307091E-05
Lateral Efficiency(LE);1,0110580953619962E-08;1,5945333103816913E-07;6,726375761161421E-05;0,00015953647770437196;0,0001912710151287563;5,993985278021875E-05;2,4066269151232937E-05;9,24695435864222E-06
Receiver 24;63 Hz.;125 Hz.;250 Hz.;500 Hz.;1000 Hz.; 2000 Hz.;4000 Hz.; 8000 Hz.
Early Decay Time (EDT);0,23164131824732528;0,3036590146599258;0,38388714181516786;0,4077995346175531;0,4353500562216744;0,4433041667774129;0,4278748754798271;0,4077119836977677
Reverberation Time (T-10);0,2518499459631116;0,30994002669315635;0,3930076764471193;0,45294082796126717;0,48541536562481624;0,4924723614661011;0,4841608592001568;0,4566530338002193
Reverberation Time (T-15);0,24197202643272295;0,33091014688215276;0,4127640969775213;0,48755156256130155;0,5239230246269698;0,531990583222667;0,5225325330869169;0,4998421384143876
Reverberation Time (T-20);0,26190438353060774;0,3434302114140372;0,44629837138694695;0,4874785661495024;0,512716663075521;0,5182010033428384;0,5135396836171277;0,5039730007395119
Reverberation Time (T-30);0,2961288566243292;0,3752225953310753;0,43355806582747586;0,4330336931499943;0,4481519180893324;0,4538222010462488;0,4461017237288963;0,46326561355806095
Clarity - 50 ms (C-50);15,107734435485616;13,016370455605156;10,72943145400375;9,517290465900047;9,082255702166258;9,133059485513273;9,096268381235168;9,392251016127426
Definition/Deutlichkeit (D);97,00751530824226;95,2444303878076;92,20507931748146;89,94779212649028;89,00514419866403;89,1190994539378;89,03667934938598;89,6844572627629
Clarity - 80 ms (C-80);20,870977989876806;17,593500263636408;14,580942003069762;13,147490825417929;12,49768853314502;12,441661496980092;12,506479222965684;13,011446059838335
Center Time (TS);9,320410133918529;9,982292455801327;14,169718347885947;17,03061423296913;17,88443462323964;17,604948721212388;18,072371554664617;17,624831289930395
Strength(G);7,595192919345081;6,894228310508254;7,511801625691945;7,929917331162237;7,889295345098908;7,746284875806957;7,970386970824592;8,03486416306783
Lateral Fraction(LF);3,312778110124236E-08;2,9831932657025623E-07;0,00011525335252850803;0,0003205143830515652;0,0003145409178475038;9,580606398593347E-05;4,104856725374136E-05;1,3393626137424443E-05
Lateral Efficiency(LE);4,765944029073408E-09;7,641677532176417E-08;3,3056573321136486E-05;9,676892074699623E-05;0,00010210348358800766;3,132454782400081E-05;1,2797507223309942E-05;3,967366754523758E-06
Receiver 25;63 Hz.;125 Hz.;250 Hz.;500 Hz.;1000 Hz.; 2000 Hz.;4000 Hz.; 8000 Hz.
Early Decay Time (EDT);0,26799035808092625;0,40553934330441865;0,42847899245306514;0,4550164767497481;0,4765655734416565;0,4967645359977564;0,49017081605173807;0,5763921186398356
Reverberation Time (T-10);0,27475190946675426;0,3561750849123177;0,45146405164783393;0,49346465341718687;0,5532514493375777;0,5550116310880691;0,5679107094292353;0,690951306006026
Reverberation Time (T-15);0,28647883009841385;0,36979677081746176;0,48429777511449174;0,5578055115763775;0,5861141906186962;0,6100033668442062;0,5873791925721568;0,7150450459397848
Reverberation Time (T-20);0,29264738698841897;0,3976227739360625;0,5001174372963421;0,557949013101351;0,5849392261976434;0,6230962453215129;0,6005297247954966;0,7402658055359534
Reverberation Time (T-30);0,3256430067808129;0,41022935400354205;0,5033167491787444;0,5509715445056964;0,6451134040265321;0,6432625514835243;0,6521588450359698;0,7916858197646317
Clarity - 50 ms (C-50);13,217603696333251;10,763967093356982;9,202703004337508;8,523004442026329;7,916196446285058;7,750194752702187;7,630776938757913;6,2168088350992665
Definition/Deutlichkeit (D);95,44995833513646;92,26204224688726;89,2736273510071;87,68026392150774;86,08983639880977;85,62575795443188;85,28399744379112;80,71307434900167
Clarity - 80 ms (C-80);18,97598026221801;15,682919356693926;12,832729591450967;12,076656897879959;11,169241888241304;10,923894606226801;10,633378553494278;9,268848790548
Center Time (TS);11,3618013537226;12,70749817628269;17,773554879498842;19,315336934650134;21,256971430939075;21,58429460525235;22,8544268159977;28,901035847299717
Strength(G);8,332870637609197;7,606284674722634;8,2802214415752;8,433971066812916;8,565681659626769;8,419326173675927;8,712094389638686;9,446902802727685
Lateral Fraction(LF);3,1130553003407245E-08;2,739429183012068E-07;0,00011030824234483797;0,0002821751552174565;0,0002955262033343756;8,868076270859634E-05;3,761944125727147E-05;1,2643251631516809E-05
Lateral Efficiency(LE);6,167764852878384E-09;1,0910412140849784E-07;4,8894973933855835E-05;0,00011132994369151105;0,00013685775683355304;4,200031549222709E-05;1,7654515668277085E-05;5,708322210606472E-06
Receiver 26;63 Hz.;125 Hz.;250 Hz.;500 Hz.;1000 Hz.; 2000 Hz.;4000 Hz.; 8000 Hz.
Early Decay Time (EDT);0,3034256894412627;0,424280135475162;0,47667867151015825;0,4850965228568591;0,5552417663954513;0,5692609367244881;0,5685873843484037;0,7148889381954866
Reverberation Time (T-10);0,2984792427332276;0,3783063044893981;0,48514336912205586;0,5624992294960981;0,6279017009483758;0,6089722389153058;0,6414338689760309;0,7785047245962482
Reverberation Time (T-15);0,30641808321649866;0,40118225480611297;0,5345922611630316;0,6093251403527884;0,6582268655793643;0,6540118624949293;0,6663559466424045;0,7898576729651409
Reverberation Time (T-20);0,3202557950675095;0,4185446143659541;0,5537462128951077;0,6141319081313348;0,6876860238385543;0,6814308345924217;0,6911837314035741;0,8029420010661501
Reverberation Time (T-30);0,3431599179543795;0,43316963621318244;0,5699132598796709;0,65701738758682;0,7565407853601064;0,7479676793419776;0,769792283883965;0,8306457528715697
Clarity - 50 ms (C-50);11,576176087635213;9,126917357343537;7,300671601580947;7,266749517529818;6,143964613387778;5,9873501156693;5,978015964423285;3,9986671653308954
Definition/Deutlichkeit (D);93,49607155416419;89,10537767361816;84,30424280188711;84,20061102665576;80,45062197195286;79,87722181968074;79,8426533451932;71,51902424551925
Clarity - 80 ms (C-80);17,168453709257577;13,76812157963535;11,185648961592316;10,597300060837448;9,549534824823551;9,3222178008825;9,029349462019221;6,937377386263065
Center Time (TS);14,211437909463498;17,81955458026307;23,629503121849893;24,492272561117076;28,297981405744324;29,179711229049175;29,920621721130026;40,63267316626274
Strength(G);9,180405771162008;8,791437041686528;9,385014128695303;9,300811924617804;9,556056444116194;9,609340137357123;9,744067870326823;11,034443968806443
Lateral Fraction(LF);3,5153630365062485E-08;3,745843928879594E-07;0,00014047376665986624;0,00034861201185031987;0,0003535506748312512;0,00011841957937094523;4,834134926740694E-05;1,6733829991992467E-05
Lateral Efficiency(LE);1,1125577509352237E-08;2,090070772688907E-07;8,615893221366357E-05;0,0002020269683438688;0,000211447322780976;7,461767835020222E-05;3,0190269175071793E-05;1,0208310640436044E-05
Receiver 27;63 Hz.;125 Hz.;250 Hz.;500 Hz.;1000 Hz.; 2000 Hz.;4000 Hz.; 8000 Hz.
Early Decay Time (EDT);0,30471809465603555;0,4204550078348376;0,4917531841243016;0,530062213053832;0,5830221993495318;0,624953889584993;0,6065935615379618;0,7638021498701352
Reverberation Time (T-10);0,31632712276947955;0,4137919908478661;0,541079887026272;0,5942043627753325;0,6601885256133656;0,695576658376863;0,6928330762497122;0,8065571928088922
Reverberation Time (T-15);0,3274166420511519;0,4227204205220232;0,5646511738658362;0,6358125802671186;0,7134109720042076;0,7214550789412059;0,7438044570086041;0,829999252887387
Reverberation Time (T-20);0,3398875256787513;0,43606775757521893;0,5860451505359213;0,6507438209560258;0,7478933236962882;0,7560432201745152;0,781837287368805;0,8511292254270137
Reverberation Time (T-30);0,36091939378556404;0,46553458426612504;0,6290568049479668;0,6952541030426085;0,8147831774427108;0,8371280210105787;0,8442420647566687;0,874828050173715
Clarity - 50 ms (C-50);10,537263717975165;8,168740431385874;6,42470437079587;6,134138904097888;5,384147226012905;5,003759862369362;5,005394782062432;3,067241547611998
Definition/Deutlichkeit (D);91,88575263863696;86,7855870502574;81,51582213304405;80,41501450607626;77,55701481750327;76,08135896929636;76,00874920042375;67,01065849436803
Clarity - 80 ms (C-80);16,510827006067174;13,102744186363369;10,560353200160403;10,102324495640303;9,192163432416885;8,599649607704272;8,585969412297718;6,157529040985466
Center Time (TS);16,679809299387063;21,037644027575418;27,22679379822623;28,82081293399232;32,255204829378755;33,9664011666677;34,80815573471315;47,04589862283561
Strength(G);10,114777313676917;9,953132431565166;10,375721321518697;10,300722289668158;10,663896709987696;10,39810201600364;10,738861372495478;12,587578527417755
Lateral Fraction(LF);4,407005214817771E-08;5,057946337053654E-07;0,0001735271343426241;0,0004399768696161107;0,00045856887583110633;0,00013878213963335894;5,813857070333838E-05;2,0969932990218946E-05
Lateral Efficiency(LE);1,4226961424876783E-08;2,6158587648449583E-07;9,936581558006415E-05;0,0002486467111696767;0,00025763220082770656;8,088799911436379E-05;3,4496783175805874E-05;1,2616673028663441E-05
Receiver 28;63 Hz.;125 Hz.;250 Hz.;500 Hz.;1000 Hz.; 2000 Hz.;4000 Hz.; 8000 Hz.
Early Decay Time (EDT);0,3193244756039144;0,4139745317910982;0,4906646712067967;0,525594873060462;0,5684225701193053;0,5702750757447067;0,6077018251453734;0,7514368925047362
Reverberation Time (T-10);0,3241952013444435;0,4252194168500621;0,530878660387608;0,6194496114540325;0,655089535293516;0,7228712225748559;0,6834417597440896;0,8092819867466341
Reverberation Time (T-15);0,3324009434931982;0,4302151453719148;0,5630256938657716;0,6624070427377884;0,7143893500864702;0,7751606185605174;0,7655134154136881;0,8383550043623007
Reverberation Time (T-20);0,34535366744468277;0,4459672443953574;0,5879706832019234;0,6781954939723411;0,7410190348894315;0,8058848056670901;0,81897858909283;0,8691093793454602
Reverberation Time (T-30);0,3632488685208635;0,46088446398893107;0,628260487332055;0,7324371716640621;0,8281403648456729;0,835863722109248;0,8856854996527838;0,8889764888721172
Clarity - 50 ms (C-50);10,198219287521983;8,11732578203513;6,287787462508857;6,069814099227919;5,338012635880965;5,42635016574195;4,8313680603897;2,8531650645750117
Definition/Deutlichkeit (D);91,29311479825837;86,65757390445631;81,02937560323727;80,18069553610135;77,43753133660411;77,7227676954147;75,2588118680284;65,91827885084945
Clarity - 80 ms (C-80);16,41978631750878;13,030955144985317;10,681064436494523;9,997488895222165;9,252664824200913;9,063892010228937;8,50564718488584;6,146939167014952
Center Time (TS);17,141803809604443;21,615492648133234;28,28938022192983;29,935521643163852;33,29964680280987;33,59827485878888;36,145470966954505;48,487290375546394
Strength(G);9,981372526400989;10,255278755133517;10,670297414215803;10,59805755172043;11,100824823648864;11,062959409402104;11,13980873523576;12,848983616921267
Lateral Fraction(LF);4,079044344663776E-08;5,114398706341275E-07;0,0001831953880440254;0,00045239360061678443;0,00046982978252871127;0,00015096591393769416;6,0739845796698306E-05;2,1821453359252947E-05
Lateral Efficiency(LE);1,4279399133887184E-08;2,4698408264206727E-07;9,664898473991418E-05;0,00022086549442334555;0,00026549641668739004;8,077542918372548E-05;3,417351659281958E-05;1,272634510652752E-05
Receiver 29;63 Hz.;125 Hz.;250 Hz.;500 Hz.;1000 Hz.; 2000 Hz.;4000 Hz.; 8000 Hz.
Early Decay Time (EDT);0,31016668084001425;0,4026841008616127;0,47753952795278143;0,501845986113505;0,5355829179789203;0,5225712870518389;0,5840868026741788;0,678677138696623
Reverberation Time (T-10);0,3157511811529008;0,4005573317781992;0,48924902068102377;0,5465031546702238;0,5922877072726581;0,6198808891409279;0,6217028053523596;0,7507752008167415
Reverberation Time (T-15);0,3123454480125569;0,4053214937676873;0,5336078454809348;0,5919997816873078;0,6446254343286814;0,7105032298440082;0,7031818372600971;0,7770077228642871
Reverberation Time (T-20);0,3248603833202157;0,4237213361353152;0,5543101695824172;0,6225121004420465;0,6758921532511949;0,7409559458024869;0,744689884113517;0,8150050371709878
Reverberation Time (T-30);0,3402519505812285;0,4399709683302882;0,5822195475759215;0,6954768837367801;0,7636354835992898;0,7717374669691034;0,7970219008610774;0,8604948387833452
Clarity - 50 ms (C-50);11,24686315524006;8,862485094825992;7,1045602521317495;6,627302997111077;5,876312901750598;5,872509918524688;5,513926741677101;3,915178277208298
Definition/Deutlichkeit (D);93,01948274925283;88,5059219941727;83,69742924754384;82,14192722709079;79,46312536099846;79,45046805795577;78,06791554962287;71,1258294992514
Clarity - 80 ms (C-80);17,64183517222324;13,919425293016527;11,759594467453168;10,793789243976352;10,026140204552508;10,112586936990514;9,284476155940556;7,3829522380835835
Center Time (TS);14,326680300244824;18,69453866335934;24,147835726110618;26,552391204519342;29,751987612094595;30,026645367459732;31,426858161211317;40,69407091494837
Strength(G);8,69816907761319;8,80526583655272;9,504915435794942;9,468682390043526;9,976883912566564;10,04040383807552;9,983780843860401;11,13704380046407
Lateral Fraction(LF);3,438618634407572E-08;4,2653083170927314E-07;0,00015508966262077833;0,00040764582069087164;0,0004282214750022481;0,00013883036676932964;5,2808967323454986E-05;1,852812200000081E-05
Lateral Efficiency(LE);1,1083471385864443E-08;1,8885997061333545E-07;7,183861870050652E-05;0,00018646629936273131;0,0002233451318130453;7,318946319283582E-05;2,6595355383669082E-05;1,0185800551987097E-05
Receiver 30;63 Hz.;125 Hz.;250 Hz.;500 Hz.;1000 Hz.; 2000 Hz.;4000 Hz.; 8000 Hz.
Early Decay Time (EDT);0,19886247785819547;0,3349557742644495;0,41216344756600465;0,4408991864927684;0,4671627941819806;0,4756402007179963;0,45649614141806;0,43234684491479713
Reverberation Time (T-10);0,29348908231900744;0,3444690584867475;0,4110156328205847;0,46428874248918356;0,4906737401042383;0,49056498425459016;0,4833499818654109;0,47130383545701593
Reverberation Time (T-15);0,26136417640946846;0,3444093654726934;0,40772918259535657;0,4720178660511111;0,5016864672347647;0,501800759936107;0,49573013098302426;0,48528450895068437
Reverberation Time (T-20);0,27509540277320554;0,3475769587272726;0,4278698555127727;0,4671526748417196;0,496843339989999;0,49908630732850007;0,4963317381649657;0,4932007526527358
Reverberation Time (T-30);0,2948717732952918;0,3674285607152257;0,4296013429050498;0,454218165197529;0,4677023786923848;0,47371547708287387;0,47195237118716427;0,47769372584354797
Clarity - 50 ms (C-50);14,162418163819119;11,682778440693898;9,441198926045532;8,366142444008194;7,839156761737809;7,80873107739947;7,903360915692375;8,28417813695588
Definition/Deutlichkeit (D);96,30669918612665;93,6437502394864;89,78826181295383;87,28476981796885;85,87604406361412;85,79085662219006;86,05440593821386;87,07383076151338
Clarity - 80 ms (C-80);20,32108744493362;16,86171269449585;13,86332499207127;12,495927895271148;11,773127130032329;11,746357486093062;11,888551595405739;12,326495958835862
Center Time (TS);9,582220342641357;11,110060320181836;15,75699313020398;18,55958536802744;19,887738019804058;19,7449623430199;19,89740629849196;19,186934034514934
Strength(G);6,9122948024690345;5,983313664181296;6,724959375304735;7,184485177693816;7,162107176381099;7,01721373875916;7,278183109711065;7,333384288880566
Lateral Fraction(LF);2,6016786502270247E-08;2,9447320659271226E-07;0,00011319198738606082;0,0003122934802670346;0,00030919403108277974;9,495555927663232E-05;3,958879087832396E-05;1,2759338753976057E-05
Lateral Efficiency(LE);4,339082711115259E-09;8,0583488282188E-08;3,4636760529569055E-05;9,877694613816814E-05;0,00010481067206421588;3,336503795997645E-05;1,3134493363155574E-05;3,922054329212958E-06
Receiver 31;63 Hz.;125 Hz.;250 Hz.;500 Hz.;1000 Hz.; 2000 Hz.;4000 Hz.; 8000 Hz.
Early Decay Time (EDT);0,260511304302249;0,39865239886644827;0,4487273010509341;0,4624208174633328;0,5021022774017448;0,514915828008124;0,5230723279402578;0,6232926924692894
Reverberation Time (T-10);0,3105766230864871;0,3775612770064496;0,4689214959961647;0,4968877414228331;0,5684065542584126;0,5206905585875535;0,5652726072896186;0,7128065521889334
Reverberation Time (T-15);0,3022445494784699;0,3832231322781784;0,4828337882670199;0,546736533054721;0,5740202861483872;0,5659133956322293;0,5912110907686497;0,7358738576304436
Reverberation Time (T-20);0,3048387316336879;0,3973298351658302;0,4937218620074752;0,5796948599818188;0,6113791691192674;0,5959978474851968;0,6208564142135111;0,768200948557301
Reverberation Time (T-30);0,3270606523088195;0,4142157702125363;0,5036688652732875;0,573675887315167;0,6544253900377622;0,6640701094171678;0,6778650359399676;0,8125578218526309
Clarity - 50 ms (C-50);12,65055584142207;10,095825489175404;8,378758148874946;7,706345457976822;6,990183088462723;6,740491052825803;6,659201298122516;5,3601087493935795
Definition/Deutlichkeit (D);94,84803669030345;91,08980472433063;87,31697453462898;85,50104000501854;83,33487807113303;82,52104003650064;82,24941441596458;77,45546867637982
Clarity - 80 ms (C-80);18,449210527115575;14,810507653402576;12,296146332742616;11,579746610046861;10,480062412601692;10,330047335916335;10,104117362120302;8,587805319505545
Center Time (TS);11,69227451752063;14,8735916295505;19,70373776560865;21,945489741309174;25,04756765384918;25,212584150284304;25,68015827999677;32,51230305333852
Strength(G);7,445797352935649;6,803110919050155;7,408916620078216;7,798600691557226;7,898902334460672;7,835408760856765;7,982593446050366;8,649863783472071
Lateral Fraction(LF);2,9955770894494056E-08;2,830876193983998E-07;0,000102720775026264;0,00028341501029159177;0,00027664127086034527;8,529094546768196E-05;3,62134487718176E-05;1,18216048119774E-05
Lateral Efficiency(LE);5,084087633322872E-09;8,621309506398075E-08;3,387412827045598E-05;9,258859150144543E-05;9,849160668650984E-05;3,177994274592806E-05;1,3053419718842349E-05;4,3652238033979354E-06
Receiver 32;63 Hz.;125 Hz.;250 Hz.;500 Hz.;1000 Hz.; 2000 Hz.;4000 Hz.; 8000 Hz.
Early Decay Time (EDT);0,2833853264984285;0,40719632721801063;0,4723293297116915;0,5022162229393654;0,5566810488286494;0,5745868432886955;0,5925388379508549;0,7188974718524591
Reverberation Time (T-10);0,3059208952878495;0,39793099245423724;0,509850084339571;0,5759229286386869;0,640668013888377;0,6164331032352586;0,6460027728610004;0,782251676419102
Reverberation Time (T-15);0,3252776487294954;0,4101843937342602;0,5318270856134467;0,6019551936868501;0,6592043358014862;0,6594146257018904;0,6890681313906898;0,8089331452381936
Reverberation Time (T-20);0,3318194224658578;0,41911817046087935;0,5603537827583256;0,6269132821536996;0,7072441609778221;0,6874390521805469;0,7023109795672124;0,828137636811738
Reverberation Time (T-30);0,34692048604425907;0,44302609036618906;0,5721437602025327;0,6649004183169827;0,7710416106813167;0,7732265856232975;0,790123594513397;0,8464029450006273
Clarity - 50 ms (C-50);11,070674722638227;8,523506356003242;6,483622762241906;6,311593680663056;5,412941082043194;5,0676429765851445;5,244741039749029;3,44429672072563
Definition/Deutlichkeit (D);92,75141754499712;87,68151225125114;81,6514542910027;81,05055039134368;77,66718547317832;76,25784105547798;76,98822157787158;68,8491989263869
Clarity - 80 ms (C-80);17,22894022593992;13,527416623019715;10,635109130855472;10,157573384243982;9,142535136735233;8,88373445568085;8,595527292572578;6,679996335898043
Center Time (TS);14,865676502385629;19,598088581895507;26,428000703594808;27,550374761561063;31,783677644046833;32,68376714628114;32,92504161678202;44,17174896228236
Strength(G);8,447807384441667;8,05131476549068;8,717405325424338;8,875642247010028;9,121199596470206;9,196897989763684;9,351298374631021;10,75195273382841
Lateral Fraction(LF);3,764953139716265E-08;3,797003642360078E-07;0,00014062373367024143;0,00036190566436851044;0,00036440413047828245;0,00011362929183548882;4,784310414691835E-05;1,5829479566810698E-05
Lateral Efficiency(LE);8,705097307821337E-09;1,6952920887563357E-07;6,3344187563801E-05;0,0001528808311882416;0,00016408073626188492;5,58218354413099E-05;2,2021078798510185E-05;8,54661770165421E-06
Receiver 33;63 Hz.;125 Hz.;250 Hz.;500 Hz.;1000 Hz.; 2000 Hz.;4000 Hz.; 8000 Hz.
Early Decay Time (EDT);0,300836876839576;0,42289515993124827;0,5031653805012111;0,5353712502680971;0,6080766281922652;0,6238640377979138;0,6264818443365769;0,7791570179653016
Reverberation Time (T-10);0,3245558080945945;0,4413856312470483;0,5526176894835201;0,6308347199106548;0,6733865377168898;0,7038056545130742;0,7026821106817024;0,8253665606373409
Reverberation Time (T-15);0,34267345910664765;0,43070032929859037;0,5826762363298681;0,6598563558796761;0,7409669577155816;0,7447224282282183;0,7698828431752306;0,8441608202213576
Reverberation Time (T-20);0,3464045455409849;0,4435100309411119;0,6160436583258746;0,6770836640743472;0,7803409676967383;0,7753717278630121;0,80187414313256;0,8606343700775546
Reverberation Time (T-30);0,3641728691718111;0,4723203089406194;0,6404351140525323;0,7289006352683242;0,8410797241012256;0,8572935001977469;0,862797071032795;0,8763740655973643
Clarity - 50 ms (C-50);9,739991076298312;6,983249839747307;5,345802107932793;5,101261349567419;4,337353669413332;4,1592747348323265;4,236872203145863;2,245908313671808
Definition/Deutlichkeit (D);90,40614614519598;83,31269514379575;77,39789297201648;76,3977073533053;73,08053832226294;72,34703389872772;72,631479318939;62,64786429112233
Clarity - 80 ms (C-80);15,905293417274276;11,927920161660424;9,539556567022403;9,094653994047503;8,185641830185308;7,873240800014925;7,645458851044387;5,551199098093804
Center Time (TS);18,587393778400127;25,16137812702172;32,38035029519506;33,61585603308495;37,79248656660659;39,05383043254079;39,828479390092326;52,47652112444002
Strength(G);9,977748104814602;9,88727576404056;10,629134143347088;10,6731337438964;11,12775541771122;11,260074938531986;11,494127525417376;13,36867929873462
Lateral Fraction(LF);4,8463170908755454E-08;6,517476810742946E-07;0,00022324325670000747;0,000551799098760926;0,0005838272307469121;0,00018146913753173561;7,334502393959156E-05;2,5019708977335484E-05
Lateral Efficiency(LE);1,545115282381063E-08;3,0048678754545E-07;0,00010675432975837657;0,0002498142760875513;0,00026492896976987144;8,700853532272746E-05;3,6638675796515845E-05;1,4108958264703134E-05
Receiver 34;63 Hz.;125 Hz.;250 Hz.;500 Hz.;1000 Hz.; 2000 Hz.;4000 Hz.; 8000 Hz.
Early Decay Time (EDT);0,3114892934482652;0,4268125661320226;0,4956370271649067;0,5456992667416536;0,6248958037228546;0,6253075427040365;0,6331464848693354;0,7855040699430687
Reverberation Time (T-10);0,3293758790964397;0,45430444686258714;0,5651133205102518;0,649587743341955;0,6703655570995817;0,7433308947866467;0,7285871791073828;0,8224908574981793
Reverberation Time (T-15);0,3545523709380242;0,4474828721795491;0,5887686779675382;0,6924907018434866;0,727897464200496;0,7899030852662593;0,8110058282957165;0,8517062094509789
Reverberation Time (T-20);0,35303118672932915;0,4563094338300367;0,6145010118209226;0,7043264516887874;0,7668906997128292;0,8164664778004496;0,8346421423618015;0,8718733426448833
Reverberation Time (T-30);0,36838135871954936;0,4690121411251726;0,6379842954366711;0,7542021810599187;0,8488041825015552;0,8494893597619966;0,8892286719842424;0,8846945071671121
Clarity - 50 ms (C-50);9,654604223456838;6,887164436267957;5,501999200208591;5,02871034565557;4,057020413000157;4,319383397163692;4,026347764475774;2,000898972699352
Definition/Deutlichkeit (D);90,23417184382014;83,05787856666687;78,06758923601103;76,18475660060923;71,83964039873575;73,09370851036854;71,65557500081225;61,38805458188663
Clarity - 80 ms (C-80);15,512309599360215;11,64636110195989;9,55931698087223;8,807912030899608;7,833444883429585;7,7893312476245145;7,428160655299122;5,3153898320209105
Center Time (TS);19,387667346704767;26,13135540552678;32,804721192068214;35,17437360584992;39,64666295732953;40,32291800391402;41,73527480947508;54,19179264926565
Strength(G);9,97728137572189;10,238422343489447;11,214647791464266;11,149783819519115;11,694136081795392;11,846982515774812;12,026966603038744;13,796689753327989
Lateral Fraction(LF);4,659028706454962E-08;6,492132284291956E-07;0,00022232724297447894;0,0005392845391932189;0,0005744182433780339;0,00017432842376342736;7,124996313070676E-05;2,4561179041786138E-05
Lateral Efficiency(LE);1,5777649525135186E-08;2,8641194110967444E-07;0,00010360999160202174;0,0002521876736562416;0,0002765974129501487;8,673726383909985E-05;3,836397329789343E-05;1,3818467867357048E-05
Receiver 35;63 Hz.;125 Hz.;250 Hz.;500 Hz.;1000 Hz.; 2000 Hz.;4000 Hz.; 8000 Hz.
Early Decay Time (EDT);0,32747038009186497;0,41060783753782026;0,47246762127312264;0,5390352280254932;0,6036661968391404;0,6007007532635353;0,6104078929578098;0,7294971214763193
Reverberation Time (T-10);0,3071988433546166;0,432480783107743;0,5285020078497784;0,5752667497452791;0,599277027412754;0,6697863789517505;0,6595811106350021;0,7749673771975187
Reverberation Time (T-15);0,332301353447433;0,4246024867881782;0,5454633186166659;0,6285677282448365;0,6646279552472598;0,7034089945479597;0,7428872435160508;0,8070039455004152
Reverberation Time (T-20);0,3299009837790137;0,43128468571428763;0,5741743102047956;0,6659405581584456;0,6886678288220774;0,7302086042747117;0,7620613735593467;0,8396675726721503
Reverberation Time (T-30);0,3451925538338996;0,44753457734731933;0,6009913471004475;0,7034472827385505;0,7853590915181237;0,7943815803179086;0,8179985240598461;0,8705008955244621
Clarity - 50 ms (C-50);10,630087159083567;8,008014049105798;6,465710611366985;5,627359953431909;4,89350620826737;4,852131292890863;4,7158443863081;3,0937929450294255
Definition/Deutlichkeit (D);92,03907505107003;86,34108786279388;81,58958207094271;78,51184267397186;75,5242588633786;75,34772452752738;74,76019536530526;67,09251065645331
Clarity - 80 ms (C-80);16,47898662115169;12,774351189634483;10,564713347471779;9,358394255580945;8,468575428986005;8,442462660201066;8,195487842493382;6,36280395966487
Center Time (TS);16,00258292766474;21,415336469247418;27,632867359593018;30,8192067102218;33,91081265633445;35,42527679682823;36,10309311452106;46,61737861644167
Strength(G);8,050229844531106;8,385182838342732;9,299999364737118;9,27746199523316;9,719090495782403;9,868342572248096;10,01309539354682;11,262732268904152
Lateral Fraction(LF);3,234722479605815E-08;4,173069156701953E-07;0,0001571664414938604;0,0003999513766395862;0,000405927633699309;0,0001273684132801564;5,166501595019558E-05;1,7102774583390463E-05
Lateral Efficiency(LE);1,0132692900275608E-08;1,7514198301863323E-07;6,713441607996913E-05;0,0001829674241764848;0,00018803434096709563;6,70359159132789E-05;2,572221364488303E-05;9,075975775557272E-06
