Pachyderm Acoustic Simulation Results
Saved 24.12.2024 00:31:50
Filename:ORASE_FlatCeiling_Rough_Concrete (2).3dm
Source 0;
Receiver 0;63 Hz.;125 Hz.;250 Hz.;500 Hz.;1000 Hz.; 2000 Hz.;4000 Hz.; 8000 Hz.
Early Decay Time (EDT);0,21999058487455245;0,2816727570485737;0,32086031422165706;0,4087165382042378;0,4163838972928404;0,3932740525725981;0,3951144931211628;0,38195838951801814
Reverberation Time (T-10);0,2740988343725184;0,3155046331932925;0,3749887657483691;0,374891132655538;0,3824770464987941;0,35873792062374793;0,35615986721855086;0,3539330703117064
Reverberation Time (T-15);0,23635548025008937;0,27084788109198915;0,34233094119494395;0,3760401207774221;0,38808641273983263;0,372955791554304;0,37477255990599695;0,3644504770978759
Reverberation Time (T-20);0,23840429854857453;0,28453560859141624;0,348160557843585;0,3990536263003958;0,41385710225951444;0,3985709110931993;0,399751856641749;0,3891090735319365
Reverberation Time (T-30);0,2483851124630407;0,30370847751800917;0,3707359758207567;0,4268062722550796;0,43556329457002035;0,4173851582828145;0,417867068964267;0,41143878163724223
Clarity - 50 ms (C-50);19,27344138666465;17,847559700638847;15,416229883185215;14,327709292128517;13,706728749593802;13,471498497131888;13,359461278655505;13,664772100876379
Definition/Deutlichkeit (D);98,83170598108623;98,38499856133325;97,2069773936644;96,43971322492293;95,9148051665569;95,69721686434247;95,58973068983552;95,87678253010708
Clarity - 80 ms (C-80);25,5926002776105;23,10043494419513;19,884411224032938;18,472750355256128;17,703345408295796;17,531952143215708;17,429754423926816;17,886443007884168
Center Time (TS);4,860200048384446;4,745947459259829;6,230672338835787;7,20182675430191;8,029371588890129;8,830570329740093;8,990231614350378;8,630330175489929
Strength(G);12,58697799354244;12,408229915481744;12,536443744006796;12,644421139317373;12,760296247369098;12,97005479937566;12,986695105495109;12,944363573471307
Lateral Fraction(LF);1,0111078021476996E-08;1,091322672000657E-07;3,9543483513678976E-05;0,00010844167081443075;0,00011681991729181821;4,0536463838805465E-05;1,6332860573006657E-05;5,133375866356586E-06
Lateral Efficiency(LE);5,207505940869301E-09;5,523867020611105E-08;2,3012010192852397E-05;6,521493268379545E-05;7,090547759332429E-05;2,3999039928075435E-05;9,716084877863215E-06;2,972802609912665E-06
Receiver 1;63 Hz.;125 Hz.;250 Hz.;500 Hz.;1000 Hz.; 2000 Hz.;4000 Hz.; 8000 Hz.
Early Decay Time (EDT);0,27986863336021084;0,2480479436875748;0,36305694289916857;0,359664293700337;0,3883428012839158;0,3897334421104364;0,3571676844812214;0,3258615595845151
Reverberation Time (T-10);0,29071630018959793;0,313214445239009;0,39481116278683;0,41493037206263267;0,41286614323779247;0,40139602622297693;0,39539878203622264;0,3867956225620685
Reverberation Time (T-15);0,2619342783842765;0,28997358825286895;0,37191237135214006;0,42256834957576805;0,42917110809107184;0,38412601297454807;0,39747879970397726;0,42054259048015546
Reverberation Time (T-20);0,25685843817238657;0,3091674721072671;0,3849140397578403;0,45452387363284547;0,4635123075888783;0,407325231313623;0,41921171683503283;0,466405609405004
Reverberation Time (T-30);0,27588699870382777;0,341119592692664;0,45193704866624823;0,5182893338078286;0,5279042345803776;0,482733419107408;0,4701560616293319;0,5570799642006622
Clarity - 50 ms (C-50);19,350964137084;18,41013353243136;16,012921262192762;14,982249093493827;14,809719847658847;15,214768375641514;14,950728600352985;14,118651030847643
Definition/Deutlichkeit (D);98,85213806718448;98,57842905104644;97,55676487247811;96,92248875847514;96,80175844530055;97,07823662079433;96,90076612228559;96,2706859018339
Clarity - 80 ms (C-80);25,0138874194407;23,075146121487084;19,92509182502754;18,613715426414327;18,17806581446262;18,86504394428216;18,432045843210812;17,639920898722647
Center Time (TS);3,5941300253151534;3,517239473215709;4,672101016011993;5,369331646528413;5,663350526902449;5,568208954170941;5,82835331567995;6,797069881175445
Strength(G);15,70065251036537;15,647441327603829;15,676887337980013;15,720421106094818;15,744465800963468;15,760563639668426;15,82602753950394;16,0271618783842
Lateral Fraction(LF);6,1414237009433974E-09;7,24426675813919E-08;2,4077412496202184E-05;6,523448643087715E-05;6,878744876338776E-05;2,2240026204993867E-05;9,294314962594794E-06;3,210484191380189E-06
Lateral Efficiency(LE);2,687190473413571E-09;2,7784361742072282E-08;1,0983710428407017E-05;3,086727254211536E-05;3,250562209099458E-05;1,0994738903152184E-05;4,454171087923501E-06;1,5090979774609005E-06
Receiver 2;63 Hz.;125 Hz.;250 Hz.;500 Hz.;1000 Hz.; 2000 Hz.;4000 Hz.; 8000 Hz.
Early Decay Time (EDT);0,5727811898877677;0,39166022956559976;0,5270708963926976;0,7811200357111846;0,8897614617384972;1,213847903774674;0,7029602628686552;0,285866751833726
Reverberation Time (T-10);0,25682211468077104;0,2677975255691563;0,37665051740011646;0,4142941724755908;0,4223749768846337;0,3942227369111819;0,3963153678087837;0,415009685700918
Reverberation Time (T-15);0,2831490538118315;0,3131480535833392;0,40283321403689226;0,44513568695454087;0,44947530958023785;0,3909353264945657;0,3972445604798664;0,45333840784842855
Reverberation Time (T-20);0,277485570510296;0,3253304412534892;0,4258574415660001;0,4877159247358049;0,484144758066576;0,4407504487883022;0,4357264767618488;0,51801922715976
Reverberation Time (T-30);0,2962014719551217;0,3634080873781982;0,5047045584126848;0,5804860729461897;0,5946958319814674;0,5450380524834559;0,5385702396115588;0,6179789191660535
Clarity - 50 ms (C-50);20,310571525752085;19,18797331863836;17,049223255121763;16,38472946927539;16,180121273105183;17,31233327062479;16,9235878675372;15,189125868116681
Definition/Deutlichkeit (D);99,0776020389201;98,80876311852171;98,06538997373883;97,75272649000911;97,64686852463062;98,17704219334976;98,00973714494631;97,06144275336453
Clarity - 80 ms (C-80);26,141715552414865;24,196328685515933;21,003811266197996;19,888199359853683;19,621070012653576;20,927010623179072;20,574602433312243;18,719983256345596
Center Time (TS);2,3373205145927534;2,5163997142342973;3,2954921811955886;3,7348685650896245;3,9223518336153504;3,31898174545086;3,5371652471210404;4,92694334399246
Strength(G);19,544776903372753;19,5519430193115;19,559326148019288;19,56344382243769;19,583592861137255;19,531143171681755;19,571701160096445;19,812516617771344
Lateral Fraction(LF);4,6852164518283436E-09;5,436774811582112E-08;1,8208345197079992E-05;4,943431921463219E-05;5,053060192901546E-05;1,4925705570018222E-05;6,548307682570244E-06;2,4975377905928882E-06
Lateral Efficiency(LE);1,4269398143319536E-09;1,8507701294697092E-08;6,692389319351683E-06;1,841543246999297E-05;2,0408317506655697E-05;5,7496596572168115E-06;2,4307429601500416E-06;9,89968138354876E-07
Receiver 3;63 Hz.;125 Hz.;250 Hz.;500 Hz.;1000 Hz.; 2000 Hz.;4000 Hz.; 8000 Hz.
Early Decay Time (EDT);0,2543755646809319;0,21196001545565574;0,25724799447814684;0,2905565027336658;0,2733147710630107;0,31260038395622;0,28009275878651213;0,33172556344065235
Reverberation Time (T-10);0,27052254670356235;0,28253377394993257;0,4004682687948946;0,4259100941077147;0,42535279428123735;0,4279500545344304;0,4192316066409542;0,45413201179395396
Reverberation Time (T-15);0,295704170804737;0,3225034071445069;0,4320261981256609;0,46935801506499614;0,4874871657188432;0,4513754009733362;0,4578508308869516;0,5175301560372694
Reverberation Time (T-20);0,2981974889459782;0,35089213908529215;0,4644131620915769;0,5272528893705795;0,5469924605158614;0,4931266205302674;0,5054363831658107;0,5780297953436809
Reverberation Time (T-30);0,3210699703269045;0,39472774432857166;0,5328075818867639;0,6258481596689429;0,6630424990074889;0,5944727802304146;0,6173354266258538;0,6647272382382173
Clarity - 50 ms (C-50);18,18538328278718;17,497391542663895;14,86382019471207;14,389845533931707;14,511522006973808;15,452736426442751;15,328626977127119;13,258966996113168
Definition/Deutlichkeit (D);98,50539470325906;98,25352776945672;96,84276044299575;96,49013748018453;96,58310556571597;97,2301282674198;97,15364327947367;95,50036470793617
Clarity - 80 ms (C-80);23,953498149539648;22,106707083741348;18,884681531563917;18,09332763505172;17,815956135165877;19,035792712233427;18,818955809731403;16,61843943624192
Center Time (TS);3,354466032442547;3,597821320616035;5,140644117334197;5,682743985576734;5,633757795795682;4,5731095734129;4,781837584570227;7,186455040641295
Strength(G);19,81077672227016;19,887192267005386;19,952116433062677;19,928077974149915;19,90469804458005;19,742203316250475;19,80361845331751;20,247652440618253
Lateral Fraction(LF);7,689931078959094E-09;9,721594258270335E-08;3,6372878711397404E-05;9,240612571815821E-05;8,899793661862951E-05;2,2802763126953508E-05;9,668908507997778E-06;4,104188858999701E-06
Lateral Efficiency(LE);2,4013358534126885E-09;2,9249038206409503E-08;1,2932980336316358E-05;3,3932737013550666E-05;3,2523587286746015E-05;8,362836864375528E-06;3,4270527030143007E-06;1,606776732297012E-06
Receiver 4;63 Hz.;125 Hz.;250 Hz.;500 Hz.;1000 Hz.; 2000 Hz.;4000 Hz.; 8000 Hz.
Early Decay Time (EDT);0,25138197210233465;0,24880353441454242;0,3597768340650417;0,3866264035801159;0,39836094906927905;0,3908006151361991;0,3793293551468818;0,43141543714968633
Reverberation Time (T-10);0,3019185325845369;0,3284032330073332;0,4322325784628288;0,4710818406415718;0,48214205803279286;0,4407542060033285;0,4516767904347612;0,5332244539372695
Reverberation Time (T-15);0,3002781970834686;0,3575609771542054;0,4657480928764846;0,5474090551105572;0,5605503225002023;0,5025785818958579;0,5197156878383179;0,5920133628575113
Reverberation Time (T-20);0,31385412143784686;0,38161108682504435;0,4960088795629642;0,6004450671488051;0,6227678820368128;0,5403695402534161;0,568383911103147;0,6409760090008505
Reverberation Time (T-30);0,3368887441375014;0,41588445598256646;0,5490411749922931;0,6798978750025058;0,6997049807392993;0,6664280533797854;0,6769284560544122;0,7164338378754016
Clarity - 50 ms (C-50);15,128930394471297;14,08622827239518;11,56013715402197;10,948538871813167;10,934793123563267;11,905385654801062;11,84265743348236;10,275513131661349
Definition/Deutlichkeit (D);97,0368740288531;96,27231945483507;93,51147484828572;92,57896622035032;92,55150421874708;93,95202448659674;93,87988714394172;91,52199436428307
Clarity - 80 ms (C-80);20,86488806801406;18,757030257394568;15,607000280878715;14,74518428412054;14,46849238376677;15,665273819902247;15,361178564898987;13,536395891018637
Center Time (TS);6,530946926921759;7,655263318813181;10,93331794971528;12,310399142024268;12,28941027218387;9,914451508378939;10,298249970924685;13,796341980538907
Strength(G);16,549997804934108;16,899171439797016;17,230650352404183;17,24980504592552;17,1413869165496;16,658152883169805;16,753709775746067;17,401066509555825
Lateral Fraction(LF);1,474517356689496E-08;2,1706248863440016E-07;8,232225534652522E-05;0,00020697104529573916;0,00020086703057460253;4,8696397288099814E-05;2,06140789447409E-05;8,640197116840278E-06
Lateral Efficiency(LE);4,9410771557057885E-09;7,298226631677044E-08;3,1331763165601103E-05;8,332339719003713E-05;8,389381528955216E-05;2,025803431660408E-05;8,19177930276131E-06;3,4682608619087767E-06
Receiver 5;63 Hz.;125 Hz.;250 Hz.;500 Hz.;1000 Hz.; 2000 Hz.;4000 Hz.; 8000 Hz.
Early Decay Time (EDT);0,2554485005885866;0,29215170641783567;0,35962889583435376;0,41679101956060766;0,42939136961514757;0,41155026011438095;0,39916236470634536;0,4268677348009029
Reverberation Time (T-10);0,28758170259897964;0,3216244526471727;0,41526438479181454;0,4744075439807737;0,49121972330548025;0,4476489355426772;0,45120663809526773;0,5143145637911924
Reverberation Time (T-15);0,287907269495925;0,34344520628888053;0,4533319337481505;0,5416935363025702;0,5514613702482825;0,49362703356632365;0,5023611239285599;0,5722941157353496
Reverberation Time (T-20);0,30181327363326377;0,3696412368972301;0,48995439765103876;0,5664256531152634;0,5965934647151372;0,5253058451382661;0,5341772190355512;0,6166448437495868
Reverberation Time (T-30);0,32848831810294055;0,398528700230451;0,5328111762218888;0,6510142305507456;0,6658687433056742;0,597133682399869;0,6487560153024152;0,6936113794591559
Clarity - 50 ms (C-50);15,122112723643077;13,342393878496463;11,271060751549253;10,157867937408811;10,025086783984207;10,96307361634288;10,904235864977261;9,833579019987242
Definition/Deutlichkeit (D);97,02105652764416;95,58527582493424;93,06232810598902;91,21489944848861;90,96119448204493;92,58735916052211;92,49793491909014;90,62293501336504
Clarity - 80 ms (C-80);20,688216732917798;18,36762422205247;15,450799353784294;14,047340314720477;13,727130732496155;14,762467361816105;14,62380599660924;13,274713259950987
Center Time (TS);7,6631284358232525;9,359913101704342;12,643403524611598;14,61551986823405;14,980348074640279;12,873106647687111;13,2232780402457;15,8451016044426
Strength(G);13,401364208433897;13,775346218076393;14,28427048132653;14,39438649454953;14,225699160830786;13,774323630504156;13,85908661821152;14,264524684586682
Lateral Fraction(LF);1,5652099504284108E-08;2,486182838130503E-07;0,0001002338642013275;0,0002578287495415824;0,0002360711437236015;6,085975505369778E-05;2,5241866388265456E-05;9,247277922494012E-06
Lateral Efficiency(LE);6,337509311847406E-09;9,975368863959766E-08;4,0898522483377934E-05;0,00011752315944659916;0,00011484476400452486;3,1315652339243544E-05;1,2776118178420684E-05;4,343477786949593E-06
Receiver 6;63 Hz.;125 Hz.;250 Hz.;500 Hz.;1000 Hz.; 2000 Hz.;4000 Hz.; 8000 Hz.
Early Decay Time (EDT);0,3287221096757199;0,43637348140848614;0,5685113051967003;0,5608930412019201;0,5604141712181975;0,512230923658875;0,5096683554012112;0,48972235798621416
Reverberation Time (T-10);0,3187781168023737;0,4056795142469376;0,4140423717632712;0,3998210613604747;0,406466120228876;0,3885533739837221;0,3900774929251071;0,37956871559947675
Reverberation Time (T-15);0,2538136323440317;0,30644659922792694;0,36025742344159495;0,3871235995653619;0,3945687499108894;0,3825649142160884;0,383958225181094;0,3757264309725607
Reverberation Time (T-20);0,24805191580612534;0,2999685255614234;0,35328768870118293;0,3863562760800965;0,3992695632853456;0,38872767420121446;0,3895151063596714;0,38218168971789196
Reverberation Time (T-30);0,24616429462386002;0,29673782544804694;0,3523643502236496;0,39667434474939556;0,40907963307440964;0,3974021289274574;0,3989148382231255;0,3953029533682717
Clarity - 50 ms (C-50);17,19228883692752;15,896875994702892;13,613953673762037;12,619587393207262;12,076127615577484;11,88782201649159;11,784956875077576;12,101709251682443
Definition/Deutlichkeit (D);98,12690748508575;97,4922598238623;95,8302754274331;94,81308038744832;94,16201490907542;93,91904925223152;93,78236138265052;94,1943112416059
Clarity - 80 ms (C-80);24,945124817754298;22,223490833614754;18,879352733511375;17,500621841270934;16,827188815017703;16,759626564681735;16,611577231763675;17,03048298582109
Center Time (TS);5,862215832287107;5,739011748975385;7,81226144581102;9,087906077667368;10,074058166616874;10,808770670386927;10,987448967101917;10,574916257313193
Strength(G);11,142881203174866;10,823424955284313;11,008087186772329;11,12705163990146;11,261477348987825;11,462280715410607;11,485222413728536;11,441220396220551
Lateral Fraction(LF);1,113654303489356E-08;1,1845455151505698E-07;4,5574397496693324E-05;0,00012765205490121293;0,00013803985388622213;4,766206273597635E-05;1,923091011302777E-05;5,960294955695188E-06
Lateral Efficiency(LE);7,232588549796751E-09;7,788245233514209E-08;3,203976543462253E-05;9,086305280604742E-05;9,893710068265293E-05;3,3135289350859754E-05;1,336247006246936E-05;4,104096767254051E-06
Receiver 7;63 Hz.;125 Hz.;250 Hz.;500 Hz.;1000 Hz.; 2000 Hz.;4000 Hz.; 8000 Hz.
Early Decay Time (EDT);0,3487486082844799;0,4036821060813848;0,4902033666127517;0,5708895321721111;0,5691960934129209;0,567773046899305;0,5466207091737264;0,5247163328547462
Reverberation Time (T-10);0,3262715884230071;0,3805369890593248;0,4091807455973037;0,42552024383347603;0,42293749345504583;0,41235795682903703;0,4031963344746403;0,4195177005802216
Reverberation Time (T-15);0,2724066586636439;0,31434409882375736;0,38194133624836213;0,42636332930659626;0,42074237833513245;0,39732981264650535;0,4029803226647264;0,44327869517248225
Reverberation Time (T-20);0,26842998186035855;0,3163820892684077;0,39863354631420705;0,45706137172034755;0,4392655594286273;0,42022398031064;0,4339680433348776;0,4917709637875067
Reverberation Time (T-30);0,2805441287040556;0,3435079278204653;0,4465167170684241;0,5283588608176967;0,5180827613871887;0,485153605802411;0,4602243140698661;0,5756723314504437
Clarity - 50 ms (C-50);16,68080998355798;15,8425386218301;13,87589385445423;12,629111932132568;12,47997957044517;12,794658393254355;12,608643429600491;11,809660001718763
Definition/Deutlichkeit (D);97,89771516468934;97,46148825748853;96,06472959757575;94,82385522262416;94,65269417538383;95,00778420348243;94,80067362169552;93,81544651443625
Clarity - 80 ms (C-80);23,57302627243495;21,758665183957827;18,635577198981554;17,052991916058314;16,832415273196123;17,546650405221197;17,20162257426038;16,10530861322544
Center Time (TS);5,5244542166375;5,344001584330662;7,000542005091414;8,507828816039172;8,745403836330883;8,636263627020227;8,922067162923994;10,246462435180968
Strength(G);13,130692064643192;12,952519270105654;13,044384355376316;13,13718535280244;13,194460983892526;13,19630660227385;13,267220430075831;13,478156824994116
Lateral Fraction(LF);1,0331155120984743E-08;1,093892109542402E-07;3,830182595554448E-05;0,00010757988959872458;0,0001132107989758441;3,732581608235037E-05;1,5152192045589409E-05;5,22758090660795E-06
Lateral Efficiency(LE);5,650358850132788E-09;6,335129775035896E-08;2,454563149530339E-05;7,03828706116639E-05;7,603690524054358E-05;2,472410731627293E-05;9,923589955698676E-06;3,2778020661849537E-06
Receiver 8;63 Hz.;125 Hz.;250 Hz.;500 Hz.;1000 Hz.; 2000 Hz.;4000 Hz.; 8000 Hz.
Early Decay Time (EDT);0,36687012022136417;0,40410284603863944;0,43397519850190325;0,5294418445691476;0,5627611312514673;0,5429520023125937;0,5419751817839248;0,5289583869240635
Reverberation Time (T-10);0,32214847432465954;0,36656160722822506;0,43350576560741705;0,46976551744816303;0,47585969645576326;0,4473222568788644;0,44278518545551077;0,467432565385622
Reverberation Time (T-15);0,2915339674936879;0,3388370157722005;0,43062660231094885;0,47377529781073535;0,4932244934744747;0,45433920590004023;0,439605007898758;0,5152788343742665
Reverberation Time (T-20);0,28860455678928476;0,3501106147872905;0,4614661999480663;0,5227464503534616;0,5275646401631694;0,4997984205444225;0,4817875241869722;0,5660811231173816
Reverberation Time (T-30);0,3073916984928023;0,3799628485635558;0,527444702443522;0,6169376802123229;0,6349069859391062;0,5700326200469394;0,5745498703860423;0,653014461887278
Clarity - 50 ms (C-50);15,983056696534748;14,9256622904732;12,903897740761705;12,133163150381321;11,987991895518473;12,712268454266608;12,579345023591397;11,068623295519588
Definition/Deutlichkeit (D);97,5403205714662;96,88338556614926;95,12574445401866;94,2337913958972;94,04945049158844;94,91703279317066;94,76732091309017;92,74824116009826
Clarity - 80 ms (C-80);22,50969232371191;20,506155914598555;17,242824155766375;16,388615209745257;16,04596889590227;17,01524439537408;17,065250322754345;15,019380889337963
Center Time (TS);5,480862956900501;5,6321268917217076;7,643754394822498;8,545725658922871;8,768787706021394;7,96309244155111;8,133152899516572;11,041793045268113
Strength(G);14,787928097753817;14,718861941653884;14,832996292159095;14,812137774337685;14,80818414617913;14,722811019478314;14,785850959772567;15,254451083706975
Lateral Fraction(LF);1,0393205237435594E-08;1,1476791789459049E-07;4,0749477198037716E-05;0,00010564777487802016;0,00010576186433966726;3,2793192747705135E-05;1,3670469771479418E-05;5,426567137063806E-06
Lateral Efficiency(LE);4,47525572206779E-09;5,699352137737923E-08;2,1688701167503683E-05;5,850758074708878E-05;6,039680226096115E-05;1,88984332891285E-05;7,71625969026557E-06;2,926803952622616E-06
Receiver 9;63 Hz.;125 Hz.;250 Hz.;500 Hz.;1000 Hz.; 2000 Hz.;4000 Hz.; 8000 Hz.
Early Decay Time (EDT);0,3242764917851422;0,31401275210114343;0,4243758358796693;0,48527271891411616;0,5069460599073826;0,5166414404976408;0,5161597207388542;0,504159065253898
Reverberation Time (T-10);0,3165833441788917;0,3425212860391482;0,4447022976320736;0,4870409381565566;0,48912024217385447;0,4637166128795058;0,46850277046744726;0,5198663522032405
Reverberation Time (T-15);0,30385498074753386;0,3518588611976274;0,4572510124184024;0,5150769514004931;0,5313175867209159;0,48272200518552233;0,5003751293785654;0,5681682214110182
Reverberation Time (T-20);0,3072170903955274;0,37129252812915103;0,4825449855180671;0,5667756916478423;0,6030695716325899;0,520030943310364;0,5481970414181644;0,6161248750755752
Reverberation Time (T-30);0,3280599777586035;0,4120687935948022;0,546952117018703;0,6539489987189948;0,67597061149726;0,6483764378559549;0,6553483837226476;0,7017275012377432
Clarity - 50 ms (C-50);14,564291472210025;14,115201782582186;11,580317910030436;10,986480313495514;11,119431562294558;11,757125014874827;11,71086592831838;9,954749712104157
Definition/Deutlichkeit (D);96,62563820118272;96,270626466432;93,5082251588518;92,6253339029755;92,83072275473002;93,7469577838718;93,68909451899454;90,84113144408717
Clarity - 80 ms (C-80);20,723926527088725;19,03805004679777;15,835533801907653;15,109536604732025;14,764491291742061;15,82610980135476;15,544098526661017;13,447967344273748
Center Time (TS);7,142594317675757;7,175055822231381;10,143686211153543;11,012494015678426;11,013347900143254;9,514149988674985;9,897234937437547;14,085875112715987
Strength(G);15,189747225436633;15,229671180339473;15,4154976498112;15,355267624433118;15,258144832882337;15,035279580097267;15,074941918553314;15,802239424234095
Lateral Fraction(LF);1,5244242077061726E-08;1,809584321495497E-07;6,47292027813488E-05;0,00016498014801851802;0,0001533123728175191;4,245272809356887E-05;1,773696339268914E-05;7,643260160923903E-06
Lateral Efficiency(LE);6,299528950587628E-09;7,276795648371183E-08;3,1331871967795246E-05;7,936253576053253E-05;7,923532431796534E-05;2,2637067342824897E-05;9,242653745652992E-06;3,962236157680523E-06
Receiver 10;63 Hz.;125 Hz.;250 Hz.;500 Hz.;1000 Hz.; 2000 Hz.;4000 Hz.; 8000 Hz.
Early Decay Time (EDT);0,3320184619216317;0,3370494974413279;0,4442603339379743;0,45447147226257384;0,4670727197004027;0,5026409173776685;0,48078617371766696;0,5016528294898777
Reverberation Time (T-10);0,32277711503324263;0,36120096176310873;0,4728393753041066;0,49688513496032516;0,5002902751091037;0,47577936232044526;0,48964122891161477;0,5443601171303297
Reverberation Time (T-15);0,31460094780427883;0,3709724582208061;0,48734215448445906;0,5721168979584839;0,5563933824468289;0,5174156058861061;0,5331013933466429;0,6029468974153972
Reverberation Time (T-20);0,32204096458991693;0,3898173053455812;0,5073038634601011;0,6277533229821058;0,631796603546767;0,5554640280578169;0,5778583652164385;0,6562058793529773
Reverberation Time (T-30);0,34085520796052415;0,4228914869842649;0,5572672712724698;0,7089282577774476;0,7071977852582477;0,6915904306231245;0,7008883012476206;0,7330741198602125
Clarity - 50 ms (C-50);13,335833806592493;12,491841874774854;10,084877669151046;9,76475997982462;9,508840037171796;10,130831066424939;10,151520001509738;8,769174979333888
Definition/Deutlichkeit (D);95,58266563586311;94,69329797714198;91,09923947723807;90,46853172811595;89,9425856580125;91,16793061637564;91,21067922253971;88,34540567026389
Clarity - 80 ms (C-80);19,226422075096906;17,395438361817437;14,101087870274247;13,661933906634617;13,483976706817394;14,305371869751495;13,89254418228273;12,315274421194024
Center Time (TS);8,952863908269363;9,82786307444472;13,815006110413057;15,00327573815285;15,258786824239305;13,065675646024333;13,683949790907958;17,804029799294
Strength(G);14,006136786491805;14,313557854960862;14,662536783454513;14,641088117671416;14,668509348343505;14,064528486962459;14,183692084328896;14,914374447527415
Lateral Fraction(LF);1,9943217697226315E-08;2,6924641173392447E-07;9,296510682736706E-05;0,0002491089664026358;0,0002530242055433883;6,038058382759377E-05;2,602776070162014E-05;1,0259386211066067E-05
Lateral Efficiency(LE);8,184375393442499E-09;1,1042336338355463E-07;4,217345115861996E-05;0,00011123664355062204;0,00011671033567562845;3,200106653596392E-05;1,2536000772769562E-05;5,1247286849106025E-06
Receiver 11;63 Hz.;125 Hz.;250 Hz.;500 Hz.;1000 Hz.; 2000 Hz.;4000 Hz.; 8000 Hz.
Early Decay Time (EDT);0,30173103358285425;0,3406031746022095;0,42041157906928966;0,46441950937307425;0,4751811271025412;0,4799517241295925;0,4583835805043936;0,4827694074849643
Reverberation Time (T-10);0,3052610693171811;0,3493247704570174;0,43628495103132087;0,4587072932478769;0,4822984829359051;0,462219558659901;0,4654997047034479;0,5099266783432517
Reverberation Time (T-15);0,29996541875178423;0,3579491628970215;0,4538605956749799;0,5243947530592575;0,5300267085246492;0,5019762949509465;0,5092665802977155;0,563441897828687
Reverberation Time (T-20);0,3072677272795111;0,3764327721759058;0,476249128645972;0,5570296374364075;0,5595529353686503;0,515552779078019;0,5272281691766222;0,6040573224091468
Reverberation Time (T-30);0,3311687194044062;0,4003349248367409;0,5317634107696284;0,6617192483111326;0,6672395588132446;0,6018278269581313;0,6512192884079249;0,688102004895755
Clarity - 50 ms (C-50);13,931771771262522;12,267968871983548;10,15130594517445;9,331973970432669;9,13346567657479;9,651238962259146;9,726331304848502;8,703507158759368
Definition/Deutlichkeit (D);96,11980532908822;94,41684236315916;91,2035233373957;89,56461458055152;89,12456806108594;90,227622551441;90,38216041661346;88,17448386035841
Clarity - 80 ms (C-80);20,36725834201908;17,65521247291619;14,826529415892162;14,039959543840613;13,654767466069394;14,21281002704096;14,138777707387593;12,754772206770655
Center Time (TS);8,780743796647197;10,522179323189853;14,290700613992257;16,01322890896878;16,445377521061502;15,00964864292889;15,250596551367732;18,19477579414867
Strength(G);11,966978016285992;12,159790064381642;12,762599130828335;12,856537255177123;12,812023594882007;12,322052391923322;12,43195907499161;12,800805403357302
Lateral Fraction(LF);1,75406303616564E-08;2,682888113429751E-07;0,0001075402125794512;0,00028911369816871313;0,00025794175713885864;6,82391613481491E-05;2,8058786421150102E-05;1,012673599708194E-05
Lateral Efficiency(LE);7,835964763874179E-09;1,253079757112095E-07;4,9454766405938724E-05;0,00014328306959558149;0,00013658842222762644;3,960177477154409E-05;1,5450909737205723E-05;5,489394814414087E-06
Receiver 12;63 Hz.;125 Hz.;250 Hz.;500 Hz.;1000 Hz.; 2000 Hz.;4000 Hz.; 8000 Hz.
Early Decay Time (EDT);0,3339714323672311;0,49091291697748485;0,5086170463826414;0,5501531716861456;0,5368156110277242;0,4928368379963302;0,49003147729721497;0,4742545632723062
Reverberation Time (T-10);0,2969383315428426;0,3689035833069966;0,4184329146840758;0,4505199291617566;0,4512142213307049;0,42148777873831306;0,419099019253442;0,40897873705440935
Reverberation Time (T-15);0,27345047924612825;0,33845710341904994;0,39377110350935446;0,4216904337788254;0,41853835704289816;0,3954873001699166;0,39645365620574546;0,38939058368375634
Reverberation Time (T-20);0,26598031474792444;0,3260398096833079;0,3645806431498125;0,4050915230501912;0,4162567666757384;0,40081150432388474;0,40078080030772933;0,39337996538226994
Reverberation Time (T-30);0,25510872893081127;0,31039940512597847;0,35966000272927146;0,38615184290318505;0,39690839630728053;0,37988980161694275;0,38199823794765847;0,38321888755830097
Clarity - 50 ms (C-50);15,303790271146685;13,943200236954741;11,733083443142597;10,73339282754137;10,255881431764326;10,064051109376951;9,974519483198932;10,353276312195964
Definition/Deutlichkeit (D);97,13581951433738;96,12290138593856;93,71234829662899;92,21163262945055;91,38442911542997;91,03024462811999;90,86048590997996;91,55936463706928
Clarity - 80 ms (C-80);22,912392234559867;20,093078026159624;16,985222653348128;15,645471929556436;15,097181329851772;15,016834539249713;14,875477948319556;15,419486167254995
Center Time (TS);6,806101866648823;6,748960730079188;9,356288745839223;11,01942841087297;12,153213902744728;12,917872992838642;13,129213703682215;12,542629102131304
Strength(G);9,636746850892983;9,221833987851092;9,458989070781527;9,589502071906637;9,771603925101957;9,975839497029042;10,007838924034019;9,965657772453106
Lateral Fraction(LF);1,6186577099351878E-08;1,5502616114873004E-07;5,920597426263329E-05;0,00016407110947069397;0,00017946351365354167;6,229169380344321E-05;2,522752532550994E-05;7,950921917620195E-06
Lateral Efficiency(LE);6,346110503554964E-09;7,870830004170581E-08;3,351082826239603E-05;9,911004915308024E-05;0,00010847724333877515;3,62803793019624E-05;1,4639082144761264E-05;4,476365400261175E-06
Receiver 13;63 Hz.;125 Hz.;250 Hz.;500 Hz.;1000 Hz.; 2000 Hz.;4000 Hz.; 8000 Hz.
Early Decay Time (EDT);0,36945235153956385;0,45082796693285393;0,5189213990969279;0,5392446344181213;0,5515394669276561;0,4990220005492847;0,5009665290758138;0,4972325999910781
Reverberation Time (T-10);0,3010452135681236;0,36298427442381126;0,4198325097363041;0,4395112747570497;0,446637583604587;0,4272943962237362;0,41774512736972746;0,4236482327197199
Reverberation Time (T-15);0,28498133992580454;0,3296552668901667;0,3995501860873404;0,4188878586382491;0,4255763068766616;0,4080595550859303;0,4035344167777585;0,4344074926860679
Reverberation Time (T-20);0,28017779876568827;0,32218598374028806;0,4042444390541773;0,4306027636487465;0,4299209257132796;0,41279661976084103;0,413932158204562;0,4766032559971672
Reverberation Time (T-30);0,2853561317817256;0,3416397881245132;0,42915763913516836;0,46845108446955935;0,4612638717850273;0,43331548320784774;0,4243486160918115;0,558238048119293
Clarity - 50 ms (C-50);14,623072266092267;13,687738882427986;11,651722034876311;10,84521799599874;10,310814182176077;10,551675545285288;10,392090997026198;9,75906355488174
Definition/Deutlichkeit (D);96,66599312875785;95,89763762380414;93,60105275251594;92,39455583326921;91,48349636476817;91,90577543647971;91,62817861388599;90,4400735428117
Clarity - 80 ms (C-80);21,211102363849115;19,638743609684354;16,436090211888622;15,472302088547835;14,89287729887517;15,283435085055102;15,043750236253112;14,297029622991557
Center Time (TS);7,743103977862759;7,585559965848935;9,949375254763696;11,306050173569174;12,337699398934543;12,21880119074629;12,647372774078358;14,340363780478496
Strength(G);10,993448881816366;10,743287498881905;10,86063021590327;10,943194317127407;11,057429949433299;11,1314167372418;11,178653838740033;11,45166726081515
Lateral Fraction(LF);1,6286401122730885E-08;1,7019371071331334E-07;6,03550657673412E-05;0,00016633398291260115;0,00018123244049568575;5,93120859304826E-05;2,3826215842933565E-05;8,27946316257096E-06
Lateral Efficiency(LE);7,966549637491203E-09;1,0636039132429138E-07;4,152996623776321E-05;0,00011967356983303844;0,00013224924048696416;4,118202870228694E-05;1,677027758381061E-05;5,502080651222286E-06
Receiver 14;63 Hz.;125 Hz.;250 Hz.;500 Hz.;1000 Hz.; 2000 Hz.;4000 Hz.; 8000 Hz.
Early Decay Time (EDT);0,34070549919053594;0,42780509483503243;0,47707964305098677;0,5463375296797426;0,5502617740245305;0,47648956654268393;0,49643657482295583;0,5158464061873009
Reverberation Time (T-10);0,29614879906254654;0,3713681317975535;0,4576697226269229;0,5047487701956411;0,5098397133546465;0,45777674617186953;0,4657748459339737;0,5404705022616108
Reverberation Time (T-15);0,2980803214128312;0,36400839056455986;0,4731206118386767;0,5321056938818014;0,5401144237688341;0,4895529073287684;0,514210529496272;0,5903156467025195
Reverberation Time (T-20);0,30174037353247346;0,37814153459205635;0,5088380591303848;0,5842011590938457;0,5962426185570631;0,5309336631346865;0,5442809823486907;0,6272745548388818
Reverberation Time (T-30);0,3209905360776476;0,4044673588045446;0,5501435898081282;0,670985769332909;0,6968760234747193;0,6228919525589572;0,6513891741181012;0,7003163113479037
Clarity - 50 ms (C-50);13,55579719081197;12,432629209172843;10,177083032020885;9,335353471535095;9,231261285379968;10,182432664348976;9,847233040945408;8,45685522905759
Definition/Deutlichkeit (D);95,77643717695365;94,59724154515867;91,24049933032683;89,56262113867419;89,3364334922702;91,25033912433041;90,61416747636822;87,51478797344488
Clarity - 80 ms (C-80);19,593620214061772;17,435284692570917;14,131453492642015;13,00875478304641;12,937487130641568;13,955374027133477;13,554839760806672;11,96624835379377
Center Time (TS);8,949717175738932;9,366119290977634;13,1346078359356;14,92044653669126;15,384529961518105;13,518131659161464;14,322917128364;18,437802247891497
Strength(G);12,116919586992857;11,917039424489126;12,200616729445997;12,143614629966784;12,13946382123168;12,119170859987953;12,151083227504643;12,759507443038231
Lateral Fraction(LF);1,8592875983948838E-08;1,9588253223398216E-07;7,289460472895079E-05;0,00018451305860170332;0,00019172059174136653;5,8406553691783364E-05;2,396361327982898E-05;9,115282340310524E-06
Lateral Efficiency(LE);8,493130202127368E-09;1,1510409266315948E-07;4,581479718894647E-05;0,00012613400934966766;0,0001320174208904388;3,7348855562593396E-05;1,5935344044174964E-05;5,631391628146575E-06
Receiver 15;63 Hz.;125 Hz.;250 Hz.;500 Hz.;1000 Hz.; 2000 Hz.;4000 Hz.; 8000 Hz.
Early Decay Time (EDT);0,3442718432724073;0,3879812740131252;0,5035080233289421;0,5878597613533091;0,5619835030319454;0,5068514459734885;0,5230722815294591;0,5583468484104273
Reverberation Time (T-10);0,31643399588920895;0,3849229119197301;0,48783810100367114;0,5651532399740545;0,5741991984076245;0,4961691171185014;0,5334070160577793;0,5844927658653698
Reverberation Time (T-15);0,3147099981698904;0,39809091630877946;0,49467153303544514;0,6227043394529405;0,6411085343080257;0,5361659215074209;0,5868670290912551;0,6323845534029757
Reverberation Time (T-20);0,3241176812466527;0,41443634152851594;0,5375660034822546;0,6664318058576746;0,7002274471977427;0,6187698862511558;0,6567532162830156;0,6924998794933087
Reverberation Time (T-30);0,34830304785604416;0,448447338761597;0,5981134485630842;0,7307417371509256;0,7603502577646772;0,7423132102925785;0,7889942036697273;0,7752626302588282
Clarity - 50 ms (C-50);12,221184452466717;11,57563978348853;8,884491828902634;8,176718763172552;8,210176935146286;9,216586046299145;8,791391714864083;7,39335818419298
Definition/Deutlichkeit (D);94,34779652595886;93,49986565249804;88,55457121516605;86,7999016833707;86,88594144496606;89,30743476806458;88,34451886583577;84,59849234734244
Clarity - 80 ms (C-80);18,083494093434844;15,92815831598662;12,97985642494398;11,903606021172035;11,63569097529675;12,982942163605589;12,378195878045604;10,845384557038823
Center Time (TS);11,361208736552474;11,617757679548125;16,580649274617773;18,857749187731645;19,328430491426023;16,096877682524973;17,505865460976427;22,71171951662807
Strength(G);12,704651987227436;12,581472268975322;12,940920778149376;12,80278263006673;12,79726375180676;12,542202034276698;12,58294480833522;13,479704258048145
Lateral Fraction(LF);2,4653984855772056E-08;2,827689250954987E-07;9,851342804600722E-05;0,0002503614140703149;0,0002466370863938834;6,956565859664844E-05;2,9093283071968332E-05;1,1576284207302477E-05
Lateral Efficiency(LE);1,1253548231147995E-08;1,387291570275769E-07;5,9285543734601966E-05;0,00015146967028246432;0,00016012708061756997;4,435175366186932E-05;1,8350334734100984E-05;7,043427260358661E-06
Receiver 16;63 Hz.;125 Hz.;250 Hz.;500 Hz.;1000 Hz.; 2000 Hz.;4000 Hz.; 8000 Hz.
Early Decay Time (EDT);0,34166490021047;0,40524757568518477;0,5190693308837503;0,5331648647401912;0,5499828956506605;0,5308190327966749;0,5524093515826516;0,5681935918219762
Reverberation Time (T-10);0,336072339040224;0,40282307643742454;0,5130427383627126;0,5948825902245022;0,5834319296533292;0,5332597640713118;0,5580408973578481;0,6169453661015901
Reverberation Time (T-15);0,33312235788963573;0,4106042893333356;0,5240122002561793;0,6644384575971505;0,6554458516732271;0,5803053817157642;0,5994155751504645;0,671086888617847
Reverberation Time (T-20);0,3426595302793589;0,4157202445884357;0,5558709051140935;0,6975798668113596;0,7072569879663781;0,6303508014913016;0,6580501445815542;0,7189880166309005
Reverberation Time (T-30);0,36177681426696634;0,44205552330788184;0,5981673692249325;0,7695401431588995;0,792530649376267;0,7866528174171916;0,7740913057258711;0,7917707051457319
Clarity - 50 ms (C-50);11,483857346268325;10,298974015025388;8,011490409740965;7,8111564343482005;7,3573000946883855;8,001502031169355;7,829957749896228;6,79421484977018
Definition/Deutlichkeit (D);93,38415270257543;91,47470656657016;86,39494799990179;85,8490897890417;84,48145511963162;86,33190381870571;85,88159891012278;82,71058468849904
Clarity - 80 ms (C-80);17,452060910384308;15,167972332498401;12,132512236443926;11,514234707117488;11,325245507232811;12,25239178931081;11,85031496151245;10,382175051106799
Center Time (TS);12,28639143615093;14,107247264600781;19,393075739672273;21,478386617461506;22,27429376194588;19,418149246975545;20,22017166577856;25,170830248867045
Strength(G);12,251349064029831;12,366188654990069;12,935456023227943;12,805020901448998;12,878874333555892;12,312272073039495;12,406738336926558;13,34709767872559
Lateral Fraction(LF);2,6555887580787288E-08;3,4150297309792195E-07;0,00011806825193404162;0,0003211854085133325;0,0003127875542164714;8,163731127797906E-05;3,411181349485259E-05;1,3189720674089983E-05
Lateral Efficiency(LE);1,1374042294194319E-08;1,755045498081117E-07;6,626496115163624E-05;0,00017840782793263898;0,00018300992994758412;5,183914947749236E-05;1,918303503159171E-05;7,653116997282313E-06
Receiver 17;63 Hz.;125 Hz.;250 Hz.;500 Hz.;1000 Hz.; 2000 Hz.;4000 Hz.; 8000 Hz.
Early Decay Time (EDT);0,30143096052653057;0,3860942925698212;0,4716622772210059;0,4825701304991845;0,507413433130747;0,5001620050454134;0,490842479525818;0,522622146881191
Reverberation Time (T-10);0,3149672811629344;0,37535316037515354;0,4336294799503396;0,4808175457565609;0,48562311085777166;0,4471432903163608;0,45529155331202786;0,5207861283266272
Reverberation Time (T-15);0,304772098640861;0,3648731880663444;0,46854063074396574;0,5528040155236836;0,5295115130621122;0,49060060904422703;0,49600292977740096;0,5701606127165686
Reverberation Time (T-20);0,31516331839612294;0,37757847085430934;0,4973278975385622;0,6001569933036995;0,5714346445372938;0,5090185243564452;0,5143235891790987;0,6079307670427117
Reverberation Time (T-30);0,334554033073019;0,3937276062092062;0,548241309786709;0,6725740995877665;0,6930218368961868;0,6665604195545383;0,6675812807892438;0,6960689515077351
Clarity - 50 ms (C-50);12,315686838518406;10,684554934513537;8,698836935221653;8,10957434910542;7,747943097134057;8,066866724960764;8,114155884875863;7,289415880473778
Definition/Deutlichkeit (D);94,47137606537804;92,1411766809053;88,12780909250223;86,61845573380627;85,62510309839062;86,50579043226409;86,64230383765079;84,32131019471473
Clarity - 80 ms (C-80);19,196726066734563;16,443251101564286;13,696720227823791;12,811796032224908;12,424734791949144;13,384068692984844;13,145313542448847;11,708221984390992
Center Time (TS);10,59738224046304;12,948710859680247;17,246086093055194;19,58212896993204;19,71965667189188;18,328677048272958;18,556214495502267;21,942615132625143
Strength(G);10,755288874190828;10,754809005660466;11,342888694457912;11,573104789263255;11,425595766823335;11,059167980734664;11,111452706889736;11,629604944588209
Lateral Fraction(LF);2,323321887750959E-08;3,198737389183093E-07;0,0001144789290037011;0,0003234282920535122;0,00029988726348833503;8,304582082910963E-05;3,392742673949591E-05;1,1741410667516874E-05
Lateral Efficiency(LE);8,320232013834773E-09;1,523429923414222E-07;5,7141006500415346E-05;0,00016402131108009165;0,00015892665748082067;4,580443570324839E-05;1,8082096734795695E-05;6,277258615520653E-06
Receiver 18;63 Hz.;125 Hz.;250 Hz.;500 Hz.;1000 Hz.; 2000 Hz.;4000 Hz.; 8000 Hz.
Early Decay Time (EDT);0,28351471336595535;0,424888218784319;0,466136347036369;0,5067999765044497;0,49431776049785686;0,4634717605052744;0,4629983046579082;0,4416206936102743
Reverberation Time (T-10);0,27965712770874057;0,35194892512752163;0,42452593007068895;0,46079970295660366;0,46880434467467874;0,4557042992570777;0,4604090249792158;0,43717325830783166
Reverberation Time (T-15);0,2722007843793114;0,35157229522469025;0,4086764452631183;0,4325524444879312;0,4536081420248275;0,43602061158711725;0,43597266241870025;0,42158004251687264
Reverberation Time (T-20);0,27186223045696245;0,33612810483816274;0,4076280540784696;0,4383509828337106;0,44967424466591827;0,4358924497680258;0,434497795818173;0,4288014790909953
Reverberation Time (T-30);0,2732728290834514;0,3282701011506803;0,3865392321807045;0,4128574881619081;0,41922209334937777;0,407844159001766;0,40800496738228875;0,40587592140240564
Clarity - 50 ms (C-50);14,629252248271701;13,218553769054761;10,890874072798923;9,77599595992404;9,32927009936813;9,168987979623997;9,078385215722056;9,447363583992184
Definition/Deutlichkeit (D);96,67057618035561;95,45090832828646;92,46810029820247;90,4737297395633;89,54951970000846;89,19906163724198;88,99641977289423;89,80126945640784
Clarity - 80 ms (C-80);21,581458378921358;18,58071863650697;15,518870310343925;14,0439528653385;13,511436105687658;13,53391492739846;13,43050520510657;13,973642275793871
Center Time (TS);7,981377391379043;8,123127578836705;11,386703819872565;13,533944945626976;14,92095222127679;15,718502133809189;15,971703518821878;15,245842700887966
Strength(G);8,385526470390154;7,815373971136349;8,121474711654102;8,26522753948369;8,495694124207816;8,751478267940584;8,800746898597922;8,758158514388597
Lateral Fraction(LF);2,2233274610007125E-08;1,9335621798662852E-07;7,284272510216877E-05;0,00019749350521615152;0,00021684291408788814;7,41782746415636E-05;3,0070708906017345E-05;9,610449174330828E-06
Lateral Efficiency(LE);5,526456391105369E-09;7,419773449319268E-08;3,250197445243957E-05;9,444956371460988E-05;0,00010124784169979767;3,278102682431701E-05;1,3159969823625869E-05;4,072717009463256E-06
Receiver 19;63 Hz.;125 Hz.;250 Hz.;500 Hz.;1000 Hz.; 2000 Hz.;4000 Hz.; 8000 Hz.
Early Decay Time (EDT);0,2999383328689456;0,3937989873480554;0,4802759749212471;0,5006220419694315;0,5141442231396842;0,4561404310666534;0,4582429211545545;0,48099225709798415
Reverberation Time (T-10);0,27486214439062556;0,35511383476393904;0,4084195355422724;0,4580215489434995;0,48073486778777214;0,440049833594514;0,4510133647071997;0,4842352667076375
Reverberation Time (T-15);0,27778818955300727;0,34847907684451496;0,41478953141754416;0,4733314498937578;0,49756278279645433;0,4444140665790561;0,462110872888948;0,5263233748001221
Reverberation Time (T-20);0,2839099939820733;0,3449061611168475;0,4503948979147015;0,504050867597646;0,5247793972052723;0,47185837062853625;0,47990285124540333;0,5545376777205837
Reverberation Time (T-30);0,2987823318816546;0,3647185798077677;0,47096112482587227;0,5921339699685204;0,5867270333838501;0,4989848903691467;0,5021334630615387;0,6315332014529101
Clarity - 50 ms (C-50);13,657662584238011;12,386435926752808;10,193769477063837;9,196158364572538;8,917275511391995;9,357275683763794;9,214102876364048;8,280785785025582
Definition/Deutlichkeit (D);95,87030616023972;94,54262183173763;91,27115835737382;89,25918843722086;88,62784806439697;89,60971355275272;89,29873719382495;87,06503649056373
Clarity - 80 ms (C-80);20,00590114726225;17,631262217322043;14,615785019404157;13,289858409468525;12,77996062730506;13,526675651482432;13,28720126434164;12,321895546426688
Center Time (TS);9,782760060118234;10,061124471217942;13,865048261778202;16,169947913144654;17,032006453099203;16,077489012725586;16,7057031239719;19,512505771135473
Strength(G);9,439367876866186;9,008009045548544;9,234834987407893;9,397359667584759;9,529223592378514;9,637811165042962;9,730765500414599;10,02202140822402
Lateral Fraction(LF);2,4482991201083175E-08;2,326971532647975E-07;8,854000586558629E-05;0,00023971299379211728;0,00025174722858372674;8,148559136443153E-05;3,304357193986165E-05;1,1246421913263867E-05
Lateral Efficiency(LE);7,48817272441888E-09;1,0346804228153748E-07;4,9696088875765186E-05;0,00014063906356736512;0,00013970834170539117;3,953092166987355E-05;1,634032113621419E-05;5,577375772617417E-06
Receiver 20;63 Hz.;125 Hz.;250 Hz.;500 Hz.;1000 Hz.; 2000 Hz.;4000 Hz.; 8000 Hz.
Early Decay Time (EDT);0,30915128652346174;0,3932798536072612;0,47589637622527375;0,518638051768086;0,5165947985855446;0,44163800785863205;0,4559658831773208;0,5181881759079228
Reverberation Time (T-10);0,28462893262076866;0,35103041914057903;0,46413379231908297;0,5311260339998036;0,5521167808395158;0,4804382528164445;0,526111118207397;0,5716643058082141
Reverberation Time (T-15);0,2961838402538312;0,3708430259171327;0,4866248070804042;0,5743808400553823;0,5773616632579112;0,4905697202750914;0,5391603218998858;0,610668260937289
Reverberation Time (T-20);0,3046480685616789;0,37883868641944385;0,5252422828149873;0,6281585781530484;0,620603957399208;0,555325294852496;0,5749006709332979;0,6541403068695221
Reverberation Time (T-30);0,32472234150310086;0,40492658526577086;0,5561424099802108;0,6884743042761725;0,7039426420070339;0,6476170558432123;0,6387897380374293;0,7078430738227371
Clarity - 50 ms (C-50);12,724341909222703;11,459200077601876;8,813055217090103;8,040634850989033;8,031504954345142;9,025776255427768;8,66756903424894;7,2143786011198365
Definition/Deutlichkeit (D);94,9304285258131;93,33035225783124;88,38372748813997;86,42942799651911;86,40475204510255;88,87723163248086;88,03534531972689;84,03952757274864
Clarity - 80 ms (C-80);18,37329874227818;15,959966240819515;12,611798935536685;11,542968375187746;11,136505918460456;12,420421386405554;11,795283230944422;10,490775829915972
Center Time (TS);11,505408318306616;12,021997267138303;17,63672193785613;20,1615164410434;20,567532076313697;17,37068642185262;18,986699789904318;23,802630174289618
Strength(G);10,3458212337298;9,946475177232774;10,242564974858638;10,336717951069119;10,380905985481526;10,347308769354157;10,462376568663018;11,073824670527245
Lateral Fraction(LF);2,7896537235011594E-08;2,6816367264208117E-07;0,00010173193298176851;0,00027179910647595986;0,00027100251065256283;8,343393240376441E-05;3,471629400356006E-05;1,2192324203593384E-05
Lateral Efficiency(LE);9,980660776955077E-09;1,3556394156096724E-07;6,3993845424075E-05;0,00017734477560108926;0,00017613182629125512;4,3276854041275285E-05;1,901424025031575E-05;6,834208857974525E-06
Receiver 21;63 Hz.;125 Hz.;250 Hz.;500 Hz.;1000 Hz.; 2000 Hz.;4000 Hz.; 8000 Hz.
Early Decay Time (EDT);0,31845298874516886;0,39287239013603975;0,49344574896462684;0,5497070732641042;0,5479225262331603;0,48531812900243265;0,5098301954173672;0,5473494159961371
Reverberation Time (T-10);0,3193271063861486;0,385181323536095;0,48353807905526675;0,5745806013524828;0,5833628605245186;0,49872504217155644;0,543090124801241;0,5922335701985074
Reverberation Time (T-15);0,3153985054834697;0,40010239833736344;0,5036659202566369;0,6360088805142539;0,6307297617103594;0,5340762502213384;0,5740242194124807;0,631255999265872
Reverberation Time (T-20);0,3239085723180173;0,4040305934090985;0,5409678810853358;0,6622858612689309;0,6798797382071883;0,6162799706539238;0,6357698333956061;0,6830232682137163
Reverberation Time (T-30);0,3448568147734349;0,43486849763131596;0,5818770057359126;0,7308292239231495;0,7592223236113615;0,7335924711940571;0,7571118593697933;0,7698177474805603
Clarity - 50 ms (C-50);11,436576474383273;10,420682877695107;7,99306329061051;7,442509237285082;7,155878454457371;8,264157521894685;7,822594945972482;6,364523434198263
Definition/Deutlichkeit (D);93,30191405487265;91,69696755906008;86,3174987315585;84,73575607511106;83,86569596280634;87,02933998772126;85,83609118752285;81,28818267075464
Clarity - 80 ms (C-80);17,200961372782405;14,767955876259949;11,913735590313374;10,801345096896418;10,424774284201677;11,89830049478081;11,226717796552242;9,84480844453723
Center Time (TS);13,998335929147188;14,747128536030669;20,92293047573644;23,124051569804266;24,237111483057454;20,2275803578886;21,98118407560103;27,930698705459612
Strength(G);11,023872524645821;10,629487669592624;11,05469442323303;10,98539463988174;10,965372524391839;10,799432722004823;10,95840658520801;11,96887539080484
Lateral Fraction(LF);3,328512903981847E-08;3,395951753390391E-07;0,00013254204328887209;0,00032204732918950584;0,0003225249721896483;9,686637370151458E-05;4,031496875036495E-05;1,5141754615297488E-05
Lateral Efficiency(LE);1,2722629342497534E-08;1,80590767554771E-07;7,77873959548765E-05;0,0001953484142211133;0,00021292732232504834;5,488873237419436E-05;2,2590630632221525E-05;8,574065310072354E-06
Receiver 22;63 Hz.;125 Hz.;250 Hz.;500 Hz.;1000 Hz.; 2000 Hz.;4000 Hz.; 8000 Hz.
Early Decay Time (EDT);0,3270979986318503;0,38643828575375355;0,49817515652023414;0,5151717499689272;0,5238971773936055;0,5189977394109093;0,5261354635330967;0,558421126519303
Reverberation Time (T-10);0,3235896521624295;0,3937265026297782;0,4987310577027085;0,6163299539026816;0,6052118127809725;0,5523827322627546;0,5521098812196052;0,6126512841975215
Reverberation Time (T-15);0,33003198619347096;0,40835556572117093;0,5193098527956714;0,6509567113928405;0,6440313307109055;0,5753974523844108;0,5988697630055734;0,6495907400183419
Reverberation Time (T-20);0,33719358798704613;0,41220295373865695;0,5428060962763658;0,6632062645360008;0,6956891836557935;0,6081737687386383;0,6614132474781826;0,6974101025956504
Reverberation Time (T-30);0,35378697946223625;0,4306196951246359;0,5871784926398309;0,7438034180766553;0,782551950347003;0,7340162497535854;0,7666962102697062;0,770347303469399
Clarity - 50 ms (C-50);11,08194364507237;9,845751745226943;7,5208376086482005;7,29761910465522;6,937326334485521;7,436763089448286;7,3191364456354275;6,087294075342216
Definition/Deutlichkeit (D);92,78297397047565;90,67651109431637;84,98352336076633;84,33853537375762;83,17091653906871;84,72592310065278;84,39281671389922;80,24457877529893
Clarity - 80 ms (C-80);16,78350374272201;14,416177141773872;11,751905891629193;10,70019611070903;10,309454650455521;11,165512464879097;11,195202846227325;9,591015086647975
Center Time (TS);14,599994735451403;16,44735547372657;22,263864473967004;24,566336453375815;25,85171744001534;22,97377830619357;23,589355734208787;29,50338402466389
Strength(G);10,776873829125478;10,693794107940406;11,277444826186404;11,205138266763512;11,310688102483681;10,754530129953608;10,792171024520712;11,998137696866209
Lateral Fraction(LF);3,29030904976586E-08;3,928112192224129E-07;0,00013881666809330309;0,0003602696559608542;0,00035403243209102556;0,00010664805576846205;4,130134803412535E-05;1,61605902766924E-05
Lateral Efficiency(LE);1,2535489031014245E-08;1,96572699965257E-07;7,611944673916867E-05;0,0002015767673956946;0,00019680001666190028;5,566174962091185E-05;2,253952963914328E-05;8,918479186456968E-06
Receiver 23;63 Hz.;125 Hz.;250 Hz.;500 Hz.;1000 Hz.; 2000 Hz.;4000 Hz.; 8000 Hz.
Early Decay Time (EDT);0,28513357084102764;0,39557395392619865;0,4651014786492073;0,4890586044954801;0,5241902002048865;0,4819462911891275;0,48548319020566655;0,5368979028662414
Reverberation Time (T-10);0,3123697035838005;0,379408585334192;0,46601415985355055;0,5659520742885048;0,5777861250738558;0,5015059773272432;0,5257409827494421;0,5701750868963408
Reverberation Time (T-15);0,3150449599434957;0,3891093248777782;0,5008993668035827;0,5938805590495206;0,5683717830963042;0,5338548195664152;0,5454719440955902;0,6092607399951093
Reverberation Time (T-20);0,3281520784108665;0,39278912038838026;0,520317106030898;0,6255888949800144;0,5934663306573411;0,5318732976025855;0,5357218898592877;0,6334319685549265
Reverberation Time (T-30);0,3427323996714686;0,40206568745086474;0,5479164585787468;0,6862599971011958;0,6933446673332132;0,641191942765739;0,654498311801572;0,7073971078451421
Clarity - 50 ms (C-50);12,22878108192425;10,216287787783124;8,16345455232907;7,563796473411344;6,990173681287287;7,782082253623313;7,729508606952647;6,685261790217506
Definition/Deutlichkeit (D);94,35226608927285;91,31237877034268;86,75772242241736;85,08937971988786;83,3381457254599;85,7202450071449;85,57278818553567;82,3368529516935
Clarity - 80 ms (C-80);18,324749403708292;15,285366368073404;12,600147346151026;11,356623425961912;11,040223015848444;12,317424372156278;12,019081157019023;10,593440942203207
Center Time (TS);11,832384160863995;14,578412383794257;19,87631370509682;22,593137415388494;23,610162238637827;20,780254404236636;21,373297368656615;25,59919610407794
Strength(G);9,550624987634166;9,229428633460437;10,009147063459501;10,180616078479126;10,231691341950125;9,856470734526248;9,905526643069628;10,494794472154808
Lateral Fraction(LF);2,99049730848372E-08;3,339002429174943E-07;0,0001164045385562454;0,00031709116342740163;0,00032317083815741994;9,933180036200469E-05;3,886374269475424E-05;1,3680732828915973E-05
Lateral Efficiency(LE);8,085517518495018E-09;1,4761093761654906E-07;5,845885126655625E-05;0,0001472034635151425;0,0001638312123338388;4,4874633908777234E-05;1,8498760307278576E-05;6,687451962654528E-06
Receiver 24;63 Hz.;125 Hz.;250 Hz.;500 Hz.;1000 Hz.; 2000 Hz.;4000 Hz.; 8000 Hz.
Early Decay Time (EDT);0,24518143073876342;0,33070849245502637;0,3796405538872113;0,4204557244488093;0,42071660407485756;0,3964868633134892;0,3951254978269904;0,3853292770087666
Reverberation Time (T-10);0,2589451487090204;0,2925754343890017;0,32932129291290535;0,4217913474575809;0,45263084713710505;0,4485241689970089;0,44874159101002353;0,42085832921857214
Reverberation Time (T-15);0,23027656245746686;0,30833380529181037;0,3978959333050855;0,47553164414666343;0,5006502771458639;0,48587233134665486;0,48524714301049415;0,46536838591131213
Reverberation Time (T-20);0,2515180725064408;0,3288367995557027;0,4321180085742964;0,47053724137119335;0,4803561400345326;0,4725402422593819;0,47174785728202207;0,45987733826484534
Reverberation Time (T-30);0,28668738446043585;0,3424008995978913;0,410520810408916;0,4486716177575674;0,4568619312999205;0,4460244110980108;0,4472254330705858;0,43922431068493784
Clarity - 50 ms (C-50);15,251816189872475;13,406143794030916;10,942720792482653;9,858828208530127;9,441193460913135;9,413656683862307;9,382365534386564;9,631102812690038
Definition/Deutlichkeit (D);97,10233578181432;95,63482472291398;92,5508243952404;90,63684996454674;89,78825027481281;89,72996698820775;89,66337995759324;90,18227413256217
Clarity - 80 ms (C-80);22,103307677078288;18,72155237121308;15,443613114444101;13,923315066360107;13,397273819355862;13,48640034865721;13,462378405721491;13,905610110108984
Center Time (TS);8,855032265926853;9,471932705398354;13,173127851215634;15,462931180021842;16,655697282347642;17,19982386952201;17,379415125905663;16,749616365012606
Strength(G);7,54278467671223;6,855401398444567;7,246582677587583;7,469430149039013;7,713169441389638;8,010614302738269;8,06044980202416;8,006702380330871
Lateral Fraction(LF);3,4292774188350596E-08;2,927916372564266E-07;0,00010459757866619049;0,00027887372794222403;0,0002994483621895963;0,00010330989512556851;4,191877317598125E-05;1,3457654093722697E-05
Lateral Efficiency(LE);5,9081432206250215E-09;8,061730589724716E-08;3,639141489552098E-05;0,00010512449598750258;0,00010926897360100061;3,404780728753951E-05;1,3811328979112619E-05;4,255836759461184E-06
Receiver 25;63 Hz.;125 Hz.;250 Hz.;500 Hz.;1000 Hz.; 2000 Hz.;4000 Hz.; 8000 Hz.
Early Decay Time (EDT);0,26286295959024014;0,36025683026597427;0,4506292065361728;0,4695526787521008;0,4807610621222668;0,43158227724595655;0,4389807456548438;0,4600356074938893
Reverberation Time (T-10);0,27584007178989206;0,31974783213030983;0,45013810382300146;0,4772550425074406;0,5148130515772604;0,47459587705088585;0,46501332582757887;0,51393239702994
Reverberation Time (T-15);0,26942186950866204;0,356569324022545;0,45801401821504445;0,5374090472479529;0,5430994455423043;0,5052885467461716;0,5078811786001945;0,5557153526663446
Reverberation Time (T-20);0,2838858000975952;0,37149715464661637;0,46708101050558365;0,5539502983266421;0,5499499499246332;0,500070675030469;0,5245547182458611;0,5776491516106992
Reverberation Time (T-30);0,3096887229700029;0,3827471072409055;0,4901334932785561;0,5909691540719701;0,5916644583667843;0,5247417783203281;0,5695005242199888;0,6332056278305526
Clarity - 50 ms (C-50);13,415524809353542;11,663954525996589;9,209918858902963;8,551642121253469;8,102251960253312;8,717973278731098;8,383773853335532;7,551830971352108
Definition/Deutlichkeit (D);95,64383327986093;93,61790223444373;89,28952731431846;87,75131610926407;86,59497855807665;88,15705419852732;87,32975898296276;85,05439024112171
Clarity - 80 ms (C-80);19,90170481384094;16,64203548049772;13,15289951015824;12,474593965858086;11,7202831263881;12,694112619142185;12,664356522565575;11,595772729301855
Center Time (TS);10,856882413459017;11,878381335099203;16,82176550233552;18,80207107142074;20,02250610032171;18,761105689640583;19,448021485292262;22,573101594892552
Strength(G);8,342029465032905;7,674587995743849;8,055111268189329;8,214098350198427;8,388973669324685;8,555703932445702;8,671220107566704;9,034167864874831
Lateral Fraction(LF);3,289815723121217E-08;2,881915634558086E-07;0,00010466137544754028;0,0002760025565057034;0,000290908534980714;9,605497197304297E-05;3,978637566378513E-05;1,3134352513312431E-05
Lateral Efficiency(LE);6,544386218054136E-09;1,0559193948885232E-07;4,760950378721109E-05;0,00012650405943948856;0,00012994512877323374;3,816160033882709E-05;1,6060515990165707E-05;5,517642758370897E-06
Receiver 26;63 Hz.;125 Hz.;250 Hz.;500 Hz.;1000 Hz.; 2000 Hz.;4000 Hz.; 8000 Hz.
Early Decay Time (EDT);0,28516330786335964;0,38245333035223944;0,4905174587100098;0,5319711941399744;0,5217041913902057;0,4833934781692131;0,47774894476937696;0,5416189344894015
Reverberation Time (T-10);0,29814431060110713;0,3750358661084397;0,5063799312018792;0,5682241415785031;0,5841727288896875;0,518886510359346;0,5387150438974115;0,6068198587069149
Reverberation Time (T-15);0,3023553182238966;0,38593547159777003;0,5140361599959162;0,6077382161046452;0,6221033609493329;0,5442213224743963;0,564502354850841;0,6544561819138285
Reverberation Time (T-20);0,3148627990971707;0,39722773486073176;0,5357010625272283;0,6463374164640776;0,6607387028748942;0,5891546183042606;0,6089906651423044;0,6866596486334899
Reverberation Time (T-30);0,3350226798213976;0,4183634504367292;0,5600465069293868;0,6885999782421578;0,7125438447185164;0,6901433491408748;0,6708580685127161;0,7230573351838561
Clarity - 50 ms (C-50);11,81783555204335;10,110821022691542;7,4965404470756525;6,646091304460468;6,607260334587445;7,484379525242452;7,293094264830923;5,893720951020303
Definition/Deutlichkeit (D);93,82635984194823;91,1177892819532;84,89183035299772;82,20529941070998;82,07412959978167;84,85588157134791;84,28114216873317;79,52846137212795
Clarity - 80 ms (C-80);18,0056567814167;15,282374971338955;11,603772750234313;10,72793990091242;10,337977998490926;11,886728854451352;11,417573205832188;9,808607882061844
Center Time (TS);13,264933248191076;14,722230837355154;21,580288776096655;24,603616565516347;25,442904395480593;21,336092341867307;22,658121495927233;28,879693300010896
Strength(G);9,19385336950063;8,417858169186143;9,048738016304483;9,26290742940678;9,355021861109279;9,09736999980489;9,332452736506553;10,092779122456186
Lateral Fraction(LF);3,7717731035810876E-08;3,5832637273282027E-07;0,00013741873610864926;0,00037478949095041383;0,00037215728607050737;0,00011012789771805099;4,624773004910467E-05;1,6281214004965237E-05
Lateral Efficiency(LE);1,036263146204512E-08;1,6072686644784633E-07;7,532280890496742E-05;0,00018851100147447756;0,0002004624313299347;4,751765924082999E-05;2,106386370789565E-05;8,050201080202996E-06
Receiver 27;63 Hz.;125 Hz.;250 Hz.;500 Hz.;1000 Hz.; 2000 Hz.;4000 Hz.; 8000 Hz.
Early Decay Time (EDT);0,30157435145220035;0,38639262878311414;0,49611953198576153;0,5608993926608865;0,5666966195660114;0,4933563562617813;0,5111009814630922;0,5698053399263503
Reverberation Time (T-10);0,3229823773169535;0,3987113961556713;0,5214500051459291;0,6318456233238998;0,6322736645073189;0,5522783604344477;0,5999781346854401;0,6391268101120489
Reverberation Time (T-15);0,3284677469333217;0,4169700149565153;0,5431965615888044;0,6637476681249057;0,686926886027498;0,6177374508358993;0,633511670036869;0,6936718210840288
Reverberation Time (T-20);0,33470339999457643;0,42496432403751794;0,564743920421706;0,6948313378152177;0,7241692880910642;0,679662202841642;0,6833216898537362;0,724476182132981
Reverberation Time (T-30);0,3549579294939529;0,4500459991303013;0,5963645495796449;0,7428031349102028;0,7935043829455144;0,7715710777281175;0,7793723995617888;0,7777498817582846
Clarity - 50 ms (C-50);10,615400209814789;9,11440533833853;6,6037855622631;5,827296740572593;5,802210286938909;6,949857090864418;6,519532956416337;5,160374209940568
Definition/Deutlichkeit (D);92,03350900482073;89,07737829190575;82,07959792460532;79,28346184739996;79,183273997416;83,22524897692102;81,7839043122861;76,64225745733678
Clarity - 80 ms (C-80);16,51968381550808;13,861077702120976;10,834162278674867;9,590320562481578;9,166497644481433;10,830439682912568;10,276440115894935;8,857271612123856
Center Time (TS);16,49686466309848;18,559197770581886;26,160678359125264;29,646339909494426;30,42077660494326;25,245662886464654;27,191922098820026;33,81133815917302
Strength(G);10,16056312646042;9,421231202655253;10,268261366282566;10,301762224858813;10,320362527160363;9,86398838085563;10,144824002231317;11,353684101384601
Lateral Fraction(LF);4,589397559995214E-08;4,56484793750792E-07;0,00017759319143671878;0,0004555823125251244;0,0004357712724792342;0,00013029385206042194;5,3602991174204025E-05;1,9608866199168466E-05
Lateral Efficiency(LE);1,4693351649718987E-08;2,2844381295862828E-07;0,00010090411653845243;0,0002505058407418297;0,00025143201856165894;5,9596440552424724E-05;2,670953398768763E-05;1,0339804112862381E-05
Receiver 28;63 Hz.;125 Hz.;250 Hz.;500 Hz.;1000 Hz.; 2000 Hz.;4000 Hz.; 8000 Hz.
Early Decay Time (EDT);0,3082227277754594;0,38019660608394074;0,490112195707799;0,5627159121151236;0,5685756162530075;0,5068328078569653;0,5164765671058017;0,5919218879314418
Reverberation Time (T-10);0,3290473576760913;0,4237238237835369;0,5267558989398853;0,6757526769878638;0,6579090433596011;0,5966583951528674;0,6191272785453639;0,6653506320610516
Reverberation Time (T-15);0,34460460644444413;0,4247692331854296;0,5519150925255445;0,6935582330363979;0,6879876110491954;0,6365051680837841;0,6625317245931828;0,7003896071633583
Reverberation Time (T-20);0,34891077525022;0,4304635878233161;0,5713128530683147;0,7016059077928699;0,7388784137272891;0,6648511642397142;0,7100241267512658;0,731294486158011
Reverberation Time (T-30);0,36426228523674753;0,4427250123804878;0,6026041454972114;0,765070467184683;0,8074547418828691;0,7670184037678719;0,7929820353087942;0,7836594662731603
Clarity - 50 ms (C-50);10,489427908741591;8,678647742043621;6,504854519386312;5,902428105104192;5,7664289309052865;6,683977402634033;6,41058158362288;4,957805637287487
Definition/Deutlichkeit (D);91,7985085860311;88,06218891139059;81,73466104690526;79,57328033853854;79,05204001400024;82,33571441501049;81,40798061402677;75,79690485883194
Clarity - 80 ms (C-80);15,986978548875621;13,298758267580627;10,616248099825034;9,152940993095044;8,970908174532452;10,206534354293053;9,996728564746348;8,494146978026134
Center Time (TS);16,880983086444292;20,293253125038063;27,222185148776447;30,997051164820007;31,824004432933524;27,150640941250238;28,254978257642783;35,41825179282097
Strength(G);9,953164101826385;9,692274305005594;10,604834395046659;10,56432949134998;10,59662524962431;10,164127888152649;10,163630222793735;11,43996760718887
Lateral Fraction(LF);4,4916160129703E-08;5,191218812432413E-07;0,00018366542499242012;0,0004773200876976827;0,0004774354609535947;0,00014175901249386153;5,61277353962362E-05;2,0420046055129316E-05
Lateral Efficiency(LE);1,4105838312459915E-08;2,289488433000826E-07;9,408783345182037E-05;0,00022973928877183635;0,0002308730599580405;5,845251905878113E-05;2,583606484479061E-05;9,891242543843678E-06
Receiver 29;63 Hz.;125 Hz.;250 Hz.;500 Hz.;1000 Hz.; 2000 Hz.;4000 Hz.; 8000 Hz.
Early Decay Time (EDT);0,27988816111891157;0,3951136676745456;0,4587326004555938;0,5202895023066758;0,5203207165639588;0,46630618335220025;0,4739736181884372;0,5364526257594056
Reverberation Time (T-10);0,3095587511061933;0,39582531236808094;0,5126081950350964;0,6164929543307804;0,6178069838348534;0,5487914480327305;0,5798208675701033;0,6330734516478929
Reverberation Time (T-15);0,3228314383130411;0,40668191091722766;0,5373213189425057;0,6295136913538009;0,6098040297537263;0,5800616882998666;0,5889121885994136;0,6428039894052531
Reverberation Time (T-20);0,3350203125758666;0,411965304942494;0,5522654895293023;0,6577086587879057;0,6490816727199833;0,5827763699142172;0,5854450519663245;0,6664724800825081
Reverberation Time (T-30);0,34806260853479415;0,4121620003417074;0,5745820501836008;0,7133851094316286;0,7327555539385443;0,6936520977193356;0,702920720366576;0,7294956407855185
Clarity - 50 ms (C-50);11,792334347954077;9,187406291514543;7,447084682468706;6,425678511510041;6,358187091964758;7,243189931756943;7,112955786520634;5,9439367416740385
Definition/Deutlichkeit (D);93,79225937155917;89,2398527219436;84,74998880256152;81,45289329389611;81,21477728075452;84,13063922440242;83,72378948360945;79,71606618157317
Clarity - 80 ms (C-80);17,608163255558445;14,175460898229343;11,529026655435882;10,066010793369582;10,035693834481075;11,256222545982851;10,860278536665044;9,590723977188333
Center Time (TS);13,473393221430682;17,454681236275796;23,539980036789153;27,39283334210536;27,856056451921273;24,408957284558692;25,02087135969031;30,0090334437169
Strength(G);8,720011363366051;8,300800537188675;9,20182648169964;9,495277067638213;9,536092267190824;9,15640880798064;9,200729363030476;9,919412960306296
Lateral Fraction(LF);3,855278678572823E-08;4,1434348092234716E-07;0,00014533069281903938;0,0003891649902586175;0,00039203432202087566;0,0001227979429545939;4,916829102960098E-05;1,6717856332579505E-05
Lateral Efficiency(LE);9,233501705905036E-09;1,8500166318755353E-07;6,720327075202032E-05;0,0001754430387999891;0,00019108602790062314;5,361768870538618E-05;2,1260532502977036E-05;7,519227022897803E-06
Receiver 30;63 Hz.;125 Hz.;250 Hz.;500 Hz.;1000 Hz.; 2000 Hz.;4000 Hz.; 8000 Hz.
Early Decay Time (EDT);0,20535446221406742;0,25450227590696084;0,35749701379661075;0,39693370498462927;0,40128599742594356;0,37759796194482714;0,376253018967526;0,3615935655882643
Reverberation Time (T-10);0,27995582965571847;0,30690815785100173;0,3372239107714404;0,43848736496579294;0,45519985627052006;0,4447041518368795;0,44688804405617505;0,42626158598875596
Reverberation Time (T-15);0,22791014371020918;0,31666214268018694;0,40380216441219036;0,47854360347881564;0,5028478072777478;0,488374328996625;0,49074097378422094;0,4643025340022926
Reverberation Time (T-20);0,2545596359796941;0,3376873909031668;0,43492040988256764;0,4755550491016051;0,49219518136611273;0,47826000958821285;0,47912272107979964;0,4658957889173617
Reverberation Time (T-30);0,2892411106867462;0,3547609031804668;0,42146975175760776;0,45298146772282993;0,4639216202760751;0,4554008016702029;0,4552977445126299;0,45488362078911826
Clarity - 50 ms (C-50);15,007203429646223;12,945936693097604;10,563147796512876;9,44480060852024;9,05682937775477;9,225011124114292;9,213003994120083;9,53576088638243
Definition/Deutlichkeit (D);96,93958164382104;95,1704310889549;91,92540459356233;89,79586327342248;88,9477199175846;89,32271571150069;89,29631900407162;89,98618110530604
Clarity - 80 ms (C-80);21,877674058240146;18,303080499058154;15,086549081655704;13,59723184281804;13,089503779781907;13,295701211465305;13,25206291100158;13,777242234050721
Center Time (TS);9,328698543463915;10,395672625208167;14,263716462863009;16,72968808741591;17,968988472614118;18,140437867091343;18,243508051939028;17,525908644461506
Strength(G);6,931832306296574;6,150300518680204;6,623025792398018;6,91357174499344;7,205296975725858;7,584241786491106;7,640217384075349;7,58955677062913
Lateral Fraction(LF);2,3083310376663516E-08;2,7118057271183895E-07;9,902218263699395E-05;0,0002651218034576703;0,0002805832262996345;9,4544566855222E-05;3,79934625661039E-05;1,1881170073986141E-05
Lateral Efficiency(LE);4,663570832503281E-09;6,227799657686441E-08;2,822539011056242E-05;8,241035923127613E-05;8,560788259866423E-05;2,6269649256556584E-05;1,0465881214095013E-05;3,2082781105859764E-06
Receiver 31;63 Hz.;125 Hz.;250 Hz.;500 Hz.;1000 Hz.; 2000 Hz.;4000 Hz.; 8000 Hz.
Early Decay Time (EDT);0,2415926787103871;0,32562885331780905;0,39303083048101944;0,42114472573174755;0,4534056166339739;0,3884975922708349;0,3857429443743292;0,4311850851970335
Reverberation Time (T-10);0,2685787190353817;0,3032029317946769;0,41322662855283465;0,51727781178152;0,5657455796924694;0,4660275014577437;0,4748112529122854;0,5597758442883293
Reverberation Time (T-15);0,26185264288063687;0,3511525375943572;0,48569170480952967;0,5833515829403062;0,615572894892195;0,5390730025706449;0,5550419874648032;0,599794607592456
Reverberation Time (T-20);0,2890648811789108;0,3876355514752771;0,5023238893476208;0,5805185883562878;0,6156009750107694;0,5319346872934647;0,5639532938835738;0,617919864064795
Reverberation Time (T-30);0,3237976462586569;0,40480429757115277;0,5178854962342718;0,6427746845678376;0,6400751460273356;0,5744660294883379;0,5858278599067108;0,6629366443314421
Clarity - 50 ms (C-50);13,801989345975636;11,738824563407565;9,430711426737572;8,63297416466349;7,8487826820228515;8,824153140218257;8,880612160211257;7,679250518077083
Definition/Deutlichkeit (D);95,99989117998103;93,72013308269044;89,76609903790049;87,95118640061894;85,90290622496074;88,40993769806299;88,54248369073645;85,42352715897127
Clarity - 80 ms (C-80);19,94613336901577;16,57606325627485;13,763024099621301;12,063009592388926;11,58766103805172;12,733676108065941;12,690683501723738;11,350176673603315
Center Time (TS);11,365637484490994;13,283977752144182;18,038416317180882;20,826368345761935;22,269622243174663;20,09416903054479;20,43339085230138;23,847643862398392
Strength(G);7,621090200274665;6,8015543312788935;7,39051896012591;7,555988290111912;7,775183835741217;7,954906958041725;8,057343597453212;8,388498422311194
Lateral Fraction(LF);2,8135602415161758E-08;2,9051606834771387E-07;0,00010005194401200954;0,00027466262583768713;0,0002899644677680316;9,47962883792239E-05;3,877384903223934E-05;1,2340033192586804E-05
Lateral Efficiency(LE);5,146614510502583E-09;7,986458955623325E-08;3,207543655569644E-05;9,124172018947376E-05;9,083976911019127E-05;2,6902533293533964E-05;1,1007670924605804E-05;3,707644926697707E-06
Receiver 32;63 Hz.;125 Hz.;250 Hz.;500 Hz.;1000 Hz.; 2000 Hz.;4000 Hz.; 8000 Hz.
Early Decay Time (EDT);0,267912709420457;0,35079419652441013;0,4420795977395238;0,4767610944866662;0,5008292746703455;0,42964718888992465;0,42977342752333314;0,5187676506120351
Reverberation Time (T-10);0,287961556428346;0,35660102991182074;0,4908142489739898;0,5926833065903346;0,6003655952448643;0,5041960443498439;0,512249493056951;0,6269712460639675
Reverberation Time (T-15);0,29432293498285117;0,3878614139440855;0,5196496806676016;0,6533436373840111;0,670417783510863;0,5734742678026098;0,5991914270310447;0,6720726838503297
Reverberation Time (T-20);0,31494046776591683;0,404422532515233;0,5432024922997678;0,6788838924592501;0,6879105596256431;0,6001144210977628;0,6333008712741434;0,6946818577661588
Reverberation Time (T-30);0,34143400396286455;0,4245501329437921;0,5809891639547571;0,7229172121270971;0,730473762839132;0,7053463377801857;0,6993248936665283;0,7338628780935532
Clarity - 50 ms (C-50);11,492520217454922;9,435536760177483;7,101970988034748;6,386829738679648;5,912856848292361;7,165849612529188;6,951950424148268;5,485307836338761
Definition/Deutlichkeit (D);93,37795202236879;89,77630149302767;83,68929256263796;81,31518925716826;79,60010411374043;83,88907597965338;83,2122586972894;77,95487776372312
Clarity - 80 ms (C-80);18,117192317891952;14,914984969439951;11,455533224137945;10,552298012796648;10,114207208557977;11,602964421716685;11,471289403104905;9,563335084123949
Center Time (TS);14,421036195147023;17,251944327514902;23,851051003289122;27,261333602174286;28,011908060073164;23,716869396619295;24,73679342903061;31,32476257032646
Strength(G);8,613344834909263;7,936952867904289;8,676289485045551;8,912818052679164;8,976341291576333;8,801989893500107;9,020806045529874;9,869705854564138
Lateral Fraction(LF);3,6302589187408503E-08;3,973752659926912E-07;0,00013900440689159716;0,0003719290054350032;0,000372084651479809;0,00011719227687358817;4,828553118146461E-05;1,6436047968235165E-05
Lateral Efficiency(LE);7,750402249963488E-09;1,2283034744762474E-07;5,24682883296161E-05;0,00014692528005881813;0,00014259336994588883;3,581597745756323E-05;1,5735626487719284E-05;6,157294032633813E-06
Receiver 33;63 Hz.;125 Hz.;250 Hz.;500 Hz.;1000 Hz.; 2000 Hz.;4000 Hz.; 8000 Hz.
Early Decay Time (EDT);0,3039715347582152;0,3850388958391886;0,4888451141819429;0,5611830929774657;0,574954411108608;0,4976308516352403;0,5139732963053621;0,5954663193195135
Reverberation Time (T-10);0,31610798478599167;0,39682292255451196;0,5320461806611978;0,6714288438161998;0,6840253368198765;0,6215308841732394;0,6198749392908288;0,6805428885111077
Reverberation Time (T-15);0,33199671067704994;0,4158749345418837;0,5652484174837077;0,6957262990715316;0,7253649068848352;0,6936450879855122;0,6890172152182125;0,7299816649339005
Reverberation Time (T-20);0,3416419099285791;0,434517088222229;0,580895610396225;0,7165942251929223;0,7454841154511097;0,7186252353153557;0,7254086214383624;0,7489581110402652
Reverberation Time (T-30);0,3621258501367892;0,45514986350228076;0,6143108515197467;0,7622454333340214;0,8094821186002236;0,7970002783845173;0,7970456295605342;0,7884307401616654
Clarity - 50 ms (C-50);9,81470118023713;7,982591464797526;5,6997220568314235;4,830296237830333;4,630454659883893;5,8682717088731104;5,471460154954478;4,180942615485067
Definition/Deutlichkeit (D);90,55026543536657;86,2719059384133;78,79635642460782;75,25421625381962;74,38738918969975;79,43289293339475;77,90003296185314;72,38736126089682
Clarity - 80 ms (C-80);15,992681529436105;13,176957597873926;9,929155852956193;8,713380545431272;8,492881212559869;9,979438661019419;9,493703596031581;8,055281763529262
Center Time (TS);18,56443665779334;22,467889765086746;30,80033827102461;35,458359119216105;36,2816795033515;30,19952340441762;32,05007989024736;38,88580945992957
Strength(G);9,976673921493116;9,490685793752384;10,662385713093606;10,808117526074817;10,79719935566844;10,031904800450704;10,444902977240112;11,83858798514916
Lateral Fraction(LF);4,820310997819295E-08;6,022474555489225E-07;0,00021783632436781368;0,0005583536994706344;0,0005457297010229478;0,0001517454588408262;6,541628375799033E-05;2,2776490060166296E-05
Lateral Efficiency(LE);1,5897008026004536E-08;2,581515953811595E-07;0,0001066516086191502;0,0002754430237223909;0,0002825144281228939;6,410787950623183E-05;2,8528006019519452E-05;1,1221279611921764E-05
Receiver 34;63 Hz.;125 Hz.;250 Hz.;500 Hz.;1000 Hz.; 2000 Hz.;4000 Hz.; 8000 Hz.
Early Decay Time (EDT);0,31386390514308904;0,3908953126122713;0,4857048084723302;0,5881273571561729;0,5926538598157578;0,5097826922324713;0,5369476300369312;0,6197762619827218
Reverberation Time (T-10);0,330918830013657;0,4149297209818808;0,5513853458321423;0,6930414353649061;0,6952939183089334;0,6435783427325857;0,651703992898113;0,6939118376030331
Reverberation Time (T-15);0,3435655359332242;0,42437037487101353;0,5802685382650162;0,6970538886068448;0,723707435839541;0,6859454208193849;0,6834412575309883;0,721746761370123
Reverberation Time (T-20);0,35448633872131063;0,4378774147308075;0,5933747647813479;0,7061356329791787;0,7692140179182932;0,7024772140573087;0,730059188033838;0,7476075387880321
Reverberation Time (T-30);0,3674609570553223;0,4491987322938797;0,6196100066761319;0,7623491348579604;0,8179291109295711;0,7943682792281539;0,8050757053716436;0,7882338485289763
Clarity - 50 ms (C-50);9,594208341183881;7,583580554963541;5,436779665417509;4,620570109299181;4,573048344254827;5,698373279809853;5,320732371906587;4,009426448528138
Definition/Deutlichkeit (D);90,10680115473725;85,15508180531339;77,81013697570829;74,34919180512784;74,18492195016742;78,78864430570187;77,30706470206495;71,58517438745767
Clarity - 80 ms (C-80);15,449564512801768;12,656039987519641;9,642154863840778;8,335903292085083;8,221340490061664;9,517443972420526;9,066046911283271;7,748822619078427
Center Time (TS);19,303956008001876;24,245900996692363;32,663270084693394;36,97071784542001;37,38280677204994;31,939176222416627;33,327565241285455;40,301191177844345
Strength(G);10,006818043863383;9,959407003436063;11,16896444231552;11,502108624901517;11,399880048148518;10,614228014965946;10,788345540375076;12,235815065393282
Lateral Fraction(LF);4,623051206347009E-08;6,393890727304503E-07;0,00022207290542679796;0,0005683028628065512;0,0005618386771855932;0,00015948161805192618;6,593142174044726E-05;2,283623790621827E-05
Lateral Efficiency(LE);1,535721485586579E-08;2,661508655223638E-07;0,00010700165115475257;0,0002575894995253033;0,0002724359947494928;6,428889500873994E-05;2,802360221747476E-05;1,0878268260862263E-05
Receiver 35;63 Hz.;125 Hz.;250 Hz.;500 Hz.;1000 Hz.; 2000 Hz.;4000 Hz.; 8000 Hz.
Early Decay Time (EDT);0,2864202230641943;0,37929329745463697;0,4700426293217193;0,5482126989662436;0,5363275921860569;0,4606490649130546;0,4743662533588238;0,556164520464183
Reverberation Time (T-10);0,31222575288332804;0,3913743551973457;0,5276454945098596;0,6663381632477176;0,6464105449663926;0,5864680031818774;0,6027990465742985;0,6682983235209912
Reverberation Time (T-15);0,3231374572114736;0,411597542457712;0,5591201560893684;0,6694859368629184;0,6622240404128183;0,6276810039008404;0,6230943776133225;0,6726738957538061
Reverberation Time (T-20);0,3417079728354583;0,4286034934452711;0,5698638682770931;0,6754763166693523;0,699607189272088;0,6279052494992764;0,634306159877631;0,6937500502451294
Reverberation Time (T-30);0,35432345654421754;0,42509308429655684;0,5975814021565725;0,7266028045829607;0,7611744335909271;0,7024081342654165;0,7274169209548755;0,7454432925537491
Clarity - 50 ms (C-50);11,189626581860043;8,736354749086406;6,682640185434691;5,709096593297724;5,597349390137278;6,776985789317602;6,469366212024616;5,175475054929106
Definition/Deutlichkeit (D);92,93342027814678;88,20117173810642;82,32807223374698;78,82765554938052;78,39503296277145;82,641915575789;81,60222236863802;76,704446449983
Clarity - 80 ms (C-80);17,27820058583623;13,914291790678233;10,68574455454309;9,325046081716993;9,29927526383632;10,763291673259864;10,396278991183166;8,953485447064665
Center Time (TS);15,006452360228645;19,739906317947153;27,028616532144724;30,991460313836807;31,351574364813715;26,63325432161678;27,556534206337066;33,51411267454252
Strength(G);8,30869470813267;8,178438157554954;9,10276939275844;9,5058709309979;9,511670758240605;9,024138650827808;9,144141265573019;9,952896980348491
Lateral Fraction(LF);3,2496704612859963E-08;4,208382998913356E-07;0,00015287116118473823;0,0004321571751665813;0,0003972905036383744;0,00012184582780621046;4,785088444333648E-05;1,6147650658379012E-05
Lateral Efficiency(LE);8,17893861404046E-09;1,5397277227664834E-07;5,9425189236940775E-05;0,00016116353033376947;0,0001600466037095353;4,432058915394305E-05;1,8254320574867164E-05;6,492376366254803E-06
