Pachyderm Acoustic Simulation Results
Saved 22.12.2024 16:32:15
Filename:ORASE_FlatCeiling_Rough_Concrete (2).3dm
Source 0;
Receiver 0;63 Hz.;125 Hz.;250 Hz.;500 Hz.;1000 Hz.; 2000 Hz.;4000 Hz.; 8000 Hz.
Early Decay Time (EDT);0,23206834517084118;0,2921310770493672;0,26878379299676264;0,2966107842676828;0,2969324412861645;0,34942970347656527;0,3534047571011473;0,3355986604552132
Reverberation Time (T-10);0,2558994689136959;0,30326460712026465;0,3704356026056712;0,39053670552710823;0,38665667632975753;0,3720597423626822;0,37249589066513966;0,36381749007430303
Reverberation Time (T-15);0,24330159515850444;0,28256939008141085;0,34075138413468126;0,3822451944555437;0,400068632961214;0,3900820908351667;0,39039459145645045;0,38096203104359705
Reverberation Time (T-20);0,24264669098578043;0,29257016820391885;0,352720279891748;0,39433255320503036;0,41104490063792326;0,3900524785105133;0,39243015915129037;0,3839261392711205
Reverberation Time (T-30);0,24940209154594245;0,2981068944496509;0,367445895083052;0,4057686158225915;0,41726123554169425;0,39669505894430845;0,39674959322993586;0,3932276657120538
Clarity - 50 ms (C-50);19,457490208647904;18,19472246572567;15,994208952085442;14,833045173863031;14,384567806296435;13,80260056626038;13,660827777047448;13,951201083243996
Definition/Deutlichkeit (D);98,8796393347123;98,50721997128016;97,54647391259245;96,81834463335639;96,48439325145145;96,00043159558209;95,8731906742047;96,12976126320943
Clarity - 80 ms (C-80);25,51595335186795;23,195458192892286;20,096207909395936;18,70224916985308;17,959956728813072;17,51964239941329;17,4081227910741;17,80662598815189
Center Time (TS);4,167903248293892;4,185897679640187;5,4498133803032065;6,333326084663905;6,9335697027964835;7,904557178654905;8,072056039154894;7,768011025351107
Strength(G);12,496962934566998;12,330323563464809;12,454120647493625;12,5238411814845;12,627137318043332;12,849928206920978;12,862172504390777;12,8330537695808
Lateral Fraction(LF);8,542030220464474E-09;9,537308881462374E-08;3,480700052248983E-05;9,44418944034175E-05;0,0001013091775266493;3,643034283776854E-05;1,4681004238874953E-05;4,615966981428362E-06
Lateral Efficiency(LE);3,990702500854745E-09;4,67355113977895E-08;1,91340072497103E-05;5,4892374709179614E-05;5,8425510863550624E-05;2,0530801256885373E-05;8,372570553652201E-06;2,5554818329142786E-06
Receiver 1;63 Hz.;125 Hz.;250 Hz.;500 Hz.;1000 Hz.; 2000 Hz.;4000 Hz.; 8000 Hz.
Early Decay Time (EDT);0,2993429251251552;0,27883236621969687;0,32455577269518776;0,40681699603867183;0,3762773976589928;0,3762972879435936;0,3665250629559361;0,2996992946631354
Reverberation Time (T-10);0,2548360143652364;0,2913398540263618;0,3796929570810756;0,4196639673785355;0,4308731451987387;0,3967694620114848;0,3966318533560612;0,3956599041893231
Reverberation Time (T-15);0,26412844418552944;0,3019367308287354;0,39082668721995006;0,4339934597147435;0,46565490069245646;0,4269050413274762;0,42203174568027085;0,44572180411335843
Reverberation Time (T-20);0,2679974778500811;0,32342539007298216;0,4037388210594449;0,45907270862632094;0,47870597036229484;0,43800282306545263;0,4312657957910527;0,47354844736166907
Reverberation Time (T-30);0,27238083295584586;0,3443343494383688;0,4407106954905638;0,5008157485112746;0,5359863971896464;0,4587157103466028;0,45460132967806466;0,5510481708823294
Clarity - 50 ms (C-50);19,41409843217506;18,00713361382761;15,869894442565212;14,894343791147941;14,515778891421505;14,776763235339434;14,64474958190311;13,947324321093564
Definition/Deutlichkeit (D);98,86851663056345;98,44235447787739;97,47702570986996;96,86153725190547;96,58544740400019;96,77818104909488;96,6820422066366;96,12643880668593
Clarity - 80 ms (C-80);25,0872200130112;22,86579388478006;19,875209232374683;18,560933962575906;17,803938021887564;18,17895236789205;18,22085477090594;17,405956770436454
Center Time (TS);3,1530033615499433;3,416616767745726;4,482894253152196;5,075296384106286;5,450104703770268;5,461026928258981;5,612273055138585;6,550588308176774
Strength(G);15,623371379390068;15,617566030937503;15,659417799932086;15,644260070407341;15,696292788791425;15,747915858614661;15,788607442972292;16,008623618961316
Lateral Fraction(LF);5,49828926522559E-09;6,672711284918512E-08;2,2437128588612813E-05;5,765328133908406E-05;6,0532297538121415E-05;2,083457140131624E-05;8,560476868307747E-06;3,005450454183328E-06
Lateral Efficiency(LE);1,971141003673249E-09;2,2860084475177537E-08;8,887530840729597E-06;2,491797185366743E-05;2,5944688568072515E-05;8,77942995628722E-06;3,6692057758966803E-06;1,2078153135417367E-06
Receiver 2;63 Hz.;125 Hz.;250 Hz.;500 Hz.;1000 Hz.; 2000 Hz.;4000 Hz.; 8000 Hz.
Early Decay Time (EDT);1,3331050991993856;0,44653534215598756;0,5108573088472363;0,8910459265154855;0,7795117509613579;1,1380873516391634;0,6009477549522665;0,2991763185517761
Reverberation Time (T-10);0,2548393232063079;0,27305307907743936;0,3695101934780395;0,4188842304546096;0,44207808404801585;0,4303817520416408;0,39571761037761605;0,42162638795328594
Reverberation Time (T-15);0,27778264998664454;0,33321783559521473;0,4128084775648325;0,44672720964901286;0,4759038082890119;0,4311642319583419;0,4184106363630357;0,4718238356010017
Reverberation Time (T-20);0,27245034889409797;0,34553194359079187;0,43606867736043553;0,4960069247660054;0,5068139743990112;0,4586834460847554;0,4437291107397337;0,5251069691248691
Reverberation Time (T-30);0,28419949158339985;0,3628999319692846;0,49693098333254465;0,5777221299658732;0,6027661909798743;0,5113444976353763;0,5281155828128109;0,6135887602959764
Clarity - 50 ms (C-50);20,77877551767139;18,620413477584748;16,646238101824547;16,18350206406145;15,764115976535422;16,47816461808351;16,506196362801866;14,920758210637706
Definition/Deutlichkeit (D);99,17108970499025;98,64470932666208;97,88126919075;97,64865656551041;97,41642780112721;97,79950594761712;97,81335382897737;96,87997414341444
Clarity - 80 ms (C-80);26,823361135413514;23,786738663809388;20,58761329124753;19,857411757773683;19,157767816101448;20,326592639770034;20,34595014664259;18,479988084605235
Center Time (TS);2,14463264369533;2,549703664470397;3,5298875805402363;3,7849778351067287;4,065632103102412;3,500271592185915;3,6555594017005277;4,982273905279516
Strength(G);19,509762415189403;19,542415337648634;19,607734501052384;19,559318180241462;19,585578081162403;19,52891373810707;19,59386781774638;19,79725696105845
Lateral Fraction(LF);4,462862215387718E-09;5,294322606241071E-08;2,01314511892035E-05;4,915983290352128E-05;5,213435546484909E-05;1,5049229760110449E-05;6,715640558788141E-06;2,508111265311753E-06
Lateral Efficiency(LE);1,4386270792902443E-09;1,8817334815719945E-08;7,482378142867937E-06;2,1207048284630067E-05;2,156987777780586E-05;6,3342433004484965E-06;2,5639180326473037E-06;9,956021510767737E-07
Receiver 3;63 Hz.;125 Hz.;250 Hz.;500 Hz.;1000 Hz.; 2000 Hz.;4000 Hz.; 8000 Hz.
Early Decay Time (EDT);0,2405588461344545;0,2255674359959327;0,2605400824850986;0,28053479023032196;0,2946969655657404;0,3144407188279303;0,2897551597229453;0,34587212961613234
Reverberation Time (T-10);0,2528618378009262;0,31070064036949946;0,40413312904227355;0,4109882581389209;0,461053179631198;0,4193768881580947;0,4184811017891978;0,458095531362466
Reverberation Time (T-15);0,29109690258613535;0,34272695506578293;0,4288024803763886;0,47849757235155943;0,5003394004390561;0,42828849501261423;0,43612409124721757;0,5104805301238178
Reverberation Time (T-20);0,2873440116389912;0,3562035613216138;0,4620553678836299;0,5330048739144092;0,5502023588999642;0,4801444373889015;0,49327239967750386;0,56300851562014
Reverberation Time (T-30);0,30373604301392143;0,38212713152064337;0,531406329522736;0,6408050997644015;0,6812729284759811;0,5848612930221394;0,5936710212292557;0,6646334675187484
Clarity - 50 ms (C-50);18,93991103571542;16,7631573734786;14,687097528684621;14,577256796819924;13,8333426294653;15,283628595400865;14,995667140556641;13,209279538814531
Definition/Deutlichkeit (D);98,7405065215302;97,94020006334136;96,7158566643827;96,63353747033452;96,02940657788332;97,12374866049045;96,93383601024082;95,45171568024796
Clarity - 80 ms (C-80);25,074257756815577;21,951172754648343;18,851393122556274;18,098304349392443;17,408804917480477;19,288071144220694;18,941114670754956;16,671375002003625
Center Time (TS);2,857964010734766;3,7480214437799546;5,260938223860234;5,625381314805036;6,0944333386587735;4,668002294009136;4,987600165874117;7,173275210148131
Strength(G);19,72936692912183;19,891649738573918;19,980395318104;19,942358500824525;19,937571254331914;19,767788326003966;19,845559851428668;20,221381332842164
Lateral Fraction(LF);6,509283133964247E-09;9,747713468277964E-08;3,577543989740729E-05;9,51747899124649E-05;9,442236600649381E-05;2,476225080072595E-05;1,066571771409195E-05;4,229991650932068E-06
Lateral Efficiency(LE);2,0038152602444594E-09;3,297586126267303E-08;1,4216645255432975E-05;3,527479919775524E-05;3,8926046829577576E-05;9,776330723174018E-06;4,097726337032531E-06;1,7249207372076628E-06
Receiver 4;63 Hz.;125 Hz.;250 Hz.;500 Hz.;1000 Hz.; 2000 Hz.;4000 Hz.; 8000 Hz.
Early Decay Time (EDT);0,23035291156399085;0,2615635341004604;0,3708342697785412;0,3992486970767327;0,41020448620872424;0,39943155260286317;0,39646229200558286;0,4647305804229144
Reverberation Time (T-10);0,30184936378657495;0,34799517227297466;0,4287075541929552;0,4643569174759241;0,49862461875427366;0,42433511869244894;0,42184142578471384;0,5334337869847987
Reverberation Time (T-15);0,290006825516823;0,35694835324416585;0,45875121590664386;0,5165083306039141;0,5701472102204965;0,46823657981428185;0,4815926763489442;0,5785837996788569
Reverberation Time (T-20);0,298018831234067;0,3722964489789458;0,4935192224810719;0,5530120805179399;0,6314880287897521;0,5205192721702623;0,54163493628947;0,6134573326064111
Reverberation Time (T-30);0,31519250288317735;0,4017047554702048;0,5555269482007602;0,6883328512858039;0,7474649200101104;0,6498868015018122;0,6800459957615189;0,7040674932270153
Clarity - 50 ms (C-50);15,81500593423841;13,647288474334161;11,53842698114648;11,007997178022071;10,809972673314732;11,846184020327327;11,772708041153034;10,02687022004151
Definition/Deutlichkeit (D);97,45880792957492;95,89075573760685;93,47355514158228;92,6627855427253;92,34739234078623;93,87432398287893;93,78033440166445;91,04558208409475
Clarity - 80 ms (C-80);21,814870177967563;18,58622434846255;15,512847355453022;14,735750945760838;14,299368852855899;15,816667363269355;15,602272820434365;13,459203268153065
Center Time (TS);5,701721420862303;7,784420087033053;10,804060640224467;11,950525442280227;12,462493909077047;9,893590477267255;10,287779430535627;13,957127821214739
Strength(G);16,38076853583236;16,83300272100131;17,121974413208683;17,233699253518154;17,263028555971538;16,640485525799306;16,730393278821083;17,35019418675393
Lateral Fraction(LF);1,3380694072240435E-08;2,136842497999385E-07;7,520981154324392E-05;0,00019684396789390913;0,00021212382931500137;5,0598801084757414E-05;2,177383342042632E-05;7,971757581130982E-06
Lateral Efficiency(LE);4,426199284650073E-09;7,796898317964074E-08;3,184055693988168E-05;8,33716311536011E-05;8,294704335725433E-05;2,161500575163248E-05;9,00167602701489E-06;3,4943823300201704E-06
Receiver 5;63 Hz.;125 Hz.;250 Hz.;500 Hz.;1000 Hz.; 2000 Hz.;4000 Hz.; 8000 Hz.
Early Decay Time (EDT);0,2458217273715557;0,2997604725517006;0,3921440527348105;0,40581291707051426;0,3935531868141701;0,4139782512483737;0,4238054280001255;0,4441102850264221
Reverberation Time (T-10);0,30105065751817245;0,34925535026982013;0,41904577836909096;0,442023301506275;0,4587888416311572;0,43404029885246614;0,42063992806316597;0,4922972284198866
Reverberation Time (T-15);0,27519315780027404;0,35324918033190456;0,44850880264123644;0,4970046377523683;0,5576914909138863;0,46395372246724426;0,468237394097157;0,5418515483324509
Reverberation Time (T-20);0,283061156672848;0,36807714370063216;0,4805639978855111;0,5404719366357349;0,6184948662705161;0,48782505590617925;0,5048641052815064;0,5826134334210598
Reverberation Time (T-30);0,29807321522123537;0,38690963103709697;0,5294041756661237;0,6279747130978058;0,6960035801620466;0,5898208959548731;0,6167877157269133;0,6782371663350857
Clarity - 50 ms (C-50);15,581270801434172;13,18341253112939;10,87274357393682;10,5930543242915;10,78045325086217;10,942037838407062;10,907949636745386;9,769795761202843
Definition/Deutlichkeit (D);97,31465203738345;95,4211297387516;92,45287622816757;91,98139469656753;92,29264729211987;92,55390102773838;92,50187810296434;90,49471479999448
Clarity - 80 ms (C-80);21,811393600704424;18,251410527454553;15,137190990076544;14,545144467263674;14,379058148131548;14,963661957113768;14,990621363485364;13,529550597194415
Center Time (TS);6,931036406555792;9,09313861012322;12,693209121662258;13,965357807119574;13,998582677466931;12,593323933064724;12,827658844551223;15,626473254205193
Strength(G);13,24209485342347;13,72168277358492;14,149091273224158;14,393747647515866;14,38035850272965;13,912743917359194;13,881143846433375;14,340884363944824
Lateral Fraction(LF);1,4483174172728074E-08;2,462671641620268E-07;8,892431548100822E-05;0,000244659815889615;0,0002510058539531818;6,264038349633836E-05;2,4662878748007542E-05;8,920455333729369E-06
Lateral Efficiency(LE);6,195217674128658E-09;1,0093349331920681E-07;4,401213646670826E-05;0,00011328010924869656;0,00010186025271918803;3,145602227110129E-05;1,3203280548325631E-05;4,537027736221296E-06
Receiver 6;63 Hz.;125 Hz.;250 Hz.;500 Hz.;1000 Hz.; 2000 Hz.;4000 Hz.; 8000 Hz.
Early Decay Time (EDT);0,22725674105888882;0,5982752296552251;0,4290606525556525;0,567527775418021;0,5495334387471632;0,4867503500726967;0,50134196897422;0,45842195972633354
Reverberation Time (T-10);0,28683533640731707;0,3878189748893153;0,4546354997763496;0,48682202991641277;0,5008350293056995;0,46851688531448266;0,4677230474028386;0,45167703054054736
Reverberation Time (T-15);0,26925419285291474;0,3523269560252437;0,43438704966426306;0,4738365668582606;0,47530196418025944;0,4510262479100685;0,4460533953091642;0,4403687674915481
Reverberation Time (T-20);0,2724727806199622;0,34846893805419493;0,41254872710001145;0,44998249981532656;0,4576571094877898;0,43068139344143724;0,43213425697916324;0,4242957908772711
Reverberation Time (T-30);0,2719346669739207;0,3218559186375848;0,38190997922661074;0,4193133030522679;0,44070773862712986;0,4119671905534407;0,41186458069120313;0,4080533327662429
Clarity - 50 ms (C-50);17,448482590556356;16,046453843671756;13,68506873864306;12,502170921154558;11,96865235601162;11,57968536284905;11,45548739990135;11,768297002591986
Definition/Deutlichkeit (D);98,23231002893881;97,57510115960663;95,89521818398892;94,67849756210488;94,02447999573258;93,50098345509953;93,3250288515177;93,75995542606641
Clarity - 80 ms (C-80);23,918150866957934;21,020288178370762;17,78363856159761;16,259504962168833;15,614260658274976;15,57839898577938;15,514556758613763;15,926569930547547
Center Time (TS);4,710310139072508;4,6082561991070685;6,453188708471069;7,801442213138761;8,659068375953016;9,686176676630625;9,906367025304478;9,451697544616938
Strength(G);10,935740763083935;10,659360059049781;10,781664495115834;10,860234029827645;10,976938064851325;11,223195657086372;11,265997363708962;11,224781399525178
Lateral Fraction(LF);9,48558391991402E-09;9,620540550831647E-08;3,632557834411308E-05;0,00010013382014475189;0,00010818281366078427;3,990913404032384E-05;1,6440036002986476E-05;5,076399726382302E-06
Lateral Efficiency(LE);5,406889684332202E-09;5,673001650928531E-08;2,3643605164383463E-05;6,835402309316348E-05;7,337121989725371E-05;2,623946020064655E-05;1,0597638233194298E-05;3,2245882139385887E-06
Receiver 7;63 Hz.;125 Hz.;250 Hz.;500 Hz.;1000 Hz.; 2000 Hz.;4000 Hz.; 8000 Hz.
Early Decay Time (EDT);0,34057885866121207;0,4563478396685553;0,39360002239661407;0,5484035853198257;0,471284258327974;0,48931913761770984;0,488023279616518;0,4967095988243638
Reverberation Time (T-10);0,2984664596490591;0,3702356259863463;0,43252727164749694;0,5107402367081874;0,5160558360938372;0,4777838367248037;0,47675719961791774;0,4958966192128041
Reverberation Time (T-15);0,28244897668581775;0,37211994744412025;0,435267327711318;0,48742147218643506;0,497221924875196;0,45526034162085743;0,4609723801140083;0,49099444909343437
Reverberation Time (T-20);0,2838364986699891;0,35790469971823885;0,4355628069468104;0,4996234295028423;0,5101577795970547;0,4523713669632567;0,4534868083221136;0,4958705753999967
Reverberation Time (T-30);0,28859123763790223;0,3505201147464211;0,45732752573380653;0,5290971595712727;0,5901054875179733;0,46346577528259786;0,4674141700379291;0,5717538705645389
Clarity - 50 ms (C-50);17,197291524567124;15,445775106115697;13,491334937317177;12,548572786594645;12,126030216503061;12,224113218422195;12,126545125512012;11,456100861376079
Definition/Deutlichkeit (D);98,12902353384696;97,22538853341288;95,71598503363317;94,7320728368874;94,22486047104135;94,34653592019521;94,2255056072133;93,32590873249855
Clarity - 80 ms (C-80);23,447354104167808;20,607033715687383;17,655931907445893;16,374821493358514;15,940112308861835;16,348812798460376;16,113116635047383;15,138273081002087
Center Time (TS);4,5736405901969395;4,835831608944355;6,5746502840296035;7,505271154124183;8,087678260633805;8,148359839105458;8,391464558729261;9,854324634714086
Strength(G);12,976307402191384;12,86552092925902;13,01590371690223;12,917369777463207;13,020666607228748;13,091929623955536;13,133317993981947;13,369069300668727
Lateral Fraction(LF);9,088845943627112E-09;9,286335059901224E-08;3,454379280919306E-05;8,541707486297342E-05;9,673953276784981E-05;3,285351331354211E-05;1,3273210210784977E-05;4,602181165640425E-06
Lateral Efficiency(LE);4,273860850113304E-09;5,082141775607653E-08;1,9685309952937467E-05;5,7022217062260334E-05;5,7529865505191616E-05;2,0544298159854098E-05;8,171867453258179E-06;2,7348811569733278E-06
Receiver 8;63 Hz.;125 Hz.;250 Hz.;500 Hz.;1000 Hz.; 2000 Hz.;4000 Hz.; 8000 Hz.
Early Decay Time (EDT);0,35767604759149735;0,4165756350308058;0,4052978083000891;0,5350691933648278;0,5399994162444937;0,49386587873807536;0,45908889868463487;0,48059444907214616
Reverberation Time (T-10);0,29906903039947297;0,3817599275137907;0,45267333174224034;0,5260321941399142;0,5482376176023278;0,5008489768492962;0,4796439466156971;0,5066893933550475
Reverberation Time (T-15);0,2898645617866508;0,3821096096315949;0,4594379929600524;0,5327608738178172;0,5465517449687629;0,4906640515834428;0,47869455753405116;0,5444412177920057
Reverberation Time (T-20);0,2935213942786705;0,38006148444514537;0,4734440035547042;0,5595751013773828;0,5749133033410583;0,5039642147615775;0,5026698353897481;0,5757124990906252
Reverberation Time (T-30);0,3041304475077056;0,3823395490332152;0,5181298940919699;0,6037634039046187;0,655824077475325;0,5600540747173425;0,5700022699828361;0,6495663658891442
Clarity - 50 ms (C-50);16,550081142254427;14,35708490386984;12,626068994590444;11,716645035150739;11,273197711651795;11,963020621606177;11,98854357686791;10,91080206111339
Definition/Deutlichkeit (D);97,83486229162422;96,46286475997628;94,82041513780939;93,69000849160707;93,05875361447052;94,01719008109721;94,05016136623391;92,49999579501795
Clarity - 80 ms (C-80);22,728926908288546;19,60125975751038;16,679926000106107;15,357603272763342;14,877367661358443;16,019724017704625;16,088370629010086;14,50978303505841
Center Time (TS);4,8079576210869925;5,593522853271265;7,700010979828622;8,753280613567576;9,473785924871438;8,233874872862435;8,459176685314352;10,98573350444824
Strength(G);14,710910386507742;14,690837267102395;14,848558488928319;14,751646862617761;14,82290887419473;14,720672512309207;14,825310167992093;15,228792756877809
Lateral Fraction(LF);1,0128522884132832E-08;1,1054474728103514E-07;3,9708201824394816E-05;9,846397128369384E-05;0,00010622571903802832;3,1488954944340096E-05;1,404450407894928E-05;5,239479729510804E-06
Lateral Efficiency(LE);4,400874439539669E-09;5,612864246637514E-08;2,1026859685067117E-05;5,981377272533707E-05;6,180186487537504E-05;1,876783938076653E-05;7,715475571345479E-06;2,8546384591269343E-06
Receiver 9;63 Hz.;125 Hz.;250 Hz.;500 Hz.;1000 Hz.; 2000 Hz.;4000 Hz.; 8000 Hz.
Early Decay Time (EDT);0,32730115961295686;0,3141322233714984;0,43646840717406615;0,45852498884859677;0,49705263960024537;0,4437515369862979;0,4450239466352175;0,4837475247465515
Reverberation Time (T-10);0,2980494834578168;0,35891712643429236;0,4566581027988101;0,4876719193078873;0,5159668408080806;0,46305050083980426;0,4547736067008556;0,5303661173175334
Reverberation Time (T-15);0,2911691388875772;0,36676969209161503;0,47161521161248576;0,5269696875905316;0,5525896284604237;0,4880638617172423;0,4992026017662319;0,5713774639839574
Reverberation Time (T-20);0,3001891330225767;0,37851651993047264;0,49812098452666953;0,5702841442560672;0,608530104542936;0,5248371369373569;0,555511888951972;0,609394274240642
Reverberation Time (T-30);0,3141434335661243;0,40230040087185104;0,5528329362492532;0,6888371602457793;0,7592280857950404;0,6460035566766215;0,662629377331675;0,7013943145277914
Clarity - 50 ms (C-50);15,432872938094299;13,541149602147033;11,340533805952706;11,100692230666148;10,586255512974827;11,662204504775849;11,530307598469868;9,874602741230087
Definition/Deutlichkeit (D);97,21980275006992;95,76972201995858;93,1644705479439;92,80347577843075;91,96856189591408;93,61679257146778;93,43561035342725;90,68082352340652
Clarity - 80 ms (C-80);21,698774416845012;18,76336461238561;15,680269506993694;14,8059080335556;14,305320582632818;15,840376629923217;15,538298221296532;13,354541790343564
Center Time (TS);5,904923536976821;7,039568446162832;9,835653283276418;10,675705271532028;11,329424601243057;9,135171020344648;9,654916869120283;13,804981027157767
Strength(G);15,004325309828735;15,18600730750698;15,366466691853027;15,278958061253604;15,298822650111099;15,011041716648243;15,11694396042617;15,78690940654998
Lateral Fraction(LF);1,3543079316183456E-08;1,7447627763301073E-07;6,064715460527499E-05;0,0001591613335584635;0,00015782300331316604;4,253650318346449E-05;1,8335528843954593E-05;7,175296881023413E-06
Lateral Efficiency(LE);5,208858099168458E-09;7,356106513171949E-08;3,0357396224429976E-05;7,705966230403008E-05;7,804065766707074E-05;2,1333648623953556E-05;9,084471310144935E-06;3,648275964623205E-06
Receiver 10;63 Hz.;125 Hz.;250 Hz.;500 Hz.;1000 Hz.; 2000 Hz.;4000 Hz.; 8000 Hz.
Early Decay Time (EDT);0,2858029475420586;0,32302871334854105;0,4204181162056444;0,4608609323790275;0,46430941025266903;0,4294182210833802;0,44250683142740654;0,5135101873795025
Reverberation Time (T-10);0,3053789812171497;0,36214929607429314;0,4634442241648434;0,5169224643037023;0,5653031627381339;0,46997732394871033;0,4746258875806396;0,5785841744260641
Reverberation Time (T-15);0,29714477577388676;0,37688291880247493;0,4834378661090128;0,552656654904667;0,6101394972748856;0,5220774215999189;0,5399109079231624;0,5994448760368264
Reverberation Time (T-20);0,3047924911181982;0,3923543073502898;0,511479431932215;0,5784342068468771;0,6674379914987694;0,5652446391793803;0,5941333663104316;0,6368936646470617
Reverberation Time (T-30);0,32334622021246084;0,41432009532515274;0,5719704407966781;0,7308683117574273;0,7874755300130392;0,6806397322734694;0,7213208488615582;0,7248144070652641
Clarity - 50 ms (C-50);14,474054812031511;12,564983051691843;10,502950220993789;9,883627446850472;9,79154252190474;10,826887528654757;10,654536430947964;8,79711501849852
Definition/Deutlichkeit (D);96,5674376074913;94,79133524604639;91,84839855517588;90,69478367711115;90,5135528322689;92,3746121998859;92,09034095609977;88,41024382314419
Clarity - 80 ms (C-80);20,56430010864037;17,54246855057875;14,386848082763748;13,529309436239103;13,03430287357285;14,511495808789851;14,314788666197051;12,04058942031045
Center Time (TS);7,3767602231279765;9,220079825106803;12,769660151605825;14,188380228116399;14,837168548618779;11,90200884104981;12,424409291998883;17,421407377906558
Strength(G);13,777132825033632;14,19530885719794;14,515166804256339;14,535250261788278;14,56810465725151;13,949040712024619;14,024754981295843;14,789107982291107
Lateral Fraction(LF);1,814100639230174E-08;2,5080422731374855E-07;8,853932464521712E-05;0,00022437165981638947;0,0002354633478319361;5,940407538733624E-05;2,4983303597136083E-05;9,325499428758547E-06
Lateral Efficiency(LE);6,902177578502469E-09;1,0518970989462792E-07;4,073851558092138E-05;0,00011167839157202686;0,00010961449280047607;2,8901272518875166E-05;1,2219130623569015E-05;4,955196859120464E-06
Receiver 11;63 Hz.;125 Hz.;250 Hz.;500 Hz.;1000 Hz.; 2000 Hz.;4000 Hz.; 8000 Hz.
Early Decay Time (EDT);0,2899974611868876;0,32822798287121735;0,41430303820515585;0,4718962409749768;0,4481902242318532;0,4467608733228262;0,4462317400651892;0,4706510874903663
Reverberation Time (T-10);0,3006234998088336;0,35072876263050623;0,4235576230766594;0,48527889815963154;0,5219275358231635;0,4655918772712633;0,46630518574295765;0,5196042537618663
Reverberation Time (T-15);0,2829037904084548;0,3676123842184133;0,44725988234216957;0,5080383353194491;0,5866496661689535;0,48670324743155774;0,4922269625064928;0,5530193089472888
Reverberation Time (T-20);0,29242759154729564;0,37551178007311486;0,47258543356315214;0,5407649153833748;0,6306201324837949;0,49761620614839897;0,5155234314280744;0,5900246586381855
Reverberation Time (T-30);0,30247024678320794;0,387594573692283;0,5373223179315204;0,640146656512729;0,7045554679755267;0,6091243932848197;0,637700611403255;0,6845024170555117
Clarity - 50 ms (C-50);14,868516728134729;12,572243059330612;10,614027660066698;9,48057294944239;9,764703047377587;10,397639642262682;10,395672910239412;9,17218765862152
Definition/Deutlichkeit (D);96,84708443737877;94,77034369265029;92,0139677639462;89,87396098995691;90,45697112023319;91,63984738957825;91,64384053542419;89,24857234578356
Clarity - 80 ms (C-80);21,252725170317326;17,580882408399436;14,839192148198915;13,638629828850162;13,497011941789939;14,24694732599594;14,257264971417955;12,78872659656364
Center Time (TS);7,555834432559739;9,78203788272138;13,264908256637844;15,442549533318507;15,398503125745851;13,59964806937765;13,805452537489384;17,241128946261096
Strength(G);11,76727565305221;12,111963822257614;12,548650808062057;12,640634003245246;12,630962341569976;12,283812838261653;12,254145034933558;12,761658046841532
Lateral Fraction(LF);1,6631675767396195E-08;2,7124745090541163E-07;9,665404059871821E-05;0,00024865202767438636;0,0002635348451660228;6,94008099012714E-05;2,8528421592185748E-05;1,0345979602196625E-05
Lateral Efficiency(LE);7,998451133863585E-09;1,236841438063048E-07;4,9722774125031E-05;0,00014007502398265438;0,0001296697936527801;3,9547333956034944E-05;1,5993720975292723E-05;5,712286890874993E-06
Receiver 12;63 Hz.;125 Hz.;250 Hz.;500 Hz.;1000 Hz.; 2000 Hz.;4000 Hz.; 8000 Hz.
Early Decay Time (EDT);0,3028198777419652;0,4143589458151782;0,47095015046429384;0,5081477403462937;0,5111630501489927;0,4591603834788754;0,46179493729953763;0,4411378554093694
Reverberation Time (T-10);0,2657241107396399;0,3526934259181824;0,41068469810435015;0,4448580440041203;0,4573290588723952;0,435228182041438;0,43496060008879;0,42038424559722903
Reverberation Time (T-15);0,2524517592226125;0,3272366870607204;0,4052127437739728;0,4450848875613244;0,45315733521054896;0,4306627926941465;0,4305104331155784;0,4193178824024487
Reverberation Time (T-20);0,25795927154595993;0,33098637336225206;0,3922100129504054;0,4284260745915869;0,44011034029462826;0,41662339323338754;0,41585836636815277;0,41137036871781113
Reverberation Time (T-30);0,2656217277260967;0,3185998762404619;0,39753460590366035;0,4329415641132214;0,456251946998682;0,4251627216600069;0,4234430325937777;0,4191279909192031
Clarity - 50 ms (C-50);15,711413168708654;14,51715029347172;12,25158394302886;11,124982285529011;10,621833323244267;10,294714435006929;10,218780522171189;10,558983343235646
Definition/Deutlichkeit (D);97,38570908356937;96,58648867098717;94,38017998260891;92,8350410701602;92,02513853299673;91,45456914301711;91,31693094847003;91,91828419012464
Clarity - 80 ms (C-80);23,782384197494384;20,687426592721685;17,467125172541238;15,919041263505271;15,265533365313903;15,173791548348339;15,10805365011328;15,600958435045948
Center Time (TS);5,923286896781116;5,7648457160822515;8,016508475887267;9,609864090391644;10,648054788970056;11,827586596254092;12,057825637065582;11,447827281628163
Strength(G);9,521514742952881;9,134643941347342;9,316549518072577;9,414333748364356;9,550057065799663;9,888814671817784;9,925856639991153;9,881562461126762
Lateral Fraction(LF);1,4357995666033733E-08;1,382203294683409E-07;5,1815972487865414E-05;0,00014121951334018052;0,00015289413303070198;5,6252580113210415E-05;2,2845525293683265E-05;7,103436928122206E-06
Lateral Efficiency(LE);4,9545859695353946E-09;6,283132293152715E-08;2,6995857358363776E-05;7,906842062929528E-05;8,467812164548382E-05;2,911644419947173E-05;1,193788663024934E-05;3,61066745324068E-06
Receiver 13;63 Hz.;125 Hz.;250 Hz.;500 Hz.;1000 Hz.; 2000 Hz.;4000 Hz.; 8000 Hz.
Early Decay Time (EDT);0,3207043336096825;0,3897838879124714;0,48700530946587123;0,5393577253540943;0,5359054901694343;0,47665927173839767;0,4649737992674823;0,4786801944357229
Reverberation Time (T-10);0,2817514828730492;0,3559945952493519;0,42180343533222553;0,4817308574589245;0,4958422619118501;0,44666895168545745;0,44621441206437973;0,46113917470390847
Reverberation Time (T-15);0,27713415513648526;0,33657307922458535;0,4333531645927793;0,47216020876374104;0,5056342588076181;0,44743256091872424;0,4467807202955147;0,47947726434973104
Reverberation Time (T-20);0,27667668897965925;0,3467354745674563;0,4421113089109141;0,4798317856863863;0,5274555621459085;0,46105235594065835;0,4622013760636042;0,4945447019842977
Reverberation Time (T-30);0,2899946326898659;0,3669448698563879;0,4497057131407701;0,4777757892500227;0,5361125430742114;0,4487856791006991;0,4610490711984558;0,548262463741822
Clarity - 50 ms (C-50);15,470144622957152;13,978662096914821;11,989676045539973;11,092966674995285;10,773757115402528;10,747187926085264;10,695649971725993;10,035071760074416
Definition/Deutlichkeit (D);97,24048564959777;96,1532176710044;94,05162037107337;92,78585131024214;92,27812035865114;92,23441455076933;92,14898913727957;90,97561104660805
Clarity - 80 ms (C-80);22,313340979004348;19,935384634380796;16,803682247086215;15,778891908642773;14,724542131871496;15,390890315668749;15,304902006990837;14,180746850015712
Center Time (TS);6,455373543718564;6,6893458548573905;8,807836592004575;9,860971607935683;10,743483936809328;11,045159989069825;11,2830391086592;13,176428335839567
Strength(G);10,83475593019736;10,626721202571172;10,726608780212182;10,686184988239319;10,737562479441777;10,943596066845835;11,005786127735512;11,313836497235627
Lateral Fraction(LF);1,4369033276442704E-08;1,5070397361647604E-07;5,112977579641799E-05;0,00013891303899990338;0,00013807223648556755;5,220815394345602E-05;2,1357558988215676E-05;7,016944745785378E-06
Lateral Efficiency(LE);5,947106312460711E-09;7,960238549554791E-08;3,3171542774589235E-05;9,362620976568417E-05;9,495769244817025E-05;3,267055547340717E-05;1,296973172024255E-05;4,314760155527107E-06
Receiver 14;63 Hz.;125 Hz.;250 Hz.;500 Hz.;1000 Hz.; 2000 Hz.;4000 Hz.; 8000 Hz.
Early Decay Time (EDT);0,3209538941135781;0,4115899880570354;0,4854288213031981;0,5500377163916873;0,5994350750868365;0,5108228541440287;0,4758441259376717;0,511133407434988
Reverberation Time (T-10);0,2847658249011052;0,38181574554949543;0,48945155255454137;0,5222269000588039;0,5619011450250386;0,4962071162929425;0,4840801737514578;0,5614458563392264
Reverberation Time (T-15);0,2881499121115366;0,3798073376835235;0,5241828526028001;0,5667011669187303;0,5998115596819243;0,5257016015858897;0,536583834241495;0,6099205730713034
Reverberation Time (T-20);0,2946739373993969;0,39151300886690193;0,5406989562488238;0,5946381802657749;0,6227104772379224;0,5519846629003166;0,5653750006225181;0,6286603118460005
Reverberation Time (T-30);0,3158363187661175;0,404346568911048;0,5456465893703275;0,6511817230981146;0,7198710456799531;0,6109557226946843;0,6305244693453507;0,688090337267653
Clarity - 50 ms (C-50);14,53277735880098;12,168917169794325;10,34118762972238;9,519012569043278;8,827959028178107;9,883640585859085;9,855362483978727;8,533071125567615
Definition/Deutlichkeit (D);96,59833225034745;94,27836281562342;91,53782814445654;89,95137686946431;88,41891430803416;90,68522291137444;90,6300754628864;87,70528039069218
Clarity - 80 ms (C-80);21,030219359209248;17,566371309484204;13,999967016809979;13,306676175969736;12,676727364539138;14,113044925022232;13,846995298581406;12,07583315825568
Center Time (TS);7,810709086222353;9,102269819743594;12,85372612059759;14,452326874256732;15,582027846776919;13,209273124093787;13,764282092274382;18,047884570269257
Strength(G);11,990612038846656;11,840119967753797;12,062923867137918;12,053250773840631;12,109580153384542;11,942670675126557;12,122064731975584;12,761768295964657
Lateral Fraction(LF);1,9314770005222604E-08;2,013248826656803E-07;7,064958685178458E-05;0,0001826335189000228;0,00019464686788543657;5,610881509808747E-05;2,5328768816418123E-05;9,202411576005666E-06
Lateral Efficiency(LE);8,095167927174635E-09;1,1443561152877785E-07;4,728327875232754E-05;0,00013368540703996334;0,00013584428367616013;3,975630827314601E-05;1,6086230436732563E-05;5,6920736744004925E-06
Receiver 15;63 Hz.;125 Hz.;250 Hz.;500 Hz.;1000 Hz.; 2000 Hz.;4000 Hz.; 8000 Hz.
Early Decay Time (EDT);0,31803098722496814;0,35542403574672526;0,47201921117359563;0,5035767102391238;0,5036491005339837;0,4460351487282165;0,45622247952474454;0,5401815256864704
Reverberation Time (T-10);0,2818989608406418;0,37361497896625445;0,5047689337909048;0,6012142861118753;0,6130986438115367;0,5215475916768874;0,5432646194297917;0,6098103663794852
Reverberation Time (T-15);0,2960369735293595;0,40465965572575374;0,5294579997237291;0,6304632399551999;0,6815175931178232;0,5915983847694082;0,6139723018357814;0,6338339357015877
Reverberation Time (T-20);0,31353167963180745;0,412553237289308;0,5579520653144241;0,6878827386995766;0,7377475305410195;0,6495034638180861;0,6477528176343472;0,6767956912416415
Reverberation Time (T-30);0,3326074827614526;0,4305953432600649;0,5965791850294012;0,7977950570650839;0,8847707015049181;0,7737631502399233;0,7808046968572459;0,7654799020158837
Clarity - 50 ms (C-50);13,4598442458177;11,473347552723322;9,249504823994823;8,788330009056667;8,571828273348258;9,706428238271794;9,315963414833;7,535143164968138
Definition/Deutlichkeit (D);95,69101919768018;93,37540572060682;89,3844571429049;88,32932379531388;87,80417363104107;90,3409025710976;89,54006191688335;85,02661083406649
Clarity - 80 ms (C-80);19,464617166876153;16,21591254016789;13,151984074219643;12,088242704055993;11,982138932536738;13,337662424055875;12,951037365574631;10,973807196217413
Center Time (TS);9,482709970210802;11,328193701554845;15,639344608827093;17,56171387784586;18,29601473442125;14,887569148360951;16,066433757508694;21,864237188057054
Strength(G);12,390740965132299;12,53395863874017;12,941799931619471;12,680301604470039;12,957534061586749;12,428069507285429;12,616159049376847;13,561513244157453
Lateral Fraction(LF);2,234123430552397E-08;2,760451151009134E-07;9,434258677931223E-05;0,00024774675995257095;0,00026647043393061197;6,985640963923177E-05;2,9671102678887732E-05;1,1737452587371744E-05
Lateral Efficiency(LE);9,774944426320447E-09;1,4435390379690674E-07;5,919481252869551E-05;0,0001478288076116898;0,00015711494847641115;4,190079869250747E-05;1,7642612854840506E-05;6,7891222060417335E-06
Receiver 16;63 Hz.;125 Hz.;250 Hz.;500 Hz.;1000 Hz.; 2000 Hz.;4000 Hz.; 8000 Hz.
Early Decay Time (EDT);0,3038618433819417;0,35304085502010046;0,4754046517918088;0,5188171713375948;0,5417281404721777;0,46029967799403537;0,4639779117383787;0,5671197707177392
Reverberation Time (T-10);0,29207482540666396;0,3911589407648107;0,5346798836759158;0,6130382109700078;0,6731983517711617;0,5667735903258079;0,5675120698818649;0,6471783446562377
Reverberation Time (T-15);0,3042964545627259;0,41541060281154807;0,5543866288034803;0,6482153228417736;0,7144083216130923;0,626816454546111;0,6452196665100541;0,6617690391584511
Reverberation Time (T-20);0,3226874293473878;0,41603631027118787;0,5859774058171695;0,7007154074531107;0,7657702061622358;0,6770165848567158;0,693467256731565;0,7082874793324949
Reverberation Time (T-30);0,34277819297138734;0,44476909224351324;0,6342648514076259;0,8158477572666284;0,8982104677157872;0,7641986384295454;0,8144619283274345;0,7808429735398458
Clarity - 50 ms (C-50);12,852070655881631;10,884062587327142;8,646490074768588;7,823459282929362;7,7022351643435405;9,028991491742179;8,779817706872516;6,875142442210156
Definition/Deutlichkeit (D);95,08658701777024;92,49432548379538;88,0134082487723;85,85958425457403;85,50761121998772;88,90042626967957;88,33346926522813;83,12145167768622
Clarity - 80 ms (C-80);18,881140019509715;15,451768217298078;12,267835921681938;11,307450575201742;10,743253272792224;12,62982122857548;12,525655928190918;10,14911874604768
Center Time (TS);10,558033164388075;12,987869847648586;18,013229655221778;21,10122023052008;22,181148503550553;17,256621488392252;18,231062462520686;24,757198653082924
Strength(G);11,956694059437261;12,334629349746688;12,705201164736934;12,676029489706806;12,845007988815013;12,13296577115866;12,37608759849681;13,256057343171868
Lateral Fraction(LF);2,628643947397578E-08;3,3534358130438325E-07;0,00011693906333712671;0,0003018868128165647;0,0003091534520181102;8,320763709441297E-05;3,562747212934079E-05;1,2642840999743907E-05
Lateral Efficiency(LE);1,0439134288529619E-08;1,6252161758718928E-07;6,548097287646312E-05;0,00019280907328021415;0,00017898384815652013;4,377927703459656E-05;1,968779622486109E-05;7,184653781227799E-06
Receiver 17;63 Hz.;125 Hz.;250 Hz.;500 Hz.;1000 Hz.; 2000 Hz.;4000 Hz.; 8000 Hz.
Early Decay Time (EDT);0,2992265886940167;0,3463774594114496;0,4262156606203794;0,46226420948067043;0,442066095460398;0,4412544124779815;0,4286154060227764;0,46804089050052045
Reverberation Time (T-10);0,28718086994926;0,349488991794378;0,4468963698360867;0,5072672837880315;0,5702318620016084;0,47821973140212726;0,4757428556000801;0,5459540676939736
Reverberation Time (T-15);0,2803078091695079;0,3695315663927028;0,46797951831600637;0,5578618715100707;0,5754180180537912;0,4883070838240045;0,5057570431954354;0,5915622018775432
Reverberation Time (T-20);0,29831297993039846;0,3748861691711692;0,4980439514898305;0,5716079620736805;0,6065245574462975;0,5374285160810747;0,5409876463961679;0,6290733972631314
Reverberation Time (T-30);0,3158468599461326;0,40141303461551003;0,5626847377979349;0,6985934033477958;0,6824304739598175;0,6242294941471882;0,6873301132000369;0,714860602773671
Clarity - 50 ms (C-50);13,743484587493473;11,475253879607743;9,467120169437583;8,539092356073368;8,65848960024336;9,16441368672055;9,23448689393622;8,149667016139887
Definition/Deutlichkeit (D);95,95382849907655;93,35827376328673;89,84285762498085;87,72346996069984;88,01594805422349;89,1908378605733;89,35999432775026;86,74499337675462
Clarity - 80 ms (C-80);20,431212167648248;16,721080433257548;13,775816310531667;12,571478449557482;12,245346684118982;13,247856609824025;13,382116736955156;11,901200715567482
Center Time (TS);9,130113452479506;11,839319260810601;15,844425749359878;18,753276172278376;18,798813414774838;16,68436321020328;16,844819547442544;20,47464887141804
Strength(G);10,417038257261467;10,63382933392855;11,035163565626206;11,329354420423513;11,244126628829733;10,896003102093907;11,007638140416347;11,461585145920644
Lateral Fraction(LF);2,19466429607733E-08;3,234428385987923E-07;0,00011016561832042032;0,0003054146201041427;0,0003083248937496995;8,700712220529545E-05;3,591345399574097E-05;1,2331483403460526E-05
Lateral Efficiency(LE);8,967733411048874E-09;1,5315282707644316E-07;6,012110516655648E-05;0,00018266622778215138;0,00016705030816601129;4,769966767080483E-05;1,9176101207279395E-05;6,742783047426446E-06
Receiver 18;63 Hz.;125 Hz.;250 Hz.;500 Hz.;1000 Hz.; 2000 Hz.;4000 Hz.; 8000 Hz.
Early Decay Time (EDT);0,27225697578649033;0,39916689945815914;0,40683792367869637;0,4521516122331129;0,4586310882654826;0,4251585664500967;0,42297139285263435;0,4085121934952783
Reverberation Time (T-10);0,24531144520960782;0,3282011231807351;0,35967449005816615;0,3755430861044808;0,38348992295519957;0,3763997369950228;0,3721740351446221;0,36358185133527987
Reverberation Time (T-15);0,23295194194615892;0,2996169331720462;0,35738720433371046;0,3910110067332814;0,4069379871616172;0,3939213943063668;0,39287561962721396;0,3796649546583917
Reverberation Time (T-20);0,23424332663085323;0,29857137048075016;0,35820459260133247;0,40861802624157384;0,4367041264412249;0,41133028982152026;0,4117900416855106;0,3972088448311123
Reverberation Time (T-30);0,24599192467109907;0,31701358772385946;0,4021135547617142;0,4396215175899156;0,45549600629810133;0,43059060557210255;0,43280848746789535;0,4315208013103753
Clarity - 50 ms (C-50);15,980445574527662;14,019857639306547;11,82713342343301;10,713086337519142;10,21544677217541;9,940133839430395;9,913508158939926;10,243821321189797
Definition/Deutlichkeit (D);97,53887769324037;96,18814995233588;93,83874946052336;92,1779861278491;91,31084243853077;90,79452357423932;90,74315369936271;91,36254029543272
Clarity - 80 ms (C-80);23,89502967980142;20,59946066180533;17,531701959160596;16,00134042465697;15,32228032575825;15,176417326252587;15,169630703175844;15,656215053020166
Center Time (TS);7,568140869215384;7,744118596697666;10,547954466108752;12,391554505544539;13,552816022324269;14,585846869318777;14,78385218518796;14,17120772668383
Strength(G);8,421829945471323;7,8803941907688895;8,13893797002315;8,29380684742057;8,454582347989998;8,82109657948022;8,858670309913599;8,813715211809836
Lateral Fraction(LF);2,250472648110933E-08;2,0800038763282248E-07;7,603581941788101E-05;0,00020428602667512806;0,00021895584584894577;7,975643028805791E-05;3,2513773320593554E-05;1,0191504701489527E-05
Lateral Efficiency(LE);4,870320411510797E-09;7,581687845072826E-08;3,289274936881333E-05;9,45315458284712E-05;0,00010115886523372895;3,3971334475347827E-05;1,3950229606985287E-05;4,20113342780003E-06
Receiver 19;63 Hz.;125 Hz.;250 Hz.;500 Hz.;1000 Hz.; 2000 Hz.;4000 Hz.; 8000 Hz.
Early Decay Time (EDT);0,27893556854607027;0,3821530756238199;0,45261644462448714;0,47633128778710365;0,4857057105166447;0,43147710688127694;0,42927005400160934;0,4498281289615306
Reverberation Time (T-10);0,25538621866620936;0,33022556582504614;0,3728259749043638;0,4046340724581553;0,4730393789724942;0,40677144687857636;0,41284086032396583;0,47347837760026446
Reverberation Time (T-15);0,2554609156580063;0,32483136297091;0,4187855973882025;0,4811758075562079;0,5461843974233657;0,46351194672936674;0,46216552799043126;0,5181530713121622
Reverberation Time (T-20);0,26209393097199696;0,35388410819775684;0,45834907550787823;0,5313916434658555;0,581618055466078;0,5061801937000259;0,5056512456348243;0,561964910063258
Reverberation Time (T-30);0,28524641538645684;0,3903100085647734;0,49552850505127544;0,5779490784676697;0,5871630665020343;0,5328482237160902;0,5431397448268193;0,6227860305157084
Clarity - 50 ms (C-50);15,012441910684757;13,29782097489029;10,79422210063823;10,24540163243141;9,557159707269053;10,047986751580156;9,914234641308111;9,037930232375743
Definition/Deutlichkeit (D);96,94315813475971;95,52950680523435;92,31163107638987;91,36541138772532;90,03049351771506;90,99999608270923;90,74455873742473;88,9048669824946
Clarity - 80 ms (C-80);21,737825494637004;18,834243566317767;15,384363524557187;14,527880686151718;13,183718116065656;14,480140778924152;14,361579118884741;13,01857384405493
Center Time (TS);8,460541522097454;9,112496808175557;12,781877196922157;14,113865239168643;15,584157577632801;14,661576624971376;15,14328881943889;17,743316294467235
Strength(G);9,326286335851869;8,887164882246637;9,172840356070168;9,222494792875253;9,324563368958898;9,480343107075086;9,573676370765703;9,892330373092875
Lateral Fraction(LF);2,1739575403801257E-08;2,0906822049669634E-07;7,844984338583351E-05;0,00020366666546999074;0,0002089301394573315;7,260551901699832E-05;2,9923322512396063E-05;1,003567521791695E-05
Lateral Efficiency(LE);6,019346034284117E-09;9,539573676284667E-08;4,340935716967574E-05;0,0001178495016425714;0,0001114457524623975;3,5708660564626426E-05;1,4800431290965717E-05;5,180928552018131E-06
Receiver 20;63 Hz.;125 Hz.;250 Hz.;500 Hz.;1000 Hz.; 2000 Hz.;4000 Hz.; 8000 Hz.
Early Decay Time (EDT);0,2781495855004356;0,37503585826164265;0,45126131983947815;0,48248390559958737;0,5511034895502117;0,44278750911863957;0,44391656098637317;0,5192262439883925
Reverberation Time (T-10);0,2511501660418637;0,34186285635099584;0,4704416157594865;0,5027592413715769;0,5710969252342274;0,4908018134169057;0,5043132518242707;0,5709744972404355
Reverberation Time (T-15);0,2712882307140173;0,37303339084136317;0,5114767003718765;0,5565185258114168;0,619868651296583;0,5598757141135632;0,5557469402864926;0,6126329356838723
Reverberation Time (T-20);0,28798155537199027;0,40062620646120795;0,5248280073867916;0,5848250434166655;0,6256745974164218;0,5798244363059333;0,5615331445804184;0,6309089503391706
Reverberation Time (T-30);0,3165956636204646;0,41026357051145784;0,5455424118979117;0,6568067563537169;0,7047325020573885;0,612371780828308;0,660400674840379;0,6886427933658079
Clarity - 50 ms (C-50);13,697744773868488;11,471266933223266;9,178425880793231;8,437514191418202;7,64124009145137;9,024284254906169;8,777469975506559;7,2717040509211115
Definition/Deutlichkeit (D);95,90669190980441;93,34762704803722;89,21998073344446;87,4660465409855;85,3142085355587;88,87383501938233;88,29933761739012;84,21578168824526
Clarity - 80 ms (C-80);20,043430937709164;16,3222389516022;13,019509198057634;12,35725081921183;11,289582074420483;12,917664356341321;12,627139677407795;10,874354647239766
Center Time (TS);10,336815412201727;12,103279627568787;17,68688851656109;18,90064507372436;21,08388604284502;17,606545732543417;18,294380232685825;23,423438543708674
Strength(G);10,20557555696535;9,902121925023263;10,390492450221721;10,360311665049437;10,416534249022874;10,277733850739253;10,413433432313937;11,091276830658671
Lateral Fraction(LF);2,6918131839549992E-08;2,769552737528625E-07;0,00010536889631221687;0,0002688264948142325;0,00027117225828597553;8,349622736979752E-05;3,461460943467261E-05;1,2553217780133533E-05
Lateral Efficiency(LE);8,69255833105523E-09;1,4047500522546692E-07;6,697365446006471E-05;0,00017140864545259847;0,00017286189041486287;4,6992903804706504E-05;1,861995324369876E-05;7,1031941403032144E-06
Receiver 21;63 Hz.;125 Hz.;250 Hz.;500 Hz.;1000 Hz.; 2000 Hz.;4000 Hz.; 8000 Hz.
Early Decay Time (EDT);0,2774231129321766;0,35557820139507806;0,4422581560101384;0,5099582917813148;0,5254230140649834;0,43279543180061686;0,44383412070641276;0,5371545138545777
Reverberation Time (T-10);0,28583506598542474;0,3816214453473547;0,49702036600133553;0,5769516239369479;0,6193391651459896;0,5384699572488763;0,5428284193197038;0,6092734707146125
Reverberation Time (T-15);0,29272571675879594;0,39929359731417124;0,5443846093937492;0,6038074883836472;0,6731089940539409;0,5976253603594347;0,6066023052782773;0,622906851022938
Reverberation Time (T-20);0,3121739268252895;0,41314152882864363;0,5555102636683985;0,6637536424616005;0,714597195348466;0,6368848824592052;0,613405489465338;0,6680528851485281
Reverberation Time (T-30);0,3332800301347975;0,43039009875865036;0,5915378420980147;0,7515296788430046;0,8460255150867594;0,7274947230198527;0,7501078793865674;0,7503289843196462
Clarity - 50 ms (C-50);12,595215465723227;10,631746169459396;8,467243542543626;7,556023342630312;7,532367231832573;8,698833327799223;8,449889604775983;6,5815828668286445
Definition/Deutlichkeit (D);94,79019736780285;92,04187358658741;87,54603726715109;85,06665725423636;84,99732988940502;88,1109645331619;87,49725262498865;82,02589629304086
Clarity - 80 ms (C-80);18,98189537422853;15,257150249668513;12,287553098521364;11,351857067024618;11,087095097997096;12,522535673660077;12,173987651653242;10,108296643187018
Center Time (TS);12,036545725593964;14,264694821039463;19,615016340236995;22,191280538141783;23,12618075559599;19,066056828514906;19,92530676928622;26,816069879777377
Strength(G);10,718677866524658;10,557992517169659;11,146509030705126;11,008717722579213;11,135508175557888;10,664166216625915;10,887886512290791;12,018197292350507
Lateral Fraction(LF);3,244516910164166E-08;3,400239505757454E-07;0,00012631816903187237;0,0003222238031647068;0,00033752610335641435;9,491192701868262E-05;4,000651556952176E-05;1,4953338946113937E-05
Lateral Efficiency(LE);1,0164219571257063E-08;1,6192270801428769E-07;6,847060762251945E-05;0,00018464389865296052;0,00019137060259987278;4,439958613712538E-05;1,863493227712185E-05;7,702321313998873E-06
Receiver 22;63 Hz.;125 Hz.;250 Hz.;500 Hz.;1000 Hz.; 2000 Hz.;4000 Hz.; 8000 Hz.
Early Decay Time (EDT);0,2765667724434169;0,36571454728693226;0,454056202196282;0,5017860635068363;0,5371706178392573;0,4478120176737603;0,47322889785825334;0,5490090194341449
Reverberation Time (T-10);0,29161858404471264;0,39287298842193097;0,510297731332716;0,5940530093006529;0,650283829947571;0,5564737589643982;0,5669896209464984;0,6182098457924935
Reverberation Time (T-15);0,2952494633225212;0,4020578674340231;0,5485896015617325;0,62846378142109;0,6759923366404883;0,6117417718578062;0,6244564416436827;0,6419003289636528
Reverberation Time (T-20);0,31598506208330585;0,4036821118629979;0,577206155851548;0,6818133236505475;0,7317226304747894;0,6601155515068664;0,6752808059049471;0,6957060296185749
Reverberation Time (T-30);0,3380379250013776;0,4311356743458482;0,6216287135875844;0,7763545899429252;0,8715919992152918;0,7352118160549128;0,7678067824159076;0,7687005309365977
Clarity - 50 ms (C-50);12,447860942756003;10,192501477472566;8,141544521688143;7,414440083340783;7,146028852199578;8,399197057758377;7,978822103549401;6,2838917112669845
Definition/Deutlichkeit (D);94,62075015428437;91,29837095234409;86,71934183599981;84,65629816319614;83,84566318777067;87,38382455081248;86,30416991636285;80,99519690884291
Clarity - 80 ms (C-80);18,874485695961006;14,848288755264875;11,945894546568619;11,02271992657289;10,413323848322705;12,301153481129628;11,874234531431423;9,805424425300728
Center Time (TS);12,27771479531082;15,450882237560691;20,76884343554314;23,644449231236056;24,771323782219817;20,248082985775657;21,5337509869136;28,176690961584633
Strength(G);10,53658958470254;10,63215678860184;11,17585191502559;11,304617372626609;11,382968832240962;10,648219987483365;10,830603323134625;11,842544950546191
Lateral Fraction(LF);3,303377219140032E-08;3,809894256493578E-07;0,0001350386085867092;0,00035926820686627134;0,0003671036055930861;0,0001039019678507544;4,279456946945282E-05;1,5474675849535294E-05
Lateral Efficiency(LE);1,0493930571176093E-08;1,81131673705993E-07;6,805418548650999E-05;0,00019991448017318714;0,00018819841782154406;5,0902850428111167E-05;2,0961518820613487E-05;8,083919984875573E-06
Receiver 23;63 Hz.;125 Hz.;250 Hz.;500 Hz.;1000 Hz.; 2000 Hz.;4000 Hz.; 8000 Hz.
Early Decay Time (EDT);0,2719167333154374;0,353647668931861;0,4214758967031262;0,4542985287481313;0,48080821357763076;0,4084867571405661;0,42820312449211945;0,4857021121441043
Reverberation Time (T-10);0,2698100369005151;0,3488086051920479;0,5035675396001765;0,5678937449145758;0,6184792138307827;0,48935727992142086;0,5198709226731235;0,5667300337023901
Reverberation Time (T-15);0,27571379313739147;0,38276815118911434;0,5090056559001818;0,5777917628858379;0,6014153804725019;0,5275064612620649;0,5375028672366199;0,6111162427401298
Reverberation Time (T-20);0,2980929865339297;0,3839074632386242;0,5411202766509251;0,6242865314125426;0,609569792512558;0,5903311388093104;0,5931760982886407;0,6473450657185501
Reverberation Time (T-30);0,3194734749941906;0,4056198064068209;0,5779496560758843;0,7132985925965201;0,7082351380837895;0,6501363745278652;0,6805090201588541;0,7192017192720265
Clarity - 50 ms (C-50);13,464098672141386;11,033120637248576;8,771544962024905;8,148323217575763;7,799146565354932;8,917494446633619;8,513007572313041;7,360368227952376
Definition/Deutlichkeit (D);95,69019545843234;92,69306601249251;88,28523499616956;86,71764314644483;85,76393274542511;88,62921105994688;87,65537766176676;84,50591786002909
Clarity - 80 ms (C-80);19,93516714360969;15,705853756792818;12,581669970525986;11,47171510274214;10,884943537932374;12,750018764206848;12,351945558518514;10,981724851072034
Center Time (TS);10,667347432344213;14,014248663499997;19,003566010022784;21,35117372022942;22,659081751116673;19,418381436660386;20,08033666461018;23,97615997309696
Strength(G);9,286459928747696;9,307755823891181;9,839393417563237;10,087978998695405;10,148590019564345;9,9073371819063;9,84504096497406;10,34548712270852
Lateral Fraction(LF);2,890259714410093E-08;3,5443544799730945E-07;0,00013024536963753477;0,0003172519517711596;0,00034739414909498045;0,0001039816277069864;4,198533091152434E-05;1,3967260461324092E-05
Lateral Efficiency(LE);8,023710935673765E-09;1,5988673458809947E-07;6,22854464019006E-05;0,0001634471858194327;0,00016171885021733202;4,902565143373132E-05;1,908464084069983E-05;6,558412827143986E-06
Receiver 24;63 Hz.;125 Hz.;250 Hz.;500 Hz.;1000 Hz.; 2000 Hz.;4000 Hz.; 8000 Hz.
Early Decay Time (EDT);0,21972512830345295;0,287765348183511;0,3472603272451748;0,40465198952357445;0,41994292536186206;0,39341653884471395;0,39086755849699856;0,3755810233858278
Reverberation Time (T-10);0,2327866396488519;0,29682407724672466;0,3629973526631433;0,40308295265265254;0,4362360087769521;0,4408467607311535;0,4414907556568073;0,41749934642498426
Reverberation Time (T-15);0,23099517877825765;0,29873899904331364;0,3865812812097121;0,42862633266640743;0,4399791419117372;0,43548630884769957;0,4359627281053814;0,4234444243116876
Reverberation Time (T-20);0,24858864334143202;0,3116752787276808;0,38016752498235007;0,4211381180261877;0,43217678881292715;0,4188274960453365;0,41894965017275504;0,4099761950898053
Reverberation Time (T-30);0,2541324047838159;0,3104877601928074;0,39656025022773567;0,4332990319578888;0,44317511231644996;0,4293387480214528;0,43002054796609535;0,4273996091234407
Clarity - 50 ms (C-50);15,738139582213172;13,278095537314636;10,893087764300851;9,806965999754162;9,286613311674138;9,255847585280344;9,22678263851903;9,567740028830428
Definition/Deutlichkeit (D);97,40133118823235;95,51006961077117;92,4716495371581;90,5350140554505;89,45724339762288;89,39024469964322;89,32660538761857;90,05233863109183
Clarity - 80 ms (C-80);23,040850190867324;19,58489861855251;16,3647645288632;14,833202385065977;14,113272527807815;14,053272292780157;13,997464949026767;14,47744971166361
Center Time (TS);8,402792964839012;9,11578093274455;12,495680556797453;14,58009893203179;15,898191040280496;16,653073621311616;16,86147909011381;16,170325280452026
Strength(G);7,503346942262805;6,866430048340316;7,1994468807763;7,402952326952104;7,6195059300790575;8,00628185966491;8,062540109761272;7,990501450943121
Lateral Fraction(LF);3,190051157794482E-08;2,880321157485411E-07;0,00010176612078650665;0,00026906829063288394;0,00028774850629145646;0,00010371009046400248;4,216341196559609E-05;1,3417933640402856E-05
Lateral Efficiency(LE);3,90811528187162E-09;6,524025926881534E-08;2,8397028972576653E-05;8,243830017633917E-05;8,896113248208794E-05;3,007097494403834E-05;1,2324048017448805E-05;3,728251988366756E-06
Receiver 25;63 Hz.;125 Hz.;250 Hz.;500 Hz.;1000 Hz.; 2000 Hz.;4000 Hz.; 8000 Hz.
Early Decay Time (EDT);0,24735531855627446;0,33747809497340964;0,4017325709518033;0,43305721159731775;0,4614053793736614;0,415255111002457;0,4145576267542318;0,43985126051663664
Reverberation Time (T-10);0,25621654226406393;0,29398056767282543;0,4025751449377261;0,4737309355921183;0,5018000760895376;0,4422746918111686;0,4473979089990853;0,5010487341993914
Reverberation Time (T-15);0,24840792172252538;0,3255205227005186;0,44236252840692775;0,5210459343622952;0,5492943136215215;0,46863097913162594;0,48634771884379513;0,54725808658504
Reverberation Time (T-20);0,26772012742323403;0,35627520927845274;0,47469661099262733;0,539262171020988;0,5582101912327931;0,5114248479165876;0,5122148185364794;0,5783820649164748
Reverberation Time (T-30);0,2899192570093851;0,3859232400843189;0,5096488792184093;0,5728213444713178;0,599561071273671;0,5420940326783797;0,5399299340591404;0,6392633279862631
Clarity - 50 ms (C-50);13,978344658218035;11,978752409663663;9,72150837947874;8,825128252480177;8,174181607559065;8,774206276359383;8,607504938592623;7,833424626734579
Definition/Deutlichkeit (D);96,15294730527495;94,03753302755145;90,36504619033354;88,41223818466074;86,78607370370806;88,29157123632832;87,88890134709206;85,86002761904007
Clarity - 80 ms (C-80);20,845713790164876;17,591918444038765;14,200265232996205;12,97792893258632;12,298530086436408;13,266410559439663;13,019498281151465;11,848836369563827
Center Time (TS);10,228943183721464;11,611138115532897;15,69356943194752;18,110634063037736;19,767423849692534;18,14625865623941;18,71558084007137;21,79073135744333
Strength(G);8,252822233446402;7,685232052240625;8,093033079803988;8,284748006874906;8,427509918806209;8,570363284190066;8,71316684478279;9,008873671421902
Lateral Fraction(LF);3,0024346286193185E-08;2,850692584941535E-07;0,00010191545265902874;0,0002806485934900945;0,0002937754514795041;9,629347201914966E-05;3,860536246257408E-05;1,2600926254019317E-05
Lateral Efficiency(LE);5,921723875828519E-09;1,0662341826943227E-07;4,25894527749555E-05;0,00012546818632085918;0,00012968697663997932;3,574343797519083E-05;1,4557567891283431E-05;4,9201063639787915E-06
Receiver 26;63 Hz.;125 Hz.;250 Hz.;500 Hz.;1000 Hz.; 2000 Hz.;4000 Hz.; 8000 Hz.
Early Decay Time (EDT);0,2685199610909671;0,3683298851677502;0,45696420620468137;0,4838767147198454;0,5360873039023216;0,46568333812950835;0,4712116207805782;0,5078644351368549
Reverberation Time (T-10);0,28245053896839667;0,33839925588714653;0,5015119900110626;0,5333835354130364;0,579622227540217;0,4908364736215568;0,5104820006527907;0,5896090105123541
Reverberation Time (T-15);0,27893449031648;0,3756563503788344;0,5223927476904063;0,5782371977150665;0,6192987718490055;0,5460613813062264;0,5551296882019283;0,6249769638993706
Reverberation Time (T-20);0,2919969699892956;0,4047522966472016;0,523872028095905;0,601294767091515;0,6290845679861171;0,5733228553864527;0,5626497607755362;0,647725884816042
Reverberation Time (T-30);0,31485081354831446;0,41276723856113123;0,5475750028922439;0,682790845418202;0,6942931224408918;0,6358535159654429;0,675937599062846;0,7028396631439816
Clarity - 50 ms (C-50);12,4695045347157;9,993520990474378;7,648130970981385;7,113570096621228;6,183568983230741;7,355848959964203;7,253668528214547;6,212479571346434
Definition/Deutlichkeit (D);94,64047316861071;90,8967540675213;85,3340770639109;83,72571694107528;80,59364759199697;84,47162673797638;84,16050043262825;80,69755156624669
Clarity - 80 ms (C-80);19,243845349628902;15,43669912101678;11,82519902818155;11,328942037318313;10,597413618041875;11,939270719489166;11,560987006086565;10,053789435664836
Center Time (TS);12,499287220326611;15,576893617686485;21,94662392174782;23,8876535008239;26,564609763481293;22,465331842776063;22,897227106861923;28,187550257201913
Strength(G);9,090472966614321;8,636763824235317;9,300861062049442;9,424726790967235;9,497870702029125;9,315439216488002;9,469759552599896;10,361361016217153
Lateral Fraction(LF);3,757075227573148E-08;3,685227520830695E-07;0,0001367031604579708;0,00035789102454548955;0,00037930914236050846;0,00011474948016556784;4,579556478433481E-05;1,6196920077201475E-05
Lateral Efficiency(LE);9,16178814544005E-09;1,7555474032396823E-07;7,133955046071221E-05;0,0001906174096117226;0,00020598026196418556;5,541257265525045E-05;2,1606474687186767E-05;7,80460642642264E-06
Receiver 27;63 Hz.;125 Hz.;250 Hz.;500 Hz.;1000 Hz.; 2000 Hz.;4000 Hz.; 8000 Hz.
Early Decay Time (EDT);0,2724561640524495;0,36799039491828617;0,4674979024488237;0,5122287700285232;0,5322819205017877;0,45773979154665556;0,4796256874255237;0,5434932554370893
Reverberation Time (T-10);0,30693842576864866;0,3900399457763814;0,5378258117987527;0,5882387767416692;0,6587185704959111;0,5610524804579954;0,5668299864680083;0,6236301854862859
Reverberation Time (T-15);0,2960327442795369;0,4125184624877862;0,5644753369020779;0,6285651817146403;0,6957778270201502;0,6176449326847269;0,6263596253814488;0,65946568873267
Reverberation Time (T-20);0,31349684708190295;0,42478417849258604;0,5720505324736227;0,7070219138615077;0,7432552691009364;0,6809903848682114;0,6750128561671338;0,7004987024080248
Reverberation Time (T-30);0,3324642362573667;0,44163073949865933;0,5986774600422536;0,7720312245900339;0,8719993717737166;0,7531044673011174;0,8008006365416148;0,7642523124811028
Clarity - 50 ms (C-50);11,562105096435305;9,318109675567737;7,058357569804726;6,370262428182166;5,84121089607975;7,236342665661403;6,906180960225924;5,414028144628022
Definition/Deutlichkeit (D);93,47992072835852;89,53483176376449;83,64657030581702;81,3228099849848;79,33091037194484;84,14314266933052;83,07544353534702;77,74176920149198
Clarity - 80 ms (C-80);18,203801422912505;14,206721655156366;10,89600406995319;10,45075671705222;10,094850255546818;11,393538808616503;11,028999714729647;9,226648869330958
Center Time (TS);14,661367909908828;17,97907784855011;25,738803709615116;27,890539181020753;30,161520254992116;24,642030272554116;25,57862812468813;32,61878883191453
Strength(G);9,8363644704617;9,557594517289125;10,340640690100408;10,430062412101002;10,385323715054213;9,896459899909487;10,05893161692508;11,483892206141483
Lateral Fraction(LF);4,3203070028566016E-08;4,62967658351559E-07;0,00017664964680517414;0,0004415391220781493;0,0004931120329310429;0,00013484885826563472;5,409602372310794E-05;1,9886449251379325E-05
Lateral Efficiency(LE);1,2103375036564907E-08;2,1203476061841744E-07;8,730056465802092E-05;0,00023097609715642327;0,0002561506832470396;6,211261963763995E-05;2,4357007061886206E-05;1,0132697192945956E-05
Receiver 28;63 Hz.;125 Hz.;250 Hz.;500 Hz.;1000 Hz.; 2000 Hz.;4000 Hz.; 8000 Hz.
Early Decay Time (EDT);0,26879727270733295;0,3716700678852049;0,46957499943878594;0,5221840238068141;0,5834290136767407;0,46951480517461497;0,49037518552182335;0,5700785665779192
Reverberation Time (T-10);0,3156099431854995;0,40169108213670546;0,5330151183570613;0,6204493305188986;0,6969795132836594;0,591141915904678;0,6094215414410571;0,6498403849643528
Reverberation Time (T-15);0,30421473580947217;0,4142465998417273;0,573154884061955;0,6532580367217785;0,7388126058286056;0,6624829687151826;0,6623838744391888;0,6897808565072222
Reverberation Time (T-20);0,3207375465771114;0,4240459277506661;0,592082175472045;0,7215407454510707;0,770958564881524;0,703503178398507;0,7165745933994789;0,7328485599937724
Reverberation Time (T-30);0,3432711729348724;0,44546236902705333;0,6300950351728634;0,7923836824593303;0,8854411768217123;0,7687867876864831;0,806732162608192;0,787213144777265
Clarity - 50 ms (C-50);11,529746504860377;9,095040652018962;7,076099109828248;6,213978398505495;5,712480665969122;7,1111454621196;6,75653075920823;5,144445018041903
Definition/Deutlichkeit (D);93,43983975658358;89,0508082840771;83,6159682247236;80,70809110843075;78,84065740576546;83,71810834587625;82,58876689539407;76,67492475150016
Clarity - 80 ms (C-80);18,00075542747249;13,843567926128275;11,099933302113037;9,826344340967095;9,175373864236992;11,009181155154886;10,65137092744122;8,858202184403693
Center Time (TS);14,50986941830547;19,337973416467477;26,058160228332433;29,4523201858369;31,459051290216497;25,64162400450253;26,81823392592365;33,93728066183996
Strength(G);9,768609861013132;9,682886982036056;10,545635584888778;10,679496388453643;10,653651642155012;9,893372801784864;10,064001680276753;11,31171627218987
Lateral Fraction(LF);4,463638793580254E-08;5,18223537633855E-07;0,00018530861840077213;0,0004798954026296887;0,0004895198501705478;0,00013796141084249688;5,798048061238789E-05;1,9237141027350292E-05
Lateral Efficiency(LE);1,1073411545722904E-08;2,222008001513484E-07;8,538720112427858E-05;0,00023400710388928544;0,00022073813484764076;5,713658044231815E-05;2,4313010383842114E-05;9,572883043400025E-06
Receiver 29;63 Hz.;125 Hz.;250 Hz.;500 Hz.;1000 Hz.; 2000 Hz.;4000 Hz.; 8000 Hz.
Early Decay Time (EDT);0,2605620255513563;0,35738797645824977;0,4412564280101461;0,49626959066952464;0,5469027139559955;0,4363466600946824;0,4589259837091194;0,5130763660024773
Reverberation Time (T-10);0,28844768981131413;0,37131325595633435;0,5136635145753761;0,5859614228099366;0,6372360959548412;0,5280394730556458;0,555614827560003;0,5907360417509079
Reverberation Time (T-15);0,2897397598356317;0,39725956088638587;0,53583827702218;0,5940632651956808;0,6514149580246849;0,5599943184197436;0,5602574274752178;0,6364127720559374
Reverberation Time (T-20);0,30529587157824145;0,39834943098036685;0,5475025709074387;0,641659599372739;0,6470143216151416;0,6219473146050686;0,5825811167219768;0,6823623506348057
Reverberation Time (T-30);0,3188144863907228;0,41762116196012333;0,5874645614848834;0,708170781998539;0,7405467473599343;0,6686379629864031;0,6762935971016755;0,7492201402081294
Clarity - 50 ms (C-50);12,62582392499841;10,188501733796752;7,673723715749055;7,021245892534766;6,441799175560197;7,813203794076028;7,440965792869987;6,203592421341981
Definition/Deutlichkeit (D);94,8201379890698;91,26149010733768;85,40767401760947;83,43397394151411;81,5067354860795;85,8034063956711;84,7269732367976;80,66565648549096
Clarity - 80 ms (C-80);19,015032790092544;14,68412656789226;11,617004173165284;10,319321815217876;9,786548496853541;11,72760352025364;11,303472779819277;10,05649309185204
Center Time (TS);12,188017052260033;16,623550781928394;23,626140498200844;25,99108125408296;27,787160551295965;23,11329275660483;23,78020515544704;29,085992607539747
Strength(G);8,499027043794953;8,414163383374849;9,104417498163428;9,314751689670146;9,386293242928502;9,192997880187114;9,08427932261695;9,796850502342288
Lateral Fraction(LF);3,7639082925941256E-08;4,323112677504649E-07;0,00015652394952178977;0,00039546365904560875;0,0004050366460296191;0,00012390173444032975;5,005355282478981E-05;1,6956722242669535E-05
Lateral Efficiency(LE);8,787845466028494E-09;1,7380877206736163E-07;7,229035788867696E-05;0,00018951791480422464;0,0001844446067455651;5,341829166549316E-05;1,981209012246071E-05;7,718916541253888E-06
Receiver 30;63 Hz.;125 Hz.;250 Hz.;500 Hz.;1000 Hz.; 2000 Hz.;4000 Hz.; 8000 Hz.
Early Decay Time (EDT);0,1807983956114627;0,23104699575683382;0,3463488429266667;0,39081684628902363;0,40988017118968456;0,39068698341011177;0,3883561949986547;0,3731660154312561
Reverberation Time (T-10);0,2590005848584491;0,3292459218928944;0,36943224907309985;0,4054364677479098;0,44203785357661857;0,4391768141286795;0,43855609173678245;0,4193376768097912
Reverberation Time (T-15);0,24523638741205797;0,30691303768963624;0,3803614360103804;0,41756265204542264;0,44315992223435124;0,4212942463732975;0,4209479451833046;0,41341614375871255
Reverberation Time (T-20);0,25347424362818477;0,31222456281152045;0,38098141389086226;0,4313751963010311;0,45812283144702104;0,4263000290633618;0,4277039325464049;0,4185819667790788
Reverberation Time (T-30);0,25395079951047034;0,3185511730248906;0,3830544041733224;0,4096654155479415;0,4162987121963681;0,3950278385403076;0,39786728134559246;0,3986174235111739
Clarity - 50 ms (C-50);15,323856518205854;12,834834584558193;10,527343159290648;9,482643903364679;8,967791503434139;8,964404921049754;8,952915631903279;9,296947125863966
Definition/Deutlichkeit (D);97,14864624727049;95,05147896968855;91,86399834833739;89,87542992636841;88,74455740213766;88,73676604972667;88,71029808283866;89,47966353510165
Clarity - 80 ms (C-80);22,62269312662184;19,07504506207704;15,99677937696856;14,58065573242141;13,687725742378134;13,648584415319142;13,649323704590204;14,120563606652496
Center Time (TS);8,556832538124791;9,56043390155229;12,9803324364831;15,081933159442373;16,487000456402612;17,14785755150726;17,273850521600107;16,62703520175022
Strength(G);6,82685679381342;6,047154393059181;6,4948201626360245;6,770829867258499;7,006968503432944;7,396417903137603;7,454903409599467;7,391253423581595
Lateral Fraction(LF);2,79426572553781E-08;3,2690903542943596E-07;0,00012128167347783727;0,0003267273090880903;0,0003395915039438509;0,00011244907062873068;4,517404354506103E-05;1,4171344249793328E-05
Lateral Efficiency(LE);3,3809859662486718E-09;5,8613108538577844E-08;2,6267857342414518E-05;7,669645420926647E-05;8,180852135321836E-05;2,650200747245512E-05;1,0566850123348076E-05;3,210051158113309E-06
Receiver 31;63 Hz.;125 Hz.;250 Hz.;500 Hz.;1000 Hz.; 2000 Hz.;4000 Hz.; 8000 Hz.
Early Decay Time (EDT);0,22668039742456575;0,3412530111337757;0,4418752326826424;0,4872740734290898;0,4818749684124669;0,44318824253506006;0,4423703420507131;0,4747308105307916
Reverberation Time (T-10);0,2977224584735002;0,34171777218570254;0,45361554002096255;0,5281850532178807;0,5230093645995936;0,49889308120975456;0,48357516103088444;0,5142271440378319
Reverberation Time (T-15);0,26212667476644647;0,3576364832835278;0,4754974359987102;0,5298081381068714;0,5866176176635626;0,5162431568110344;0,5136684653553678;0,5543074551520442
Reverberation Time (T-20);0,277545918795382;0,3692555072855805;0,5102940903124596;0,5328371306205658;0,5955151434826856;0,5456141295205481;0,5338715379835125;0,5777577446625914
Reverberation Time (T-30);0,2983267445646773;0,3885654221931154;0,5356375773707547;0,6215055604727238;0,6975737896771271;0,5850365050288621;0,5899182307070019;0,6680590572685353
Clarity - 50 ms (C-50);13,360132655792027;10,768320340436324;8,680647290523495;7,601649015285059;7,360614761392367;7,870976693092602;7,76303049945191;6,9157441468999075
Definition/Deutlichkeit (D);95,59038236020764;92,26919534940421;88,06702824650252;85,19962318854965;84,48601552399239;85,96467825725456;85,66209660975049;83,09547538795545
Clarity - 80 ms (C-80);20,58183343944169;16,635662643926835;13,432229382927668;11,730543202783588;11,789414142746853;12,24959543463109;12,419053078281202;11,193238205664539
Center Time (TS);10,551339798091211;12,844313996409033;17,490487360251418;20,91589604287778;22,023271931446775;20,44766882981295;20,7366059874813;24,277283452026715
Strength(G);7,313338829898125;6,610231247384451;7,079036668859779;7,330457368872494;7,572825855293232;7,746743341097719;7,896288948090245;8,189968994584873
Lateral Fraction(LF);2,628426440836173E-08;2,7234595306732987E-07;9,960988212607603E-05;0,0002643151981956236;0,0002752999144273043;9,305251815812474E-05;3,7528933347660387E-05;1,1868976962295279E-05
Lateral Efficiency(LE);4,6337176367687E-09;7,588464189380476E-08;3,139211200723009E-05;9,634763479121995E-05;9,711838949146585E-05;2,8936984807147915E-05;1,2133858353978885E-05;4,029312154486012E-06
Receiver 32;63 Hz.;125 Hz.;250 Hz.;500 Hz.;1000 Hz.; 2000 Hz.;4000 Hz.; 8000 Hz.
Early Decay Time (EDT);0,2622008420539653;0,39014757520395105;0,47488474401925435;0,5075688570713927;0,5316186276198746;0,4788052992450496;0,4836535642299294;0,5280708603611146
Reverberation Time (T-10);0,30548229298103846;0,3619133915268416;0,5005075189020858;0,5745790042456783;0,5998525866888129;0,5102625775421905;0,5262300954853509;0,6129046841114983
Reverberation Time (T-15);0,2824681015719476;0,3952607240844012;0,5122816307557867;0,594179694054401;0,6625804135800186;0,5453998486687316;0,5597083102137707;0,6418723876628794
Reverberation Time (T-20);0,29693047029403524;0,4071299297279285;0,5376173410236921;0,6166826485548037;0,6631924519661908;0,5757128106968725;0,5759828280684565;0,6740284623544897
Reverberation Time (T-30);0,3179432618066002;0,41206614665866426;0,576834867179466;0,7210402218064356;0,7675696046483288;0,6618277051473057;0,6799236653628801;0,728716830896777
Clarity - 50 ms (C-50);11,590427473377115;8,930063850281725;6,512650425111398;5,717875012454145;5,259375930554152;6,325520349266865;6,139486630562328;5,170923407144528
Definition/Deutlichkeit (D);93,51599764361248;88,65749287392892;81,75137923671723;78,86137080279804;77,04786800655306;81,0997524088652;80,4344002555973;76,68571379052862
Clarity - 80 ms (C-80);19,006947973549735;14,720344098016609;11,207328527822396;10,170894729460434;10,017904689286876;11,300927973856968;10,991466628484936;9,486595740643072
Center Time (TS);13,297737936711627;17,376400590397484;24,586164477424035;28,11161395687735;29,71165568545058;24,79758311361015;25,560799941274453;31,67918592494052
Strength(G);8,262859553217211;7,7755365792436315;8,493737534667474;8,728345880917551;8,884600985329143;8,640965106444227;8,77583431639637;9,73123590585486
Lateral Fraction(LF);3,3350846510891584E-08;3,670393941574464E-07;0,00013146474917556414;0,0003413258349186416;0,00036283418991441577;0,00011209151892973442;4,492258514781964E-05;1,5614430593284027E-05
Lateral Efficiency(LE);7,765140030881357E-09;1,457207487431663E-07;5,934993897561237E-05;0,00016463171427992166;0,00016710316911729473;4,535583376037618E-05;1,81989792645072E-05;6,84119450698614E-06
Receiver 33;63 Hz.;125 Hz.;250 Hz.;500 Hz.;1000 Hz.; 2000 Hz.;4000 Hz.; 8000 Hz.
Early Decay Time (EDT);0,270433895878692;0,38637166841630094;0,5096307582403808;0,5502581813565182;0,5616699196097222;0,48402876944581796;0,513863032904132;0,5817333832856385
Reverberation Time (T-10);0,3098395831811215;0,4144070346334924;0,5488724780527934;0,644478413553428;0,7081372944186881;0,609288414939504;0,6384283194863112;0,6645202886084621
Reverberation Time (T-15);0,3076782907360231;0,4268874164486502;0,5692388792525135;0,6724601180569565;0,7285290597816562;0,6677639837639652;0,6641889812570979;0,6937023529963966
Reverberation Time (T-20);0,31981071373063047;0,4307481539386606;0,5897721320314819;0,7389853431328587;0,7684606169507452;0,7254033148668169;0,7206295197408252;0,7326984051364097
Reverberation Time (T-30);0,3354206677334467;0,4478220375893153;0,6122212896515412;0,778923390388957;0,866372262330368;0,7848225281262854;0,8188776496086788;0,7766443250625809
Clarity - 50 ms (C-50);10,519194406144672;7,962570485603145;5,323621698459382;4,7528610336011585;4,414932385825596;5,699811148846802;5,278315362492161;4,207197278714518
Definition/Deutlichkeit (D);91,85546168494709;86,21721609519454;77,31154626473635;74,920686478294;73,43855089698188;78,7919501791569;77,12489689649145;72,51568220824225
Clarity - 80 ms (C-80);17,387990789875488;13,052697450949115;9,638499979707293;8,873809703980891;8,726809668228018;10,104963700936828;9,695763716091545;8,178873514307407
Center Time (TS);16,456259510239484;22,28517853317111;31,6334481277014;34,996881961284345;36,94329571077219;30,020111431819743;31,46839172724602;38,374365970624105
Strength(G);9,5609842713761;9,422850946151797;10,426098535100557;10,618115632712232;10,843161479405467;9,893895103393291;10,075790918329858;11,752217849061822
Lateral Fraction(LF);4,755321791844877E-08;5,91226167480803E-07;0,00021553234092484014;0,0005367827242514764;0,0005568952020395125;0,00015652829412558756;6,321198576826125E-05;2,337942427373158E-05
Lateral Efficiency(LE);1,3556397358794474E-08;2,473153984929511E-07;0,00010118060853980141;0,0002622898056741351;0,0002762850112956482;6,658224070943442E-05;2,64179388392192E-05;1,1379786918147791E-05
Receiver 34;63 Hz.;125 Hz.;250 Hz.;500 Hz.;1000 Hz.; 2000 Hz.;4000 Hz.; 8000 Hz.
Early Decay Time (EDT);0,2799795414313116;0,38638965002677367;0,491755708853857;0,5481151195704024;0,6040772419965371;0,4829770741023334;0,5041255967525936;0,6067246601692237
Reverberation Time (T-10);0,31480990758328753;0,4194097186820822;0,563707056415795;0,6419251839201544;0,7287713089877318;0,6467136045445331;0,6450831799312375;0,6793566534737682
Reverberation Time (T-15);0,32069614359123666;0,4231455815776113;0,5859815103690343;0,6802133867996235;0,7393384699108002;0,6952382566633211;0,6840227923979838;0,7137448463612661
Reverberation Time (T-20);0,32797320938878977;0,43076316609056436;0,6022316209210793;0,7289377605049194;0,7844433303102771;0,7284593167114316;0,7306123389177127;0,7427425303366485
Reverberation Time (T-30);0,3480168749182737;0,45021440595267526;0,6303370338260776;0,7871893802317892;0,8777058000631024;0,7860796282199071;0,8252600123221256;0,7897665862631389
Clarity - 50 ms (C-50);10,58758708517244;7,847183242793303;5,573330330571178;5,0293139599960135;4,630288100669211;5,969183637778313;5,6167880886989945;4,099017458330232
Definition/Deutlichkeit (D);91,9670757935124;85,89844577879866;78,30121299221327;76,09768149847008;74,38665848553592;79,80990248984632;78,47074635295064;72,03341944351203
Clarity - 80 ms (C-80);16,895268077928854;12,733233718072483;9,643738514078672;8,779062461483145;8,186537817577516;9,890456835677764;9,703657563517995;7,756491413645776
Center Time (TS);16,815457254576486;23,62442394077903;32,50879042902882;35,29093336606988;38,01578750526809;30,859968717969846;31,795915375945395;40,15880704064532
Strength(G);9,630635004302707;9,877271614870672;11,06876828562892;11,504751905826382;11,526498272490159;10,330938943842156;10,537124236477467;12,018229055983298
Lateral Fraction(LF);4,7417328952745656E-08;6,03340738149647E-07;0,0002263555059870422;0,0005722622687862026;0,0005695493816622092;0,00016121969148526641;6,695152844960599E-05;2,2540541405381818E-05
Lateral Efficiency(LE);1,3121696441475285E-08;2,536424093288307E-07;0,0001064552304199858;0,0002641623782936251;0,0002682435804129631;6,633324864259236E-05;2,7354985990849395E-05;1,15219481492378E-05
Receiver 35;63 Hz.;125 Hz.;250 Hz.;500 Hz.;1000 Hz.; 2000 Hz.;4000 Hz.; 8000 Hz.
Early Decay Time (EDT);0,287963930245767;0,3753995852280496;0,45043184473199366;0,5067792286657262;0,5438563066881386;0,44958602506033707;0,4621738646713669;0,5471615303557685
Reverberation Time (T-10);0,2969313859506151;0,3849553119273263;0,5037841322192962;0,5744002807694982;0,658956169474685;0,5322113637442646;0,5360974750624496;0,6337790011150475
Reverberation Time (T-15);0,30076755585083925;0,3956718774959971;0,5380296715535711;0,6046434601008824;0,6617147664795231;0,5686435462287425;0,559640137969943;0,6610798929222447
Reverberation Time (T-20);0,30813493934540703;0,3987220503797888;0,5566974488088722;0,6474435244891713;0,6626220497905851;0,6157676569476258;0,5954803599635095;0,6928972815437693
Reverberation Time (T-30);0,319718497709934;0,4214915456849138;0,6057739507840163;0,7174241664343438;0,7858776298204347;0,7028966988845632;0,7091323361355331;0,7533343222985476
Clarity - 50 ms (C-50);11,703913773050928;9,02660122749693;6,730124867392284;5,958266218353209;5,525553342729465;6,850312548470879;6,536494440203683;5,169378847631152
Definition/Deutlichkeit (D);93,67265585488367;88,87910933276713;82,48658505776429;79,76936505898415;78,1137186083724;82,88278581075636;81,83314334426916;76,6793546541581
Clarity - 80 ms (C-80);18,03611524200524;13,82150384361501;10,824957971903139;9,750839647037694;9,208654734849905;10,974176532843849;10,746441617064136;8,9997159380513
Center Time (TS);13,863776181918523;19,65766536289137;27,042615650273998;30,71071240533958;31,97879880620619;26,234557991344055;26,827239500058017;33,67830616443163
Strength(G);8,0857861019863;8,085141892010618;9,259299667297043;9,466314188791017;9,626644786803922;9,073051657239816;9,025980575767804;9,871632122440353
Lateral Fraction(LF);3,1730468887167596E-08;4,215853853085251E-07;0,0001610861564636262;0,0004026994941037556;0,0004089146955361918;0,0001205894182048369;4,972769213274966E-05;1,5602989964354467E-05
Lateral Efficiency(LE);8,750566179893842E-09;1,714567299079186E-07;6,946697929690374E-05;0,00019024722131405852;0,0001939034881871432;5,015300191750178E-05;1,9697672056671237E-05;7,4095024157617316E-06
