Pachyderm Acoustic Simulation Results
Saved 23.12.2024 01:04:19
Filename:ORASE_FlatCeiling_Rough_Concrete (2).3dm
Source 0;
Receiver 0;63 Hz.;125 Hz.;250 Hz.;500 Hz.;1000 Hz.; 2000 Hz.;4000 Hz.; 8000 Hz.
Early Decay Time (EDT);0,2694134217784829;0,34940703323524797;0,28580221480809803;0,3857969628155271;0,4662669248698356;0,4553941418722576;0,4575935380803359;0,4379323794352465
Reverberation Time (T-10);0,2934490445073797;0,35133849561927133;0,40292856330264365;0,42431989557395117;0,43244071985223465;0,42109258539841626;0,4289394725488225;0,4203569961430819
Reverberation Time (T-15);0,2647281976818552;0,3217150457589779;0,39238742935144444;0,41700993539857584;0,4388659939773415;0,42961978925499356;0,43517688804797755;0,4294196086479664
Reverberation Time (T-20);0,26541211049425584;0,3333665632854843;0,3664019703567615;0,39236112858439864;0,4155439698359306;0,40833831975594836;0,40992500603530174;0,4140278797036505
Reverberation Time (T-30);0,2685267813433917;0,31455442467472516;0,3650094324401984;0,3914336513457057;0,4146678288920861;0,4075642452088943;0,4071687073349287;0,43654680111559957
Clarity - 50 ms (C-50);18,529282045112627;16,989349043333874;14,483670730767052;13,339149502700547;12,86800778745367;12,875586881582063;12,78198267814889;12,929075121509673
Definition/Deutlichkeit (D);98,61636736700507;98,03906031549296;96,56098083968317;95,569971636291;95,08728394281252;95,09542977387791;94,99392267026218;95,15255444832295
Clarity - 80 ms (C-80);24,24138020213769;21,787971434445236;18,76434347604001;17,342080675274243;16,655720744916795;16,739551679879227;16,615848224742322;16,83952634465847
Center Time (TS);4,077757953306923;3,896605427236497;5,802051364599642;6,989003997907127;7,442294891139784;7,592735916394874;7,654760549078502;7,49635951597037
Strength(G);12,319897866855314;12,138867748047591;12,370115540421935;12,504451542181414;12,51388403553645;12,559949941057496;12,556223426591536;12,552752264855052
Lateral Fraction(LF);7,728860836378695E-09;8,245772282584892E-08;3,3904298155629295E-05;9,522464503134693E-05;9,723452093925745E-05;3,152747424146159E-05;1,2597820261564324E-05;3,949950571795909E-06
Lateral Efficiency(LE);3,956826447861398E-09;4,395487451622702E-08;1,9935761136427097E-05;5,8419002868055265E-05;6,102572587938283E-05;1,977924406069593E-05;7,838384918527264E-06;2,4149683283927553E-06
Receiver 1;63 Hz.;125 Hz.;250 Hz.;500 Hz.;1000 Hz.; 2000 Hz.;4000 Hz.; 8000 Hz.
Early Decay Time (EDT);0,30380739140897806;0,2433265540308097;0,2799496620257464;0,33459413035706687;0,3679748001417721;0,3447934732601343;0,34207477970898553;0,4272653631103542
Reverberation Time (T-10);0,3169030055378107;0,31859336973670327;0,38692517638441354;0,41844492136522765;0,4548719750939137;0,4149123477271447;0,43115052253784975;0,5267208897027067
Reverberation Time (T-15);0,3066406960623764;0,3281436690175831;0,4061430848905483;0,44041317296313004;0,487522314958651;0,45271723415279314;0,46997283672745616;0,5774162162620021
Reverberation Time (T-20);0,323204144039;0,34359403980356323;0,4093401466042256;0,44543240291972724;0,5048005431840941;0,45898644274000816;0,4762887362333926;0,6546580674471676
Reverberation Time (T-30);0,34956521995730433;0,3626664684418761;0,44890649792086684;0,513737407437422;0,5947172649142144;0,5475087372427523;0,5697857589082442;0,7726696570063922
Clarity - 50 ms (C-50);17,56411901617916;17,570411897380474;15,589771029032269;14,947897114826212;14,149557369884162;14,632052841240316;14,322231092333087;12,061933492631972
Definition/Deutlichkeit (D);98,27795611756945;98,28040665745064;97,31344494940011;96,89880752837496;96,2961516680085;96,6726510860927;96,43537962444518;94,1440224765455
Clarity - 80 ms (C-80);22,47329622792354;22,356869837949326;19,529638800735558;18,488435044547423;17,389274533071678;18,006728473925747;17,539196933049688;15,190507485510494
Center Time (TS);3,97541468557805;3,5641021853012527;4,896761883133794;5,363704223297532;5,971798077676427;5,732256503596401;5,983461848761237;9,07811588395766
Strength(G);15,68251570277582;15,627413497337614;15,741219304428881;15,722518032979039;15,71873770451684;15,747878829863339;15,765356686784997;16,095414940686034
Lateral Fraction(LF);6,171022702244323E-09;7,196589657896966E-08;2,569645128968523E-05;6,853786984687197E-05;7,041970298517534E-05;2,239416986211054E-05;8,989586885361245E-06;3,251904809405088E-06
Lateral Efficiency(LE);2,531994607677586E-09;2,580382354036395E-08;1,1052907423509726E-05;3,0821101533429446E-05;3,225548469272099E-05;1,0405718661687995E-05;4,171492691381487E-06;1,557648515357046E-06
Receiver 2;63 Hz.;125 Hz.;250 Hz.;500 Hz.;1000 Hz.; 2000 Hz.;4000 Hz.; 8000 Hz.
Early Decay Time (EDT);0,41761422183458957;0,3845996592959125;0,4853863198027435;0,7053777267666023;0,770099324038046;0,9505192275458009;0,563271086196864;0,4277421820458524
Reverberation Time (T-10);0,2922918627678347;0,27211292372336277;0,3803658640384291;0,43282079323944933;0,45498392213436833;0,44107335610386755;0,4667290837411397;0,5824605270229043
Reverberation Time (T-15);0,3324667416780876;0,35296581721979986;0,41034813075414633;0,4642186149671135;0,48769876237568216;0,483372923021874;0,5089657103444034;0,6746362639297923
Reverberation Time (T-20);0,3539468986992568;0,3753932397953168;0,45229337553565857;0,5157192361218992;0,5447226140318704;0,5355807178199753;0,5557350979973691;0,7466789602416962
Reverberation Time (T-30);0,3794375378574411;0,4062135457822053;0,5122878014330059;0,580549288127613;0,6272219041059954;0,6267067759405576;0,6638181200858132;0,8211479130596251
Clarity - 50 ms (C-50);17,924984732286383;18,235043633457412;16,694437587046963;16,162442743842362;15,611590260226432;15,579365333152552;15,224331501225453;12,630902733832741
Definition/Deutlichkeit (D);98,41308245553842;98,52081118013881;97,904163486364;97,6374970296399;97,32654858160457;97,30717379043857;97,08447586969152;94,8258787400127
Clarity - 80 ms (C-80);22,5029430517508;22,668532664279446;20,225220055131892;19,220311274403294;18,780809513670775;18,813546297574952;18,363594970034885;15,181393685978486
Center Time (TS);3,2089740008390217;2,7940006225101093;3,7834031368396825;4,123771713725788;4,460539572075705;4,417588516454944;4,726402939140178;8,101327726022756
Strength(G);19,637618168651787;19,57403932291402;19,652302322668774;19,614592429572227;19,62222781899567;19,620867152426257;19,654951258292236;19,97154975758724
Lateral Fraction(LF);5,321718606478927E-09;5,999947121159559E-08;2,219907759108233E-05;5,6429645572945685E-05;5,666715466949153E-05;1,7589133167060407E-05;7,604052070006747E-06;2,988487581429144E-06
Lateral Efficiency(LE);1,858106319643258E-09;2,085420644869548E-08;8,665685722438146E-06;2,46384915195945E-05;2,5374232254063625E-05;7,93166603965071E-06;3,3128229253822316E-06;1,3248427595384176E-06
Receiver 3;63 Hz.;125 Hz.;250 Hz.;500 Hz.;1000 Hz.; 2000 Hz.;4000 Hz.; 8000 Hz.
Early Decay Time (EDT);0,28539754900228276;0,1975260735723879;0,24576570648011323;0,2680351067125032;0,2904482616758183;0,30768624162640584;0,31834808409110577;0,4979096128872886
Reverberation Time (T-10);0,3318512480197001;0,307522228273178;0,3740687077731915;0,3985001423437773;0,4231442738087119;0,4290658497899144;0,47205967128348614;0,6558182913952839
Reverberation Time (T-15);0,3620380871709289;0,3521577142032785;0,4410554914338298;0,47569681203359276;0,5151132959072828;0,4996143364301479;0,5513073926812592;0,7402590476131928
Reverberation Time (T-20);0,3747399998839872;0,38153673985418685;0,47562860720593414;0,5217222596653166;0,5691934174316542;0,556411063495581;0,6118781236294277;0,7976133763293871
Reverberation Time (T-30);0,39688469034185025;0,4146978795673633;0,5350205791470574;0,6516884130264894;0,6778422740170674;0,6868080238919385;0,7115227026736397;0,8544556920947405
Clarity - 50 ms (C-50);15,412167683145588;16,566943767039437;14,901318903561144;14,658277466684082;14,357579527628658;14,255073396591474;13,4317651063038;10,655857534731405
Definition/Deutlichkeit (D);97,2074139072259;97,84586299742685;96,86842490578718;96,69340123421297;96,46410391300982;96,38290573776979;95,66214380470342;92,09172475483024
Clarity - 80 ms (C-80);20,215040283710003;20,922754887126047;18,454365754739882;17,990534764123883;17,606600955041422;17,758553811919885;16,70524283579929;13,3064905339555
Center Time (TS);5,051439235695399;4,146255057207752;5,455125035975414;5,712599443220294;5,826709839845618;5,902071138097394;6,786768758486594;12,047092910217254
Strength(G);20,065896337310836;19,99241718479583;20,07281026791273;19,978479984970903;19,928836586202763;19,920816678388896;20,04451910856219;20,630445516829226
Lateral Fraction(LF);9,695718292022386E-09;1,0964209203245911E-07;3,908023509174195E-05;9,553606985205672E-05;9,038855615914806E-05;2,9010580815805978E-05;1,267632578160218E-05;5,1889936972341065E-06
Lateral Efficiency(LE);3,405569445386925E-09;3,565564949992046E-08;1,3066312226159562E-05;3,483052958173741E-05;3,23428997804751E-05;1,1108499313992272E-05;4,893459959577276E-06;2,1750271936826935E-06
Receiver 4;63 Hz.;125 Hz.;250 Hz.;500 Hz.;1000 Hz.; 2000 Hz.;4000 Hz.; 8000 Hz.
Early Decay Time (EDT);0,30819399540479636;0,2534264963934499;0,3426752954874623;0,3638012407884747;0,370959412666032;0,37192506579208995;0,4281724687730711;0,6020761878882057
Reverberation Time (T-10);0,36870622100078426;0,3572907042035181;0,4395278402022338;0,46405605836364955;0,5054108384026286;0,4707021572254172;0,5435300620051516;0,7668715740596872
Reverberation Time (T-15);0,3845446596969241;0,3837667872416636;0,48534710265657893;0,5339777583891905;0,573349896772902;0,5536755315743276;0,6246726659921711;0,8134305791560738
Reverberation Time (T-20);0,39688339311702714;0,40540348685521566;0,5185925988457604;0,5914811596104209;0,6396640918067462;0,6191869451623594;0,676174143573733;0,8412100928907739
Reverberation Time (T-30);0,4099009595086894;0,42519885749873637;0,5743276016213271;0,7055232224890506;0,7498105889099066;0,7459483221071366;0,7827866109627021;0,882734236547002
Clarity - 50 ms (C-50);12,493031141441122;13,436164016726774;11,680065067658793;11,352682738848472;10,985480905460964;11,109259245032533;10,253405452845197;7,778670568586126
Definition/Deutlichkeit (D);94,70719041807601;95,68900040842404;93,66921332529597;93,18973109628787;92,63525017956019;92,82008048864041;91,4061982329012;85,82830159008381
Clarity - 80 ms (C-80);17,299794294705666;18,03546792387888;15,571884793892618;15,070342227353862;14,313631203307516;14,752803266593457;13,779576456362282;10,491511190686008
Center Time (TS);9,564252606784878;8,33080336362118;10,697995318167083;11,398021606351206;12,322346230056247;12,022031160159562;13,530711447739328;21,760023684694236
Strength(G);17,127911626624098;17,13696291848144;17,200394466531776;17,192155645033615;17,26518446055791;17,210931003001022;17,325924811364096;18,27555682367018
Lateral Fraction(LF);1,9264703995673262E-08;2,2736593391980448E-07;8,178588846143838E-05;0,00020868845443192227;0,00020439959357422037;6,554760962642316E-05;2,6965207467653087E-05;1,0551490598806057E-05
Lateral Efficiency(LE);7,262943220869916E-09;7,771730167787602E-08;2,9590178279256005E-05;7,392295819779647E-05;7,895677301030604E-05;2,4150763701966166E-05;1,0717660073385584E-05;4,532013342707806E-06
Receiver 5;63 Hz.;125 Hz.;250 Hz.;500 Hz.;1000 Hz.; 2000 Hz.;4000 Hz.; 8000 Hz.
Early Decay Time (EDT);0,32775654792731096;0,3037884616791995;0,3787746099477598;0,4133215459697156;0,4046295344581062;0,3836688817732548;0,42398213147488517;0,579782648668413
Reverberation Time (T-10);0,3546736109971348;0,3494698385095914;0,41898938806167035;0,4491894363176156;0,488837833856086;0,46477190773751553;0,48723681983314493;0,7217485021388645
Reverberation Time (T-15);0,3664107663065616;0,36434127676753225;0,45414324497212555;0,5010149618708146;0,5457656153354202;0,5385393544843822;0,5738105487512773;0,7782822849733498
Reverberation Time (T-20);0,38437224686853777;0,3837559128653415;0,5014602515351092;0,5686837008750449;0,6063662637705783;0,5897855240742299;0,6334037277220111;0,8159604399437997
Reverberation Time (T-30);0,40117524004120764;0,41650921019653003;0,56004728679636;0,672830400461869;0,7186228362383693;0,720525943531149;0,7539061444611773;0,8591729157561149
Clarity - 50 ms (C-50);12,297273411760424;12,718025559353883;11,0048384318409;10,404102133182672;10,001987932045957;10,612307918678995;9,92289836412348;7,3656630144457536
Definition/Deutlichkeit (D);94,44758801670724;94,94700507176746;92,66432527986802;91,65334752088432;90,91720602316701;92,01083442540823;90,7714899965208;84,59590965704751
Clarity - 80 ms (C-80);17,36284843280573;17,76939865831674;15,208585430509098;14,55470362535679;13,745057917498553;14,296368258260049;13,669769609983383;10,31640564467728
Center Time (TS);10,296610650239321;9,83340223802202;12,662890985311433;13,766769911391597;15,026168552244226;13,763664947255833;15,625538789390982;23,536582534597283
Strength(G);13,850811813577508;13,95319667668577;14,20459254692532;14,269387426661375;14,457356264667396;14,320551930563767;14,514679172070352;15,152876848097932
Lateral Fraction(LF);2,035684406086671E-08;2,608107760537871E-07;9,299904926252552E-05;0,00023599162329506352;0,0002573678081160385;7,731829918331981E-05;3,266359660062972E-05;1,169691043331738E-05
Lateral Efficiency(LE);8,458109927584524E-09;1,0572701067138378E-07;4,13879177186009E-05;0,0001054033629708986;0,00011372750484965276;3,2135679058085075E-05;1,5728138337495965E-05;5,403573374038693E-06
Receiver 6;63 Hz.;125 Hz.;250 Hz.;500 Hz.;1000 Hz.; 2000 Hz.;4000 Hz.; 8000 Hz.
Early Decay Time (EDT);0,25850322145992355;0,7442431967072406;0,49624854781071237;0,5215127915674445;0,5306743462704407;0,5198067409985792;0,5272241722061413;0,5039847506737001
Reverberation Time (T-10);0,29292468636814156;0,36976018089438517;0,4282438059564351;0,45457869329358896;0,4845416220392919;0,47426837789842063;0,4834099874886493;0,4716073631270663
Reverberation Time (T-15);0,27573401371152567;0,36017753598970503;0,4223112671042556;0,4471734868526071;0,4627899398573147;0,4550969312426323;0,46269815534714004;0,4487353757604001
Reverberation Time (T-20);0,27943714683708143;0,35575547395437995;0,39473925121930725;0,42613345915512896;0,4441719283718802;0,4404281897159103;0,44271171398611975;0,4360771570122529
Reverberation Time (T-30);0,28013757506481607;0,3323809341610065;0,3736540501280906;0,3942953399291687;0,41940767267214446;0,4104208598339278;0,41354164808218585;0,4372249274719229
Clarity - 50 ms (C-50);16,87506498659918;15,702500018461965;13,175842509435034;12,002103395031316;11,572818603733195;11,557498691766668;11,478945766192911;11,513334227714264
Definition/Deutlichkeit (D);97,9878255884937;97,38047888148274;95,40801350098762;94,06760901992675;93,49136888111092;93,46987081075257;93,3585983441397;93,40752570167719
Clarity - 80 ms (C-80);23,51580646289387;20,944750873981313;17,81517032579181;16,394786490959568;15,73731072951826;15,818865510249942;15,642149130022968;15,844989662562101
Center Time (TS);4,707921521278346;4,3541524697289535;6,705161738261774;8,200781146754958;8,785531270310576;8,906458479729878;8,990596086466159;8,94585647980092
Strength(G);10,87016389999421;10,561531596609846;10,837185689104274;10,983837427941168;11,031872001963087;11,063213671059138;11,051616706781978;11,075641566682897
Lateral Fraction(LF);8,326112124315238E-09;8,429736350325213E-08;3,581931442787447E-05;0,00010432967199037201;0,00010798287871140923;3,514931210910036E-05;1,4089699397789556E-05;4,41919672929525E-06
Lateral Efficiency(LE);4,985394607302979E-09;5,0861272327074535E-08;2,2945894488738566E-05;6,731702586109413E-05;7,007383253477597E-05;2,274376857543603E-05;8,993850206072074E-06;2,8401440520342937E-06
Receiver 7;63 Hz.;125 Hz.;250 Hz.;500 Hz.;1000 Hz.; 2000 Hz.;4000 Hz.; 8000 Hz.
Early Decay Time (EDT);0,3630709103285581;0,39933937507788764;0,42773401815119666;0,545337986576557;0,49837842273907146;0,5322849815045909;0,6023808626663469;0,6288522354876578
Reverberation Time (T-10);0,3358650956285783;0,3678230001598621;0,44715984426491756;0,49090052387463107;0,49358251146852516;0,5238869223345654;0,5284956896640923;0,6021000438371032
Reverberation Time (T-15);0,3365525260248298;0,3766049448940805;0,45471623686801027;0,4748068075850701;0,4793346171550601;0,5094198948496419;0,4936313762613232;0,6319838378102619
Reverberation Time (T-20);0,34154661943548503;0,36356998443430877;0,4411057544434038;0,46600305067036957;0,4913161221065119;0,5193395999617136;0,49917462767970067;0,7029190747589392
Reverberation Time (T-30);0,3647699325626169;0,3742448247361199;0,47884463754725837;0,5291034593391324;0,563859249791913;0,5747264202879022;0,65616358332689;0,7909271630583627
Clarity - 50 ms (C-50);15,122256233097604;15,619075054780511;13,318521091230146;12,622142529715678;12,265260223111827;12,012410077816163;11,684864381585738;9,881501657253777
Definition/Deutlichkeit (D);97,01720680567756;97,33102927265385;95,54981817363543;94,81597301866547;94,39685936604837;94,08083872956551;93,64660853022066;90,68106181292414
Clarity - 80 ms (C-80);20,049206782762063;20,304484252534746;17,148920117940836;16,333540553798397;15,855307701866383;15,480094231226914;15,415767770534421;13,173717373562742
Center Time (TS);6,050402720832251;4,910375057530381;6,881118881910924;7,661600819868737;8,33355821015669;8,440895442246587;8,806549041141077;13,061282700219483
Strength(G);13,128042987496784;12,886862342469023;13,032461443139155;12,979939157863257;13,077074951498979;13,046025294732218;13,067369188680665;13,47076524274005
Lateral Fraction(LF);9,456836808596121E-09;9,054142254603846E-08;3,486478965426054E-05;8,644533272622712E-05;9,91183938727594E-05;2,9931100374520607E-05;1,1972260641217903E-05;4,594000114221165E-06
Lateral Efficiency(LE);4,843016446940872E-09;4,710971472376815E-08;1,943096197399747E-05;5,78805106693256E-05;5,9378143173745944E-05;1,8527937840498322E-05;7,909873832753046E-06;2,878563604492815E-06
Receiver 8;63 Hz.;125 Hz.;250 Hz.;500 Hz.;1000 Hz.; 2000 Hz.;4000 Hz.; 8000 Hz.
Early Decay Time (EDT);0,34956713384614996;0,38075850452155463;0,41971290645817344;0,5443323465481651;0,5368980924333174;0,5903517388389367;0,6041215461228457;0,6187719299329604
Reverberation Time (T-10);0,3606029075607121;0,3854145677979161;0,47855762733628415;0,50883983927033;0,5084787471216831;0,5484514793951459;0,5594666761046676;0,6749049636385266
Reverberation Time (T-15);0,368859999756037;0,3907708271399364;0,490539659952811;0,521051180828279;0,5430725686980575;0,5579696871747607;0,5675267563831242;0,748795261939534
Reverberation Time (T-20);0,37729721735045074;0,39633053364527826;0,503896024382421;0,5463264870249047;0,5913012222278339;0,5903477158207355;0,6130935614569899;0,8033783856155741
Reverberation Time (T-30);0,39156937884058773;0,420107504178972;0,5437152594006095;0,6260066464270959;0,6624826009398856;0,6809068753462545;0,7128914746863622;0,8426849194302801
Clarity - 50 ms (C-50);13,317720216468318;14,055262863572286;12,264690314669673;11,704872372045863;11,25722724785951;11,143103510268116;10,654142483482541;8,631929140177157
Definition/Deutlichkeit (D);95,54903397804362;96,21792865620436;94,39616524510284;93,67396396734837;93,03496245367943;92,86274572315291;92,07956539689842;87,94863623842558
Clarity - 80 ms (C-80);18,339928545246046;18,712309911318222;16,03238430938338;15,188145756078367;15,126751523753052;14,903509943268103;14,360675673879292;11,634257027764182
Center Time (TS);7,655267565234093;6,3175739399222905;8,27920098349258;9,338008199031506;9,901515267235663;9,799397850290102;10,679028945706419;17,433247002333175
Strength(G);15,059569756996897;14,797817095212693;14,902768495781565;14,8579306779449;14,905680113016658;14,81115497817045;14,939410234362512;15,653389742863382
Lateral Fraction(LF);1,2231403712913405E-08;1,1805842369337235E-07;4,300364123984284E-05;0,00011202305074080902;0,00011278265180633124;3,3542795225293356E-05;1,4695446090199374E-05;5,978303629260096E-06
Lateral Efficiency(LE);5,6789278227686965E-09;5,7347429020068115E-08;2,212531137398173E-05;6,597025263682881E-05;6,678712133289026E-05;2,1353764546341184E-05;9,098436953099029E-06;3,4936299608468938E-06
Receiver 9;63 Hz.;125 Hz.;250 Hz.;500 Hz.;1000 Hz.; 2000 Hz.;4000 Hz.; 8000 Hz.
Early Decay Time (EDT);0,35461091228158786;0,3500285003555133;0,43961361867371346;0,47486710987103775;0,486290405743166;0,49438694249918885;0,5468281541705637;0,6499294497711061
Reverberation Time (T-10);0,36639821199368794;0,37259489001286666;0,4544154033033497;0,4829515446612694;0,508501998661116;0,5001890406750112;0,5693050677338168;0,7376364772013219
Reverberation Time (T-15);0,3797855466096324;0,3835779100166404;0,4781241858129428;0,5246884515436944;0,5645066875774435;0,5545402340672381;0,6281393532691196;0,7998480354261724
Reverberation Time (T-20);0,391972453236386;0,39465384751014115;0,5062203388443898;0,5762618642797782;0,623907120142772;0,6047986689028864;0,6451454509772967;0,8367527529018883
Reverberation Time (T-30);0,4058943344562332;0,41678689339539915;0,5586631931649721;0,7032666720099463;0,7327537779910019;0,7283520960369319;0,7264173701381024;0,8754539429181856
Clarity - 50 ms (C-50);11,926848911503358;13,095397243966083;11,543816844659542;11,230371280052085;10,86279097794093;10,781053502981358;9,853338666914787;7,297753995552351
Definition/Deutlichkeit (D);93,9852889352494;95,33397531793513;93,4646835488316;93,00439395120871;92,4278755917919;92,29461686891808;90,63522151606277;84,3328750149548
Clarity - 80 ms (C-80);16,90586559419743;17,696879363832544;15,264648802254355;14,774432763803942;14,28598427139152;14,478905677126324;13,406870869952803;10,271519010333783
Center Time (TS);10,446843483493554;8,27526794543755;10,30238077977207;10,991166971670792;11,565233248560572;11,464513499874975;13,062384783693204;22,43360590907761
Strength(G);15,773971015398624;15,42426450539071;15,431998030661283;15,31326494177896;15,31325611472505;15,339757102744557;15,45508278228371;16,555143656419894
Lateral Fraction(LF);1,9514616926349026E-08;1,993505506600713E-07;6,76162899691644E-05;0,00016469162353571957;0,0001661558688556573;5,337174466247582E-05;2,120829333072089E-05;9,268571450708081E-06
Lateral Efficiency(LE);8,14541624773982E-09;8,804487517412267E-08;3,12901937627948E-05;8,322412245483558E-05;7,97025985593085E-05;2,5495563717399284E-05;1,1451970195566405E-05;4,869357777290562E-06
Receiver 10;63 Hz.;125 Hz.;250 Hz.;500 Hz.;1000 Hz.; 2000 Hz.;4000 Hz.; 8000 Hz.
Early Decay Time (EDT);0,3491115449414148;0,3429762609612393;0,42366393619665776;0,44011220757937575;0,45637132401091673;0,45902403282400567;0,4982975328484903;0,6565831206750198
Reverberation Time (T-10);0,3674607661130729;0,389620293036051;0,4707948653349287;0,4927371751209975;0,5561833253201002;0,5226273026073398;0,6070416433894995;0,7772884208019635
Reverberation Time (T-15);0,3864574209392634;0,40888518450078454;0,5007204171645665;0,5442584604627836;0,5931891440188006;0,5831925761761425;0,6604974161119457;0,8222245865137198
Reverberation Time (T-20);0,3986973141803087;0,41923545539465007;0,5293678135481236;0,6016311043198422;0,6538486448816819;0,6324593662259794;0,6988788922369973;0,8455244718204658
Reverberation Time (T-30);0,41409639843137697;0,4332374670520747;0,5807047152539456;0,7368341703606381;0,7808718721702086;0,7796205213014388;0,7938308852763538;0,8864535514169061
Clarity - 50 ms (C-50);11,218912437530335;12,026830152940775;10,226249486152545;10,034741580136279;9,620103654915265;9,697321422649424;9,021095984507868;6,385302335939609
Definition/Deutlichkeit (D);92,99547774338126;94,13518913803502;91,36543974470898;90,9928770411639;90,17043139445505;90,32681255813466;88,89340596981717;81,38689794712072
Clarity - 80 ms (C-80);15,970893577824546;16,4850552040265;14,08251139455941;13,76819738673266;13,021294943979132;13,290114105680967;12,369231412557609;9,237176639529972
Center Time (TS);12,713466356456832;10,381242271303632;13,686596501768994;14,487171375149627;15,258276120990573;14,897606497638616;16,778524027090928;27,585003653677543
Strength(G);14,946337195673287;14,519978291216326;14,624873684994618;14,612501098629565;14,727809819518896;14,671197488207312;14,83307969708887;16,043677004088536
Lateral Fraction(LF);2,6099919186296816E-08;2,755123259913321E-07;0,00010092497264100651;0,0002597588119474745;0,0002464852560752701;7,750575062692274E-05;3,255887821701116E-05;1,2851789237076161E-05
Lateral Efficiency(LE);1,0657554011866067E-08;1,121912347816533E-07;4,319358605287413E-05;0,00011159381983370971;0,00011078136015965738;3,447436364008051E-05;1,4625433204327279E-05;6,46842292138271E-06
Receiver 11;63 Hz.;125 Hz.;250 Hz.;500 Hz.;1000 Hz.; 2000 Hz.;4000 Hz.; 8000 Hz.
Early Decay Time (EDT);0,3522015168828218;0,35643959258148883;0,41847113109679057;0,45110908442264475;0,479620647105405;0,4309341198931402;0,46129995016430975;0,6287337893441255
Reverberation Time (T-10);0,3593388501804243;0,37426169276789045;0,44819016973285686;0,47128993354630816;0,5238395899267074;0,5065486708985151;0,5266908792864868;0,7371758985323447
Reverberation Time (T-15);0,37382682212976853;0,39039580870952495;0,47046425863322683;0,5147182778755317;0,5812918290117972;0,5342898173190171;0,6008383205723573;0,7791546418893864
Reverberation Time (T-20);0,38398714401407835;0,403138217303985;0,49929359285883257;0,5726043037735602;0,6103911989809984;0,5737676685161187;0,6456535837677246;0,8178877981400939
Reverberation Time (T-30);0,4018014497867913;0,42239546514687565;0,5645276373802145;0,693420339460053;0,715050500118141;0,7297465925884612;0,750893091332009;0,8644967626962529
Clarity - 50 ms (C-50);11,433892331135487;11,961959151584114;10,113434255461843;9,462032726868273;8,98721027929722;9,77937854354918;9,041686264289666;6,515835961410125
Definition/Deutlichkeit (D);93,30772384175836;94,03085598779522;91,13858270088386;89,8353880605986;88,79387831100503;90,48620591298916;88,92031685691633;81,7863309194761
Clarity - 80 ms (C-80);16,6222369685565;16,975397838087403;14,502134632995691;13,885214397636625;12,895880700156226;13,417171594786609;12,971878733758855;9,594889432341036
Center Time (TS);11,910552867911901;10,646482903195771;14,086013255291645;15,440163039709951;16,786017162371195;15,412715324098565;17,12474987721503;26,677338860854018
Strength(G);12,477314866260436;12,201560895273783;12,577559400770873;12,761645248324925;12,738698502420327;12,76923614032664;13,021862723787706;13,644434443550757
Lateral Fraction(LF);2,2479833896872386E-08;2,6723488866731774E-07;0,0001053340508471354;0,0002674333132755982;0,0002543508766102043;8,393978997424891E-05;3,5445660110612144E-05;1,2277948481662603E-05
Lateral Efficiency(LE);1,001606073164741E-08;1,3550711235321124E-07;5,1128339460076594E-05;0,00013592545328878111;0,00013886931967497932;4,178364652354231E-05;1,8112415818887286E-05;6,705103639997708E-06
Receiver 12;63 Hz.;125 Hz.;250 Hz.;500 Hz.;1000 Hz.; 2000 Hz.;4000 Hz.; 8000 Hz.
Early Decay Time (EDT);0,36246269177098017;0,47271725382871477;0,4565781029414329;0,4786944309819032;0,4375560025754725;0,4313858354969838;0,4301645931715839;0,4391132899664462
Reverberation Time (T-10);0,26425221446743397;0,35057133506123545;0,4553612693733042;0,49695629106834527;0,5153113565876544;0,5115280065910833;0,5062816147402294;0,502302066144164
Reverberation Time (T-15);0,283989873696327;0,38386745721760146;0,43171401483575716;0,46176446534286153;0,4838351018913609;0,47692451636602046;0,4800800753472604;0,47077460128718596
Reverberation Time (T-20);0,2850839204150513;0,361780658975531;0,43347655727517587;0,4615668681398852;0,48059478601405664;0,4743514515715306;0,47703585639219265;0,47175335242062966
Reverberation Time (T-30);0,29870769458609975;0,353353144063071;0,39466252130199747;0,3830257108453936;0,4013615095251634;0,39756900124857286;0,395636421182291;0,43074623877750146
Clarity - 50 ms (C-50);15,887157052898587;14,599439255893895;11,98117996774528;10,767703031065574;10,339055343038112;10,268307568125659;10,219000381863284;10,362233227285792
Definition/Deutlichkeit (D);97,48678274513078;96,64841073001689;94,04066635389546;92,2681813771215;91,53402421635744;91,4069297013106;91,31733234792834;91,5752896508644
Clarity - 80 ms (C-80);22,97133625395484;20,236147117102078;17,04674886013041;15,587612491336;14,960396718062892;14,887934278835171;14,862148049188734;15,00250615644269
Center Time (TS);5,512092517263736;5,1831777206350145;8,186546393805795;10,112898323966265;10,970036320550937;11,10973942238891;11,17783460362517;10,975192941094354
Strength(G);9,31585431001675;8,982133954356176;9,314748203557578;9,519444734358274;9,587990498923283;9,626339042980938;9,61519336921954;9,581204648598877
Lateral Fraction(LF);1,2602062758378308E-08;1,2310163021703416E-07;5,308859357080952E-05;0,00015236552553907285;0,00015848701753361162;5,086640915951128E-05;2,026433614662119E-05;6,383387751995855E-06
Lateral Efficiency(LE);4,318968588918466E-09;4,9052658434787504E-08;2,3825588929606864E-05;7,130555193191155E-05;7,7840565821068E-05;2,4459931552385605E-05;9,84450453670052E-06;3,009467365224038E-06
Receiver 13;63 Hz.;125 Hz.;250 Hz.;500 Hz.;1000 Hz.; 2000 Hz.;4000 Hz.; 8000 Hz.
Early Decay Time (EDT);0,36096421774285;0,3884587953494696;0,5278313949294222;0,5028450380788673;0,5501543431653324;0,5499882244265508;0,5253478186568182;0,5960619759689708
Reverberation Time (T-10);0,34162578847730624;0,3541810860395193;0,4558083627120762;0,46866072274778275;0,4979205012039434;0,5012383099201095;0,5049016468555851;0,5904532900525459
Reverberation Time (T-15);0,3482478566599278;0,3618638548877747;0,4203723305321327;0,4446067104894104;0,46479726963480333;0,4802022479153889;0,4882614069362849;0,6287648257277965
Reverberation Time (T-20);0,34997213054095033;0,353756990245481;0,43717576072460046;0,4635777285078656;0,4763376814045538;0,4932714036188384;0,5079601841680278;0,7120283994421801
Reverberation Time (T-30);0,3693670952944668;0,3796739604832202;0,4705706142665388;0,5555414772894325;0,5339426828854305;0,5547393089564292;0,5696460637205241;0,7912907825375629
Clarity - 50 ms (C-50);13,152494666853237;14,088025365446706;11,424015499914068;11,014697729018206;10,30951748813836;10,249972741741802;10,189614329268968;8,457099847050275
Definition/Deutlichkeit (D);95,38440283008043;96,2452854271392;93,27974431404587;92,66428255901434;91,48116982176298;91,37371126509414;91,26353293630389;87,51540339439612
Clarity - 80 ms (C-80);18,475802146341426;19,17013426275705;16,399108902998965;15,511809822714284;14,69284351515489;14,751122456747975;14,552430108347034;11,812938034759327
Center Time (TS);8,385916097210739;6,58244339818971;9,644159338051173;10,508707265197934;11,298583456898596;11,616877292274516;11,681221445494414;17,5578469938382
Strength(G);11,025948546969673;10,660481935116135;10,760467870369524;10,857454177580344;10,851483533375621;10,851840406071602;10,95441405926573;11,415930052444615
Lateral Fraction(LF);1,4718500882730787E-08;1,403707242696149E-07;5,449352974630022E-05;0,00014077179528141777;0,00014816922989110571;4,930003815447424E-05;1,8473441477601937E-05;6,871463608986986E-06
Lateral Efficiency(LE);6,449527020891938E-09;7,390537976603799E-08;3,564902868182891E-05;9,095149494882519E-05;9,793069337087274E-05;3,320909471962719E-05;1,1889175179772892E-05;4,341776735651736E-06
Receiver 14;63 Hz.;125 Hz.;250 Hz.;500 Hz.;1000 Hz.; 2000 Hz.;4000 Hz.; 8000 Hz.
Early Decay Time (EDT);0,38031705553119993;0,417751322217534;0,5134266821198865;0,5941640993128928;0,605950496338093;0,6153880941665647;0,6061115742811104;0,7021712451370556
Reverberation Time (T-10);0,37549803875880894;0,40054587029355193;0,4995041844378606;0,5639973618483437;0,5770558502534163;0,5762484607966138;0,5908406889025247;0,7716661600290051
Reverberation Time (T-15);0,3843708047194335;0,4159491825031961;0,5119068214941684;0,5698317883413069;0,612617276941475;0,6088109831867302;0,6147416057679608;0,8150907383533993
Reverberation Time (T-20);0,39177530009405703;0,4171671875824046;0,5372476521481748;0,6045236225029142;0,6526375816361659;0,6461660810404367;0,666618610412517;0,8424205674802244
Reverberation Time (T-30);0,4016880735920541;0,42719745902877915;0,5733778734955247;0,6689382234823716;0,701993728851324;0,7196254441566028;0,7555733674203355;0,8628593134258539
Clarity - 50 ms (C-50);10,919382926264882;11,69638295943753;9,765742748522;8,8353922799227;8,518775305388838;8,681823789722129;8,138646343633834;6,177371134015518
Definition/Deutlichkeit (D);92,51369152896439;93,66237046440138;90,45336232162128;88,43642903588949;87,6697411532033;88,06987483370565;86,69195760884418;80,57131747476622
Clarity - 80 ms (C-80);15,853319603419395;16,104462955797256;13,493957512879302;12,425824505194507;12,148782245769183;12,092443400304361;11,456882965395042;9,008503596558528
Center Time (TS);12,49069829292613;10,514245175921305;14,059862308143629;15,861077017321607;16,67457534572983;16,308393404796643;18,033578476125363;27,864083239831576
Strength(G);12,543557889966682;12,080614014388644;12,167570235601794;12,188365637154277;12,206677282571583;12,107840367911237;12,398572151974093;13,394625721310142
Lateral Fraction(LF);2,2278772653670027E-08;2,1198606018841632E-07;7,994639095117834E-05;0,00019117871914148024;0,00019716786141500857;6,02337281798117E-05;2,5959599254374082E-05;1,0126448155266438E-05
Lateral Efficiency(LE);1,0368525255526879E-08;1,2467700831669932E-07;4,84916122514691E-05;0,00012937812737502368;0,00013581411820757543;4,2577287290714034E-05;1,718550396199969E-05;6,557921384763283E-06
Receiver 15;63 Hz.;125 Hz.;250 Hz.;500 Hz.;1000 Hz.; 2000 Hz.;4000 Hz.; 8000 Hz.
Early Decay Time (EDT);0,39485733290497144;0,39774783644963463;0,4794399003787889;0,4990265423458601;0,5423184681100724;0,4797228751600643;0,58062644635645;0,7600689757256207
Reverberation Time (T-10);0,39822411353973447;0,3739684606416301;0,5310359207826342;0,6067453800734041;0,6613450483909311;0,579667301657546;0,6778317368300543;0,8243168633849243
Reverberation Time (T-15);0,4098344382054721;0,40900878490441334;0,5461221046098922;0,622304089573456;0,6858880173788158;0,6287209050362813;0,6837452492779562;0,8563718442460801
Reverberation Time (T-20);0,4131962519591708;0,42726051869025655;0,5774845202227277;0,6851191784479785;0,7213774669360563;0,7047054962289662;0,732268810765656;0,8769358600403269
Reverberation Time (T-30);0,42179613804447197;0,4429396185263972;0,6124852481787247;0,7761858025826494;0,8409720259173975;0,8596822829562719;0,8241186851193945;0,9021719581079688
Clarity - 50 ms (C-50);9,721121287974489;10,99193825340285;9,151426248989647;8,820114983060833;8,517865147731346;9,001106430764077;7,4829952696489554;4,935674862047504
Definition/Deutlichkeit (D);90,37218086027336;92,64438077520941;89,17822507625985;88,40869266843761;87,67415896991734;88,82373865809996;84,8593814120314;75,75106332239713
Clarity - 80 ms (C-80);14,50346218765208;15,402738461459535;12,53828934587098;11,898371062278274;11,31617043241382;12,00044482912585;10,566988213431756;7,712576556759737
Center Time (TS);15,847328605443838;13,208126534142584;16,805734382517663;18,366836606350248;19,10363790128288;18,094430305488935;22,056451566535777;34,69604088169824
Strength(G);13,35809783925568;12,887867791713056;12,917347134896147;12,836629567169382;12,830314018269476;12,860669594224433;13,199031573979852;14,575897135866974
Lateral Fraction(LF);2,976868757840357E-08;3,377773496557688E-07;0,00010867221926925159;0,0002738090393481713;0,0002715022447559778;8,733316515217817E-05;3,666561290453884E-05;1,4049383727849264E-05
Lateral Efficiency(LE);1,4323150675985668E-08;1,7825732297501574E-07;6,0005515568463876E-05;0,0001650843379865445;0,00016193670795413762;5,3380268096701334E-05;2,306847733039705E-05;8,589556307729707E-06
Receiver 16;63 Hz.;125 Hz.;250 Hz.;500 Hz.;1000 Hz.; 2000 Hz.;4000 Hz.; 8000 Hz.
Early Decay Time (EDT);0,38660667484686834;0,3962314035600688;0,4582441353772439;0,4982252052839847;0,5248560984590708;0,5295323137261023;0,5542626945570519;0,7757515314741652
Reverberation Time (T-10);0,40111744755633827;0,40508080805905944;0,5363151695676746;0,6005448810874631;0,648616598001143;0,6388719058549274;0,7210531582021564;0,855954380402782
Reverberation Time (T-15);0,4079242191453941;0,4238672594044748;0,56366096784307;0,656514008906315;0,6658135825400975;0,69245629064492;0,7270580927398237;0,8651321119349962
Reverberation Time (T-20);0,4143431597213492;0,4353189109499627;0,5854881676424949;0,695377404967683;0,7122793217023465;0,7607449197344878;0,7947906848168125;0,882061468114552
Reverberation Time (T-30);0,42735578237270677;0,4583759201823618;0,6301071929387021;0,8035498564403576;0,8592733069287469;0,8813865951920066;0,8692270869887644;0,9100378092982427
Clarity - 50 ms (C-50);9,361395847950249;10,069955821576162;8,593410778378448;8,008533630117855;7,596032265341567;7,872096558992422;7,14927806467898;4,516362288079662
Definition/Deutlichkeit (D);89,6371257092627;91,04742766095349;87,86490511805304;86,3551207129318;85,19287429895064;85,97573606745965;83,85892896661883;73,99966169707622
Clarity - 80 ms (C-80);14,17114971799265;14,392825500453847;12,032602047105174;11,406296829457204;10,726231024278691;10,802305241172288;10,285379317889571;7,338293934895452
Center Time (TS);17,195901075833707;14,914828008385124;18,91859310233065;20,87611342898034;22,436630349593358;21,460586669500543;24,364348692324853;37,45560718016501
Strength(G);13,260494790791089;12,682970589696303;12,937328933349313;12,857478088516658;13,022074543662697;12,62460966761352;13,184544572665054;14,612888950936288
Lateral Fraction(LF);3,4766891555128563E-08;3,786777911420785E-07;0,00013293501873116103;0,00033462299524151786;0,0003399778973596385;9,882276762061675E-05;4,36561554352791E-05;1,5976150922830888E-05
Lateral Efficiency(LE);1,656814468077928E-08;2,0206668170209882E-07;6,884895345026361E-05;0,00017373220902659062;0,00019590113381866528;5,6207579825020515E-05;2,4927284789715136E-05;9,168711568469716E-06
Receiver 17;63 Hz.;125 Hz.;250 Hz.;500 Hz.;1000 Hz.; 2000 Hz.;4000 Hz.; 8000 Hz.
Early Decay Time (EDT);0,3638882498617788;0,36367566896000303;0,4239618370956225;0,44772558704743604;0,45892809620218444;0,4438823613767332;0,43689281470974384;0,6723355284659626
Reverberation Time (T-10);0,3657573900540491;0,37971257355388177;0,45962469889200214;0,5191152785263226;0,5567710488624623;0,57398994219739;0,571727231729224;0,7801886796013986
Reverberation Time (T-15);0,38337236730721946;0,3946648483436428;0,5012210231710043;0,5469425931161036;0,604873289406996;0,6026998152021755;0,6197868555838635;0,8092477135797037
Reverberation Time (T-20);0,39418009501121104;0,3968705793466082;0,5175943722361709;0,6013947904139474;0,6542158830443385;0,6238863273651688;0,6431252387278081;0,837685822998892
Reverberation Time (T-30);0,4085092207841523;0,4210005612836488;0,5676729657283385;0,7129224686708591;0,7508388202185838;0,7571093981221769;0,7554049789535897;0,8788119968097508
Clarity - 50 ms (C-50);10,6221857033501;11,251732322521569;9,37270844210368;8,783099690203306;8,447931452259418;8,792326433727975;8,330803137488841;5,727797876104672
Definition/Deutlichkeit (D);92,025733978321;93,04022665077572;89,6521753490301;88,31272372608241;87,49495141548273;88,33563093729711;87,19418537330503;78,91801277130732
Clarity - 80 ms (C-80);15,631382836217846;15,508490134707284;13,324190111209244;12,455984438863029;11,999923979742258;11,922206353995;11,781011508784722;8,66653075206462
Center Time (TS);13,863773513948013;12,433461536481135;16,65780446737805;18,02819759955875;19,438212216136964;18,87451146545088;20,735210681780714;31,043873932027147
Strength(G);11,244675497768739;11,029124473847894;11,22902786954328;11,276734150643335;11,444957846861143;11,277451257916283;11,81265927269395;12,421066394671271
Lateral Fraction(LF);2,656073493182347E-08;3,142783110718891E-07;0,00012022371290822676;0,00031250311923801486;0,0003072461769518837;9,118635406235424E-05;4,4071802416797686E-05;1,3770757044321032E-05
Lateral Efficiency(LE);1,2070797226967834E-08;1,5340820772913557E-07;5,683558214750763E-05;0,00015235224242718485;0,0001583453927539345;4,830207853643369E-05;2,3452185300492153E-05;7,2946985957495216E-06
Receiver 18;63 Hz.;125 Hz.;250 Hz.;500 Hz.;1000 Hz.; 2000 Hz.;4000 Hz.; 8000 Hz.
Early Decay Time (EDT);0,3083329803379423;0,4225778012252797;0,36789918126646354;0,3983419358661819;0,4505346212275028;0,44749867782122105;0,4439445117238589;0,42277539908283396
Reverberation Time (T-10);0,26482810238847954;0,34404582966357405;0,42219020897486853;0,44706010690359266;0,467567386934474;0,4661631772586354;0,46082816376440516;0,4515647023426325
Reverberation Time (T-15);0,27997106812883815;0,34719195684521875;0,4078005855793383;0,46496652208727074;0,4919277637722504;0,4810467382618983;0,4851292587387108;0,47958761824316604
Reverberation Time (T-20);0,2784378653190085;0,3493158940910989;0,4285690241324001;0,4585034215151426;0,4759710993875654;0,46855400810948594;0,4727640104835772;0,47533844853265816
Reverberation Time (T-30);0,3008590260307722;0,35171047085421686;0,4031268599115582;0,4056497513211716;0,4214729661156906;0,4153883328005743;0,4201071961241978;0,4397236509806954
Clarity - 50 ms (C-50);15,370832727790084;13,68853267580677;11,173839229030394;9,982696865817504;9,474053779520913;9,369351342585851;9,442475157916402;9,635247835503622
Definition/Deutlichkeit (D);97,17845666527548;95,89835662341778;92,90951003221346;90,8761099750023;89,85741737578027;89,63557368866117;89,79095591307387;90,19072124238686
Clarity - 80 ms (C-80);22,342092276476116;19,833605800399962;16,57301523567948;15,060514474516856;14,357168871622807;14,46705012068336;14,376230982136322;14,61529050111152
Center Time (TS);6,559495697861203;6,869014282241855;10,393427642912316;12,751009086698314;13,753688327567536;13,996236223101075;13,987901072730285;13,644219522700807
Strength(G);7,996677106512589;7,651036408881453;8,109009155994379;8,36120421059639;8,437702970402114;8,49312608476302;8,491649469963306;8,43496894514206
Lateral Fraction(LF);1,8922416146095488E-08;1,7499473055063154E-07;7,134861458724554E-05;0,00020268608820948425;0,00020805461400596442;6,714107180684457E-05;2,6787735487790347E-05;8,547201110024526E-06
Lateral Efficiency(LE);3,4210473861759954E-09;4,34182818008506E-08;1,998088201738663E-05;6,0580830694492244E-05;6,566394847672905E-05;2,102826171948054E-05;8,427917431994222E-06;2,624460227342896E-06
Receiver 19;63 Hz.;125 Hz.;250 Hz.;500 Hz.;1000 Hz.; 2000 Hz.;4000 Hz.; 8000 Hz.
Early Decay Time (EDT);0,38815019196200096;0,4557630153307913;0,4893410304156529;0,5232183157635918;0,5530490652099063;0,5249314955734166;0,5494090883317376;0,6359791693070168
Reverberation Time (T-10);0,3391286929357108;0,39366669083094286;0,42278746196870587;0,46855453641884076;0,485154231225555;0,4532224298224102;0,4869746766208965;0,6526316233080391
Reverberation Time (T-15);0,3451294257396372;0,37792245154741844;0,4465022421670485;0,5122366837651362;0,5327050422582127;0,5451977493564776;0,5293777070752856;0,7010499670550772
Reverberation Time (T-20);0,3580801282804825;0,3805058574064497;0,46097632611579226;0,5566125869485453;0,5492547108402368;0,558439779638677;0,5435606155025552;0,7575060662219627
Reverberation Time (T-30);0,37686189751272625;0,3950517555181039;0,4928546388502819;0,5669232621054371;0,6380863185316604;0,625943587981881;0,6323729279678784;0,8233922709244924
Clarity - 50 ms (C-50);11,776112615836583;11,960278432107206;10,035396907179974;9,318426762838728;8,467568051364228;8,706988774216512;8,41109938267443;6,537053589402266
Definition/Deutlichkeit (D);93,77047605830575;94,0136374809444;90,97622569258624;89,52613095216034;87,54171541138184;88,13062207357093;87,39921519933583;81,83505731203206
Clarity - 80 ms (C-80);17,11297425092794;17,27075307439421;14,666421518807365;13,94086109886997;12,770176963170298;13,531644449616058;12,88942194964459;10,161145319081273
Center Time (TS);11,372645908215695;9,832771090018257;13,630548552283162;14,982492361000736;17,260684605110608;16,580396084394856;17,387837032125905;25,27511545585181
Strength(G);9,244430162802516;8,811589441133407;9,148822438995424;9,209944602336073;9,343582732398033;9,416142779257342;9,413496572326792;10,099912170427622
Lateral Fraction(LF);2,004587240567497E-08;1,9896765750866074E-07;7,629940668556033E-05;0,00020261966136432254;0,0002196043108435814;7,207311269002952E-05;2,8006086848933646E-05;1,0361255226251625E-05
Lateral Efficiency(LE);7,727243625197306E-09;9,551857700038945E-08;4,279198922034931E-05;0,0001075022310392239;0,00013296251091749373;4,028978046039528E-05;1,6226791094119212E-05;6,445100872987957E-06
Receiver 20;63 Hz.;125 Hz.;250 Hz.;500 Hz.;1000 Hz.; 2000 Hz.;4000 Hz.; 8000 Hz.
Early Decay Time (EDT);0,39129519141576385;0,4374880869936092;0,48568685585065124;0,539178343670044;0,5770588835838485;0,5369845403069777;0,5729684489593498;0,730421580420405
Reverberation Time (T-10);0,37462076844575704;0,3768087045242166;0,49701133394094316;0,564149604785549;0,6407273949264509;0,6157887428577343;0,5722098847888344;0,7916021634083259
Reverberation Time (T-15);0,38696308045371186;0,40850474633689826;0,523067593747683;0,5855540850896644;0,6396738964937494;0,6441347157863977;0,5977013219482139;0,8219407061538059
Reverberation Time (T-20);0,39421574565635265;0,4179162168996739;0,5414331297125485;0,6223560918059358;0,650543716114585;0,6451175753452517;0,6438454318812646;0,8452812530301866
Reverberation Time (T-30);0,4028383015219733;0,428052671986898;0,5618117477274083;0,6574580622720112;0,7514921327725679;0,708563251044883;0,7636320546089871;0,8695547395055576
Clarity - 50 ms (C-50);9,895964580030865;10,418704397086069;8,594856668614948;8,004295782982519;7,173768230064609;7,659820035104351;6,859578427848855;4,669272212915189
Definition/Deutlichkeit (D);90,70916570145114;91,67506613218264;87,85786693093944;86,33098778063619;83,91370360421357;85,3677293239492;82,9130336955524;74,55731075373639
Clarity - 80 ms (C-80);14,719664797990923;14,81985428344002;12,23299888710201;11,322506471399937;10,359928108623475;10,727225008975733;10,373668055248896;7,687712108949462
Center Time (TS);15,773544640156679;13,981319021807261;18,499301423284297;20,012539948349563;22,788003607016652;22,03326079151457;23,77035100864254;35,831892788069794
Strength(G);10,719747574876564;10,075055727178725;10,319279799835684;10,394892213162535;10,410310929804936;10,506631949776775;10,77901756590849;11,757213125305803
Lateral Fraction(LF);2,7998540666546198E-08;2,8623093076761167E-07;0,00010595914315343055;0,00025529782744599766;0,0002771469801662081;9,134925739704031E-05;3,7279842069304375E-05;1,3383244860517996E-05
Lateral Efficiency(LE);1,2799263980396788E-08;1,6136365711765133E-07;6,762125308928271E-05;0,00016094608566466427;0,0001838221781875158;6,003767122025741E-05;2,4513824100355706E-05;9,151234477121248E-06
Receiver 21;63 Hz.;125 Hz.;250 Hz.;500 Hz.;1000 Hz.; 2000 Hz.;4000 Hz.; 8000 Hz.
Early Decay Time (EDT);0,38447080087893365;0,38952944358159663;0,47605554609612066;0,5246866237558357;0,5390520235673708;0,4935512718103954;0,5658531306995142;0,7477115981538554
Reverberation Time (T-10);0,3925965653147153;0,3912166260677131;0,5071950144889774;0,6141078427392679;0,6860103136538531;0,6185257822067606;0,6601864346279641;0,8269358106229387
Reverberation Time (T-15);0,4016016648152107;0,43120209272423105;0,5515793961391726;0,6180674690540737;0,6760972354887389;0,6387806058269939;0,6510968887088205;0,8498468704937877
Reverberation Time (T-20);0,4062729208769701;0,43661467658042885;0,5794288874611628;0,6576322631664054;0,7100595794224291;0,6880075015476743;0,7208913568511892;0,8708004813581866
Reverberation Time (T-30);0,41697831001830354;0,43885287796930883;0,610326806583117;0,7630261476884502;0,8172080131479185;0,8334792678562307;0,8302947263812199;0,8964269262932925
Clarity - 50 ms (C-50);8,867424594641598;9,9353005699741;8,238826544251536;7,558946272270999;7,492731385549705;7,9731417768134385;6,851626475432925;4,009068878349328
Definition/Deutlichkeit (D);88,51532174367031;90,78670553803559;87,04208472707762;85,08074068149551;84,88501473250774;86,24611569040164;82,89742600390451;71,56778529185885
Clarity - 80 ms (C-80);13,798314544797554;14,282541217411687;11,919676984263328;10,857052179524654;10,436979273047733;10,992528250046814;10,154675276321818;6,870041991561599
Center Time (TS);19,32448261833978;16,252445432736014;20,827845451306633;22,625750624995806;23,56143168265569;22,44234507627867;26,151198521463918;41,014838401889335
Strength(G);11,915352679774813;10,980111531789774;11,1303253984496;11,042377573411159;11,09003723516441;11,062973996345313;11,55304694914215;13,180106876706049
Lateral Fraction(LF);3,7172224728472656E-08;3,6485940867888295E-07;0,00012514829877640393;0,00031523613655565674;0,0003215784114350675;9,986353542355054E-05;4,412927368917823E-05;1,6112961917976764E-05
Lateral Efficiency(LE);1,741637776114747E-08;2,1214783285846112E-07;7,619508985008944E-05;0,00020465009710133862;0,00018439118652701357;6,65189364394632E-05;2,8550862129676693E-05;1,0564127987769011E-05
Receiver 22;63 Hz.;125 Hz.;250 Hz.;500 Hz.;1000 Hz.; 2000 Hz.;4000 Hz.; 8000 Hz.
Early Decay Time (EDT);0,37192704053465214;0,37828223096099817;0,43998178376089697;0,49916776521892753;0,5099342042948151;0,5159726943919694;0,5380279225356173;0,7782232552201931
Reverberation Time (T-10);0,40611753104416626;0,39877479635577173;0,533946043101383;0,6358634739254975;0,6563520020195823;0,6299733565363338;0,6926263447326385;0,8580607521339038
Reverberation Time (T-15);0,41060810325884023;0,418308504602723;0,5675616262268656;0,6669863582324279;0,6638418745421396;0,6885766638202078;0,6951327588234268;0,8603689901729905
Reverberation Time (T-20);0,41504342288941426;0,42939442831841884;0,583528311375465;0,6868541213674473;0,6843081940365613;0,7462544644595412;0,7647851193202517;0,8738956633303459
Reverberation Time (T-30);0,4234295500910377;0,44738176710793587;0,6200510075586597;0,784793654293168;0,8152320373685348;0,8547516856571586;0,8470691825094173;0,9030331174877125
Clarity - 50 ms (C-50);9,061289962600668;9,696735297990982;8,219945357917629;7,465589415630378;7,3776060652402355;7,502049181418398;6,830270212554383;3,861344245131056
Definition/Deutlichkeit (D);88,97801906380829;90,32263777535732;86,96245080330588;84,8099456462631;84,62764872722232;85,06087468159686;82,8805338519344;70,98673365847017
Clarity - 80 ms (C-80);13,752268864728567;14,22816268725028;11,69581242219013;10,860456097442682;10,539907005933832;10,59506572774523;9,963106155844342;6,645610992630926
Center Time (TS);19,211604835142378;17,149444121931246;21,73429456717837;23,776413100008337;24,285764957241845;24,146989223915288;27,40690351128005;42,5032682409087
Strength(G);11,984842991889522;11,15177752378547;11,38176413016938;11,302043802241279;11,51616504971215;11,251859012154817;11,749828307846151;13,284969394994725
Lateral Fraction(LF);3,762181308474509E-08;4,0798780414739963E-07;0,00014440748819361565;0,00033555389874402976;0,0003649696264257865;0,00010768202021335561;4,7571859202323176E-05;1,7584803337827937E-05
Lateral Efficiency(LE);1,6269954512163522E-08;2,2364981491787636E-07;7,26488779174179E-05;0,0001900032397753995;0,0001888507393177657;5,852672166213852E-05;2,7525616844524493E-05;1,0616079155500493E-05
Receiver 23;63 Hz.;125 Hz.;250 Hz.;500 Hz.;1000 Hz.; 2000 Hz.;4000 Hz.; 8000 Hz.
Early Decay Time (EDT);0,352032034442122;0,36258963414683676;0,41231313616471754;0,42035994521076486;0,4794522725799598;0,46958933838139105;0,49420932352899455;0,7081027994323448
Reverberation Time (T-10);0,3776786540232696;0,3964795095776817;0,4957360675518347;0,5915768043077454;0,6078002281237352;0,6275018892588294;0,6126330946247623;0,8197141282648951
Reverberation Time (T-15);0,3959427919284698;0,3975189094447269;0,5327123990294721;0,6370169802056304;0,6525265599158914;0,6608747609235726;0,6539897101308252;0,8370403311607565
Reverberation Time (T-20);0,4043210993557672;0,40969046346205756;0,5379535159413936;0,6312651130634797;0,6700180515106066;0,6716037729156135;0,6723245732422656;0,8547797789009269
Reverberation Time (T-30);0,4132339028183583;0,4316996827984476;0,5868632574946897;0,7262562446073793;0,7665696519635226;0,782792434954271;0,756288513371876;0,8832406495660599
Clarity - 50 ms (C-50);10,27000078219988;10,380194900452226;8,69291076986406;8,502477500036141;7,940595619425167;8,017148630503842;7,461819356886377;4,9992052590065255
Definition/Deutlichkeit (D);91,40999155852376;91,60714255386914;88,11435820523243;87,62911734889471;86,15697837307798;86,36587383581946;84,78900560649957;75,97135225422092
Clarity - 80 ms (C-80);15,026484155058649;14,926196552764262;12,614712191868552;11,982404470800532;11,432786599932802;11,342483242464358;11,085490438911826;7,851892606910683
Center Time (TS);15,768931160794956;14,807395880445569;19,66774091172733;20,808563197331875;21,816955230213754;22,175437661898375;24,099055773512024;35,53020516728984
Strength(G);10,068082521598225;9,563053968419617;10,112140607555254;10,195974090336868;10,317479596922723;10,091758994149728;10,538465425541034;11,434860408565271
Lateral Fraction(LF);3,033604935605537E-08;3,647075582512824E-07;0,0001394302743717837;0,000325235350858205;0,0003196124175216461;0,00010863113314936879;4,6890205360020276E-05;1,5008958402106208E-05
Lateral Efficiency(LE);1,2486986179701812E-08;1,6157792259156347E-07;6,292860497731295E-05;0,0001423415251509727;0,00014471313176275414;4,89685978264202E-05;2,3436990891857242E-05;7,817755650263614E-06
Receiver 24;63 Hz.;125 Hz.;250 Hz.;500 Hz.;1000 Hz.; 2000 Hz.;4000 Hz.; 8000 Hz.
Early Decay Time (EDT);0,21857157724418372;0,32422759306255317;0,36342592458304235;0,41939796407298124;0,45794123175792895;0,4500797910146586;0,4519226728486705;0,44394480330516595
Reverberation Time (T-10);0,27366434321373406;0,34171986659775117;0,4143448536543214;0,44679407021980344;0,466066398219531;0,4592392325411782;0,45677957747243614;0,45650727269474545
Reverberation Time (T-15);0,27723819566033675;0,3373711370210496;0,4126609676322;0,458481457923886;0,4962140477193717;0,4880244088221886;0,48908237298141055;0,49039162496362865
Reverberation Time (T-20);0,27596708180093305;0,3429823870350833;0,438859899569874;0,4830283306125638;0,508085408625515;0,5010888736361113;0,5021212132884375;0,5110535650268734
Reverberation Time (T-30);0,30613582426016406;0,37419293573601103;0,4295282319556579;0,4573112793588818;0,4620053379172587;0,4556745877847764;0,45597531720725876;0,468616872350564
Clarity - 50 ms (C-50);15,10102244191933;13,382552105031834;10,911669411833739;9,713507723810919;9,163041342839191;9,14764594677994;9,120812034742094;9,350799089827424
Definition/Deutlichkeit (D);97,0030255797272;95,61209106373319;92,5013812001439;90,34899473833754;89,18586260856782;89,15162545107712;89,0917230684949;89,59582037799245
Clarity - 80 ms (C-80);22,93025686838769;19,94932629630587;16,64307606114875;15,089131705525322;14,413438094301306;14,419557073149637;14,397720264995382;14,394337031261806
Center Time (TS);7,171772360259095;7,671835366719628;11,653321714923745;14,269382750602595;15,402273897046706;15,577254140095814;15,697852821291963;15,484355856716348
Strength(G);6,930989488052333;6,406613885656114;6,9797327161866605;7,2748493965905965;7,341863722861575;7,438004229314345;7,431598425332645;7,397642510537899
Lateral Fraction(LF);2,7648864691454013E-08;2,2449159292281995E-07;9,147948050781816E-05;0,0002575209446483142;0,0002597584449832998;8,592499517908435E-05;3,407135992428042E-05;1,0905145010859453E-05
Lateral Efficiency(LE);3,5040923596819497E-09;5,0643614910986915E-08;2,5299720050893526E-05;7,785137564493605E-05;8,272530470680421E-05;2,675135896121072E-05;1,0883832177619458E-05;3,2913243344758734E-06
Receiver 25;63 Hz.;125 Hz.;250 Hz.;500 Hz.;1000 Hz.; 2000 Hz.;4000 Hz.; 8000 Hz.
Early Decay Time (EDT);0,33397457436834294;0,38629195479786427;0,4413367757858332;0,471713259422385;0,5026230270784791;0,4854841867706303;0,5066300707190032;0,6116355661252256
Reverberation Time (T-10);0,343599847392114;0,33161594558827195;0,46376511002630155;0,5209861559822262;0,5367545782104344;0,5331445089296942;0,5141707927055109;0,7131179866836185
Reverberation Time (T-15);0,35345158498535817;0,3690142253312627;0,4659114597512032;0,5313624934933033;0,5602622594304876;0,5303317442862676;0,5348853954062284;0,7646154897119057
Reverberation Time (T-20);0,3686528558448316;0,38006554607269616;0,48883909990523183;0,5589467936542105;0,5872808267946159;0,557365012455991;0,5709228932537161;0,7995648213359356
Reverberation Time (T-30);0,38964282651806975;0,407819673404307;0,5146667351503151;0,6032308052089271;0,63550291049091;0,6493638494120911;0,6445904125250261;0,8500952547772691
Clarity - 50 ms (C-50);11,342991541149573;11,546974307049256;9,249978715236262;8,570527399688634;7,883369698526618;8,137651612860154;7,598769222082051;5,910580884312773
Definition/Deutlichkeit (D);93,16184520519815;93,45506393808549;89,37742148691353;87,79797872753014;85,99907275463774;86,68931489143176;85,19125967430043;79,59159292886841
Clarity - 80 ms (C-80);16,88850501566297;16,877694587801916;13,471530666434333;12,57222159157359;12,156582408264335;12,178950430489014;12,041528427138084;9,337827220732963
Center Time (TS);12,623616236145258;11,40207520022803;15,99600480216443;18,140947444109607;19,587811467726404;19,34467646162255;20,470236690164324;29,28419999341195
Strength(G);8,054619899002873;7,532041320878207;7,935999584367849;8,125004694399024;8,219207125638242;8,251847181126692;8,3797038182759;9,089000538629854
Lateral Fraction(LF);2,770510769478385E-08;2,666483330466697E-07;9,844727829880749E-05;0,00027041711672098234;0,00028093448606084304;8,733162410879952E-05;3,656460448024551E-05;1,197839990189119E-05
Lateral Efficiency(LE);7,381521988594953E-09;1,0484591698716974E-07;3,970711176909533E-05;0,00010762758785437434;0,00012270722233427775;3,715926838408932E-05;1,6693488732046425E-05;5,987506907380495E-06
Receiver 26;63 Hz.;125 Hz.;250 Hz.;500 Hz.;1000 Hz.; 2000 Hz.;4000 Hz.; 8000 Hz.
Early Decay Time (EDT);0,3797600446248513;0,4176679144817418;0,47237093572962774;0,5253206031969558;0,5671344313330089;0,5256337628543428;0,5744254035788248;0,7341179630704409
Reverberation Time (T-10);0,3850495763893855;0,39161235375578046;0,5127921739718435;0,6141377145471427;0,6394959218875726;0,6475224545443965;0,6183291961596925;0,8175793386022946
Reverberation Time (T-15);0,3957512860273881;0,4134486687331599;0,5251808603929966;0,6368457809846272;0,6386269427639214;0,6447315889972729;0,6421415254569943;0,839254838090896
Reverberation Time (T-20);0,40197924169471044;0,4230573249295257;0,5375480855855228;0,6536155271514529;0,6612201988263515;0,6665031561208801;0,6767267785273573;0,8529441549059479
Reverberation Time (T-30);0,409611024906574;0,43598807661742617;0,5620204723512996;0,6802184494899578;0,7538810407606386;0,7252287499394435;0,7776134264547054;0,8759815685255211
Clarity - 50 ms (C-50);9,143039129131248;9,37143348982795;7,3546657095391135;6,849079592018864;6,159535216901608;6,7404340921336825;5,833454271516965;3,7019199934564155
Definition/Deutlichkeit (D);89,14136205689904;89,64002686886371;84,46805261109864;82,8787577000942;80,50694800230238;82,52085085743353;79,30160955700714;70,1070057026861
Clarity - 80 ms (C-80);14,137340889593677;14,066114163483679;11,344057041019916;10,294375060883592;9,721152087646782;10,081186619794948;9,525146854223909;7,022852597885459
Center Time (TS);18,350065202336268;17,26517679715061;23,414240116004102;25,516606031082535;27,70465837820025;27,0319160058545;29,117410293884483;42,22719235273506
Strength(G);9,51188554052614;8,765768092482826;9,39887652505611;9,414587279521925;9,507528353838445;9,652822894883712;9,797425440793546;11,103726662960206
Lateral Fraction(LF);3,6002886593156115E-08;3,728374276170462E-07;0,00014292775174981197;0,0003508535490830064;0,00036335321580712013;0,00011616652678856684;4,7315789734096745E-05;1,6470335175925145E-05
Lateral Efficiency(LE);1,3911998404081857E-08;1,8896321604029538E-07;7,745524583511355E-05;0,00018826487373605177;0,00020308615659050464;7,016648177740208E-05;2,6472211636222432E-05;1,0442551206956935E-05
Receiver 27;63 Hz.;125 Hz.;250 Hz.;500 Hz.;1000 Hz.; 2000 Hz.;4000 Hz.; 8000 Hz.
Early Decay Time (EDT);0,40195461178261116;0,40528102534156135;0,49272017993047457;0,5483790279588782;0,5599406070964578;0,5400824174208406;0,5693901083626487;0,7886738527853441
Reverberation Time (T-10);0,40259978064119417;0,4105202659398118;0,5248897947376765;0,625166443709916;0,6831304925026477;0,6421010842321849;0,6727611500679659;0,8708665968030517
Reverberation Time (T-15);0,40572788832475426;0,431144704235234;0,5770188614945276;0,6750921523915254;0,7054663694821495;0,6743144259975145;0,7004755072207287;0,8826856199707259
Reverberation Time (T-20);0,41111879138859714;0,44018612355004333;0,6008052388203913;0,7062700592945713;0,749598385020729;0,754733748036178;0,7736089812358972;0,8886275089938127
Reverberation Time (T-30);0,42062649240149913;0,4505515879965552;0,6243467877071455;0,7930623227915505;0,83301109193064;0,8582862023852027;0,8591065200366893;0,903900862598867
Clarity - 50 ms (C-50);7,755248868233941;8,415368172256862;6,543901284455744;5,950027821161406;5,76433028412832;6,062682095302555;5,3542903097105405;2,7177086430308477
Definition/Deutlichkeit (D);85,65348621497229;87,41003616226696;81,85848424804541;79,73873489974875;79,03913692949706;80,16171332892202;77,43206547686718;65,20648407586269
Clarity - 80 ms (C-80);12,78950645588424;13,031361781139845;10,650430255896994;9,444627730024402;9,369847341721327;9,918672862292985;8,978344097362625;5,814720623054084
Center Time (TS);23,130740541066707;21,23941787535375;27,00226820787599;29,932624199367684;30,860019024526036;29,653132283894983;33,249442796232664;49,62487040274151
Strength(G);10,927597281476817;9,905324351490048;10,30680675105927;10,27220486606246;10,476742292023935;10,371135917055682;10,905494554972947;12,641408935581836
Lateral Fraction(LF);4,681563063388628E-08;4,969454087930937E-07;0,00017662395099456518;0,00044150452181506783;0,00045272013018294856;0,00014104535474576273;6,296466747185688E-05;2,071290098178997E-05
Lateral Efficiency(LE);2,115985699402138E-08;2,877917883698034E-07;9,820401704306598E-05;0,0002571236632737202;0,0002561384443426401;8,058142192272113E-05;3,568225935987675E-05;1,3646958113365851E-05
Receiver 28;63 Hz.;125 Hz.;250 Hz.;500 Hz.;1000 Hz.; 2000 Hz.;4000 Hz.; 8000 Hz.
Early Decay Time (EDT);0,3931170098044348;0,3893459831693908;0,4958761713338184;0,5439192513414893;0,5632912022631192;0,5629265182250929;0,5833568400840418;0,808921883976859
Reverberation Time (T-10);0,41480660935134434;0,42085999279374353;0,5427582244198966;0,6846106243087179;0,7019232762098205;0,6859968017484473;0,6918484776660819;0,869067674634265
Reverberation Time (T-15);0,4141585367569727;0,4379398006095666;0,5820545823941461;0,6897215188839991;0,7224532092241629;0,7365360003845198;0,7407730773676007;0,8747335067919935
Reverberation Time (T-20);0,4175400595498464;0,44621921709170403;0,5980781441244267;0,7260842595308783;0,7584453439836688;0,7739258065518769;0,8077414281725234;0,8870771061284523
Reverberation Time (T-30);0,42490267667644954;0,4579064097663977;0,6333063505907313;0,7917292795521721;0,8413103609472674;0,8634615870430726;0,871629187315892;0,9060561462861753
Clarity - 50 ms (C-50);7,923634520395732;8,555532704177276;6,713905979494033;5,954706810012499;5,79493492763123;6,0696499643294555;5,284347381994348;2,7768388666724713
Definition/Deutlichkeit (D);86,1843965777342;87,76094168137087;82,43256965320158;79,86801152046272;79,33146765343675;80,18702722799571;77,26697653862085;65,51553958052008
Clarity - 80 ms (C-80);12,76655304519628;12,921780718099654;10,622248332872113;9,363798403668767;9,144903778658163;9,45819417191879;8,729128447294494;5,682508301665305
Center Time (TS);22,939735761306437;21,51301841909902;26,787463408156572;30,868858415824416;31,82285132054398;30,19352425528054;34,50359512221923;50,23961308531951
Strength(G);11,171910771013984;10,196886042592542;10,795474355852456;10,61548775275164;10,843839350846494;10,784727075873455;11,21959466171046;12,970649408489173
Lateral Fraction(LF);4,701403569475973E-08;5,183727492182226E-07;0,00017768973071850927;0,0004418665512204691;0,00046926933948589173;0,00014509291570500153;6,488398527714205E-05;2,0893829352190983E-05
Lateral Efficiency(LE);1,9457012867825506E-08;2,7657220569334745E-07;8,79875600138146E-05;0,0002215735905616896;0,00021609532478205764;6,092580338670803E-05;3,0693058763647735E-05;1,2479055788780014E-05
Receiver 29;63 Hz.;125 Hz.;250 Hz.;500 Hz.;1000 Hz.; 2000 Hz.;4000 Hz.; 8000 Hz.
Early Decay Time (EDT);0,35587964521933607;0,36884239131358115;0,4505931111355005;0,47440134591996935;0,5350237838415819;0,5053282883471305;0,5135841626282468;0,7283801145505958
Reverberation Time (T-10);0,3864893717821373;0,4255747870500969;0,5164074120163332;0,6237866888344764;0,644687709233302;0,6468811353400832;0,6221666748588466;0,8533137847342043
Reverberation Time (T-15);0,39666546709026534;0,41746899794240605;0,5410515161342998;0,6468669810378267;0,667046485604532;0,6751726823532352;0,6670456769828087;0,8587775458270787
Reverberation Time (T-20);0,40532290970075086;0,4200725125754127;0,5507351304163476;0,6610997792478579;0,7054015523891338;0,6828821806332575;0,7137868868239602;0,866098459106257
Reverberation Time (T-30);0,4146014443942883;0,4375798702252062;0,5930145556565231;0,7301127779812155;0,7891808265461385;0,7653735004838278;0,8012003510096514;0,8816802163394785
Clarity - 50 ms (C-50);9,40875167964095;9,262084819507843;7,449411491806405;7,246488728241384;6,523549773590131;6,691566986584233;6,201907490719306;4,196129925128631
Definition/Deutlichkeit (D);89,71955438557985;89,40385781562279;84,75212131245567;84,13844969939485;81,7887898822371;82,35795733833734;80,65960492355858;72,43603556992869
Clarity - 80 ms (C-80);14,250859560949529;13,765447428015658;11,570194246308365;10,641505473579295;9,703519934724055;9,793933834709666;9,928166211465815;6,9911769258233045
Center Time (TS);18,390411714306964;18,20310751216481;23,680651680818666;25,11254329691723;28,024401737747176;27,935256904333365;29,680412724392543;41,50937802758489
Strength(G);9,428589867512006;8,802386995489485;9,739024815988003;9,670106293835808;9,71953655889098;9,739144302731276;10,179078830498327;11,246926479292902
Lateral Fraction(LF);3,659682439122363E-08;4,3520269956199654E-07;0,00015099736898710703;0,0003704929768406837;0,00039069507373584814;0,00013621948912160995;5,5011244386807184E-05;1,766298568326653E-05
Lateral Efficiency(LE);1,3154270575711782E-08;1,7966853729111771E-07;6,508972327610994E-05;0,00014866355564528577;0,00016582811030318827;5,2088728078273445E-05;2,3708890690028433E-05;9,361099860100705E-06
Receiver 30;63 Hz.;125 Hz.;250 Hz.;500 Hz.;1000 Hz.; 2000 Hz.;4000 Hz.; 8000 Hz.
Early Decay Time (EDT);0,21779166295688543;0,28324564036924926;0,36632972351800686;0,4238773434267494;0,4594517072198651;0,4485144435403694;0,44720585344252545;0,4364657839867663
Reverberation Time (T-10);0,30033604889249854;0,3472262861955557;0,4085989554450872;0,4925931794938688;0,5240501638453068;0,5147890146559179;0,5184152177525974;0,5076011150888704
Reverberation Time (T-15);0,2768685115384053;0,3670200173672201;0,44057847480403256;0,4724395043965367;0,48971489285756925;0,4808058875186662;0,4852761918050346;0,48745698672272547
Reverberation Time (T-20);0,30134839098305527;0,36115049510711983;0,42185778192924556;0,4348234327142475;0,44248421377471125;0,4357029980496161;0,4383572709839626;0,45954660101616496
Reverberation Time (T-30);0,30074581533955913;0,3302926680122825;0,40454543227475465;0,4235203311370212;0,439956138577242;0,4368434109089131;0,43151818906421635;0,4720402375951366
Clarity - 50 ms (C-50);14,119613230857809;12,30598089880697;9,836431448728701;8,667950328930258;8,101403873959173;8,173863387198233;8,197901829646545;8,44522858230301
Definition/Deutlichkeit (D);96,27148125415678;94,4462463433985;90,59299307860859;88,03627005872683;86,59271158171981;86,78523339806677;86,84858285245481;87,48550712450115
Clarity - 80 ms (C-80);21,045997204919562;18,079259377561;14,88310845620218;13,374954841158148;12,769320328419365;12,89181826069061;12,859870662343463;13,09297574686292
Center Time (TS);8,397528149971942;9,649126690525065;14,083797508019416;16,831961330402038;18,25426719468511;18,172107993062387;18,167126512579348;17,707989553000175
Strength(G);6,225991751218331;5,766318767141044;6,489372174935127;6,855700942835867;6,973127353544285;7,056060715924843;7,0463577818615235;6,965814761295363
Lateral Fraction(LF);2,3042826500883415E-08;2,3969756448002957E-07;9,390587099541624E-05;0,0002602381830831049;0,0002634862233960183;8,563427608275282E-05;3,417439660980778E-05;1,07104232650126E-05
Lateral Efficiency(LE);3,3262989749576588E-09;5,386095064642799E-08;2,543550322628725E-05;7,69123008168986E-05;8,217741665874116E-05;2,6372061819380362E-05;1,0539488259720924E-05;3,1663886545004855E-06
Receiver 31;63 Hz.;125 Hz.;250 Hz.;500 Hz.;1000 Hz.; 2000 Hz.;4000 Hz.; 8000 Hz.
Early Decay Time (EDT);0,31654874938651306;0,3728831872550978;0,4330012610005741;0,48120767220611876;0,48763173869789167;0,4716744107753629;0,48791871204867315;0,6482350635707536
Reverberation Time (T-10);0,33295393118669386;0,35480956646500206;0,4366023782208175;0,5069818912894603;0,5221024333997747;0,5485122466727401;0,5583334475089868;0,7198137042276704
Reverberation Time (T-15);0,3440402116874981;0,38722438793219255;0,4515090478005531;0,507341240115383;0,5542236420994431;0,539104860953023;0,6054527253449822;0,78511951093387
Reverberation Time (T-20);0,36143260522623455;0,3885311933495538;0,4760886266200183;0,5622658618807463;0,6081447238394782;0,5934950360883203;0,6276358124986715;0,8139951809116738
Reverberation Time (T-30);0,39012761370326565;0,42072633347478045;0,53302114244266;0,6137913040626011;0,6756335460096735;0,6708071446435913;0,7129305361145513;0,8622187108943176
Clarity - 50 ms (C-50);10,979674536378619;10,473895403249102;8,173132830702528;7,316973698778403;7,048383586806695;7,181796377584707;6,947704143446504;4,94345832405415
Definition/Deutlichkeit (D);92,60927519446479;91,77154144401302;86,78330408946097;84,35384849134321;83,5201610119766;83,93864080409543;83,19859573139497;75,73624819400571
Clarity - 80 ms (C-80);16,92201688596056;15,780416768127399;13,10212032807712;11,974011746872787;11,559655512823564;11,625312067789022;11,387704503929887;8,464278782484538
Center Time (TS);13,639047426493645;13,817783026939377;18,889219256341157;21,382749733561138;22,684006683941202;22,651722005500343;23,498412371492396;33,59125377292946
Strength(G);7,43265201707305;6,643564587923873;7,421598536105755;7,611181692367097;7,777103203674258;7,858309425843466;7,901992344700936;8,605518169635381
Lateral Fraction(LF);2,6648918518900443E-08;2,1474871996444206E-07;8,289283325746646E-05;0,00021977690060570146;0,00022548445364689785;7,291386032663912E-05;2,9399141136277542E-05;9,668531272887883E-06
Lateral Efficiency(LE);5,142370937889112E-09;6,776289348421835E-08;3,022457549419719E-05;8,184311306582199E-05;8,06098474493606E-05;2,7517237358096707E-05;1,0825459309234098E-05;4,12228447969303E-06
Receiver 32;63 Hz.;125 Hz.;250 Hz.;500 Hz.;1000 Hz.; 2000 Hz.;4000 Hz.; 8000 Hz.
Early Decay Time (EDT);0,37171456724233504;0,4161639453469582;0,4851720546566689;0,5349209689639213;0,5542646235871274;0,5268268763744011;0,5658525644311883;0,7540664583793082
Reverberation Time (T-10);0,36918730745105083;0,4072581603736461;0,48961147289744994;0,5900256449988162;0,6207897811382352;0,6337886813790112;0,6190094678436235;0,8423106749234219
Reverberation Time (T-15);0,3873547522633349;0,4094154940972223;0,51605811521853;0,6410027125639333;0,6629862008396711;0,6628281466883046;0,6755684326836361;0,8582987804488723
Reverberation Time (T-20);0,39881281080642655;0,41870795365037244;0,5472845607302302;0,6568670131261583;0,7038397433932192;0,6949994465914523;0,7077872351624861;0,8717594915876369
Reverberation Time (T-30);0,4137796510063561;0,44437407941118184;0,5776331687603855;0,717204213303609;0,7670946429800365;0,7600500057162433;0,7836749307081224;0,8912512522714104
Clarity - 50 ms (C-50);8,829976010177202;8,397218727829795;6,303515570613941;5,6599413139529915;5,593576278599356;5,841908502014343;5,047634168467466;2,8123344300711217
Definition/Deutlichkeit (D);88,42366913451674;87,3639740683701;81,02196600983598;78,63813857467048;78,38031442688659;79,33354408938739;76,17432565673893;65,6461290879493
Clarity - 80 ms (C-80);14,070967863792461;13,2494462229205;10,670670740874183;9,896176342204075;9,241929591548377;9,446353797814657;9,047019171948754;6,194021794869277
Center Time (TS);19,600628482453633;19,74935690624949;26,718035459210654;29,112422560336235;30,766010264074385;30,228448466160913;32,396453474229894;47,69735089059692
Strength(G);8,852262054243198;7,915211918537235;8,763841237908231;8,826541022407412;9,081773689375432;9,098339994492044;9,312063519728405;10,673504856852908
Lateral Fraction(LF);3,49401759873805E-08;3,487539467026779E-07;0,0001318530692626249;0,00032525811975191193;0,00033678506816039793;0,00011000715897410612;4,404985278519761E-05;1,4586473118683754E-05
Lateral Efficiency(LE);1,2374911638287036E-08;1,573539269390482E-07;6,5670578868709E-05;0,00016144890698293677;0,0001696824278053006;5,475238986837309E-05;2,319433180137089E-05;8,928756901070842E-06
Receiver 33;63 Hz.;125 Hz.;250 Hz.;500 Hz.;1000 Hz.; 2000 Hz.;4000 Hz.; 8000 Hz.
Early Decay Time (EDT);0,39406490243040815;0,40719937221706576;0,4899004601184581;0,5687205811272354;0,6132127390608945;0,5692753430202684;0,5964332943894445;0,8164805067877006
Reverberation Time (T-10);0,4032232546162498;0,43357862867126434;0,5448516070709243;0,6600300718533647;0,6993687619949114;0,6813118577156555;0,7123348778743755;0,886016989673639
Reverberation Time (T-15);0,41037993843121867;0,4376814563591159;0,5886760116270264;0,7166947793142392;0,7367008680803756;0,7334335836583701;0,774327167040111;0,8937594862750741
Reverberation Time (T-20);0,41670259354759653;0,44790642108820117;0,604184229593225;0,7399509539684573;0,7834543903451425;0,8119292340611832;0,821495131266049;0,8991176455935569
Reverberation Time (T-30);0,4269731081023422;0,46511785907932407;0,6303338273421673;0,8069057895371924;0,8501228415446915;0,8648305667602432;0,8682125480033893;0,9066983993294625
Clarity - 50 ms (C-50);7,298439088503395;7,2850012304946095;5,552229787524129;4,854741524034266;4,525588517575104;4,57413088725604;4,259219929803512;1,692786231689617
Definition/Deutlichkeit (D);84,29743952751801;84,3024583740516;78,21855021456699;75,36996082854134;73,92463762812262;74,13951560237668;72,79509806051449;59,661894908038505
Clarity - 80 ms (C-80);12,40634428282694;12,057249353904089;9,69591138432367;8,614290874990518;8,093983290750606;8,56184620980028;8,03186169931559;5,1784581598271355
Center Time (TS);25,40090167007294;25,23084151814226;31,902831248250934;35,799700929339465;37,69749094041676;36,803441876190014;39,06361532383202;56,24056840676071
Strength(G);10,970597116596586;9,971531208943524;10,824005930017577;10,757352564012251;10,988099870875502;10,78135013720324;11,360437615438862;13,430019439744484
Lateral Fraction(LF);5,4271964354375146E-08;6,278308763261133E-07;0,0002129874245952822;0,0005244643973981108;0,0005399264376846708;0,00017009962998038055;7,158426671546894E-05;2,3309447766498514E-05
Lateral Efficiency(LE);2,310513010238152E-08;2,8702684646303944E-07;0,00010040709256570165;0,000269817878720108;0,00026914497541422473;9,012252704196849E-05;3,815087569444409E-05;1,4280743967487366E-05
Receiver 34;63 Hz.;125 Hz.;250 Hz.;500 Hz.;1000 Hz.; 2000 Hz.;4000 Hz.; 8000 Hz.
Early Decay Time (EDT);0,39255095050484917;0,39493275253204335;0,49980468260549404;0,5813966749340702;0,623079037288316;0,5722266776967254;0,5920109719870579;0,8337429950360571
Reverberation Time (T-10);0,409793187708753;0,44895826485566553;0,5583661642215048;0,7112264385995757;0,7193725927453092;0,7286924214176282;0,7084538473191354;0,8860374003375244
Reverberation Time (T-15);0,4115451949710809;0,45436807196887885;0,5913212946158677;0,7227116000334735;0,7439057237288634;0,7626552168274445;0,7693311534815818;0,891995536064062
Reverberation Time (T-20);0,4173362330721634;0,4574873234897653;0,6092828551233711;0,764955767131194;0,7801741724653899;0,8156874921749399;0,8325996900339574;0,8986550903066058
Reverberation Time (T-30);0,4270030142059716;0,4735711001443259;0,6354447411725233;0,8015830995700249;0,851254379194055;0,8778222086756406;0,895552745353475;0,9062788012426519
Clarity - 50 ms (C-50);7,2012428420391945;7,416120862828025;5,4718664721387995;5,052126591812954;4,7176208671069775;4,914944123372586;4,478289311098038;1,7621208192994684
Definition/Deutlichkeit (D);84,10993925108954;84,74724516323043;78,00824214812468;76,19309428682716;74,76791307846369;75,62012385969746;73,71415420912251;60,006676732987685
Clarity - 80 ms (C-80);12,232581172042483;11,964978632253125;9,58023931195084;8,346029939652201;8,106458577647942;8,491377684084696;8,134471719427848;5,028552890386637
Center Time (TS);26,060664873525063;26,003874207921136;32,74816748015241;36,47834817289181;37,5817159637287;36,93434071803264;39,463099535267574;57,03507731853451
Strength(G);11,401341268738676;10,510786114813428;11,417127217541612;11,383654870620731;11,748742044988958;11,416807179065074;12,198317572557372;13,9965017466358
Lateral Fraction(LF);5,2669935012158804E-08;6,551357116057178E-07;0,00021510770549617895;0,0005283158674047327;0,0005588633681922482;0,0001684865562142499;7,41866309526005E-05;2,398712641336115E-05
Lateral Efficiency(LE);2,219301545555204E-08;2,7799219181994597E-07;0,00010152662616274385;0,0002496239922658202;0,0002425464364646631;7,798297690876962E-05;3,506170313216872E-05;1,4086407299515069E-05
Receiver 35;63 Hz.;125 Hz.;250 Hz.;500 Hz.;1000 Hz.; 2000 Hz.;4000 Hz.; 8000 Hz.
Early Decay Time (EDT);0,35895222954500206;0,3793273955473084;0,46960182414669205;0,5092422832483411;0,5502286770829864;0,5416493678440121;0,5242330319511489;0,7868281327560701
Reverberation Time (T-10);0,38213378811988524;0,4238899423009595;0,5366646035604408;0,6684486685566133;0,7051238952911599;0,7119496482957073;0,6676087516942028;0,8526480856626506
Reverberation Time (T-15);0,3971638571286264;0,4343885932654612;0,5522365109881602;0,6633260891850709;0,7014760708377772;0,7141901084287596;0,7126270100731257;0,8696932742747893
Reverberation Time (T-20);0,4079453814392882;0,438547963480237;0,5690585520719917;0,6874931427994582;0,7438341271887671;0,7314246385852647;0,764023811815455;0,8772273908685057
Reverberation Time (T-30);0,4210389709626106;0,45129300405996275;0,6012013760079825;0,7562872377022557;0,821033144850916;0,8090227923724773;0,8319797910671389;0,8884912919414412
Clarity - 50 ms (C-50);8,868672945090122;8,50113198952722;6,496199355235117;6,363144694552742;5,978136522307777;6,1325538874909835;5,581834605646964;3,1595442743911417
Definition/Deutlichkeit (D);88,51456508102697;87,62575840664427;81,69479999682427;81,23218669000794;79,843100106997;80,4092659587583;78,33446487044078;67,42590508815039
Clarity - 80 ms (C-80);13,823217996122718;13,09875106282381;10,53436541352884;9,553213378422367;9,117508375221405;9,292975839947564;9,252010521062049;6,03688413296212
Center Time (TS);20,598845006402534;21,183758344679035;27,701089052769984;29,61279589105373;31,600074480193342;31,12469841260946;33,32031095991289;48,22158523438154
Strength(G);9,13027828445803;8,413464083218695;9,398821623308152;9,505437727487951;9,729625630582248;9,570058771111903;10,21727741291317;11,383034478732483
Lateral Fraction(LF);3,588192709714256E-08;4,3358243032310026E-07;0,00015192808788708716;0,00038547393495692395;0,0004036409103582893;0,00012929999780025687;5,387004088085704E-05;1,670146111871543E-05
Lateral Efficiency(LE);1,2125965046122179E-08;1,5938005264652176E-07;6,0837591127117816E-05;0,00015877723194727373;0,00015195983318583184;4,657588171659867E-05;2,206800795166637E-05;8,633856069011794E-06
