Pachyderm Acoustic Simulation Results
Saved 22.12.2024 22:57:02
Filename:ORASE_FlatCeiling_Rough_Concrete (2).3dm
Source 0;
Receiver 0;63 Hz.;125 Hz.;250 Hz.;500 Hz.;1000 Hz.; 2000 Hz.;4000 Hz.; 8000 Hz.
Early Decay Time (EDT);0,24422517666546725;0,3527105019372856;0,42453923218502604;0,5023738995644309;0,5193995508973315;0,5131838424564718;0,5065276371312163;0,49447552749308477
Reverberation Time (T-10);0,29867995744587356;0,39202420660079007;0,39747315157914753;0,4189531007704047;0,44066326875354883;0,4378506301389419;0,43986705223257966;0,42855210389824044
Reverberation Time (T-15);0,25739922146904315;0,328648391968107;0,38841581468535263;0,4204354690613904;0,43718656607751893;0,4347157690688329;0,4328353091416415;0,4267528211457595
Reverberation Time (T-20);0,26459298710149876;0,32674418076436135;0,38236005910893944;0,41525549199587974;0,4303722371734248;0,4286213792924548;0,42850906465417077;0,42797019063451147
Reverberation Time (T-30);0,26112582852011085;0,31987681000586315;0,36752018872328995;0,38873991400777375;0,39994136565370453;0,39808520734932523;0,3977954416680987;0,4146547231717618
Clarity - 50 ms (C-50);18,013457271532587;16,684122950535123;14,045230683982153;12,88520156354468;12,386837550837598;12,410246525227198;12,25657251000564;12,483595871701619
Definition/Deutlichkeit (D);98,44458562579781;97,89928458125918;96,2095135339844;95,10574497441647;94,54309895351368;94,57084055187697;94,38626936601575;94,65690713039486
Clarity - 80 ms (C-80);24,661929213839198;22,230045719845215;18,792544867047365;17,238552381112402;16,59155433885545;16,626304141757103;16,544951122723475;16,78665524846234
Center Time (TS);4,772931475521733;4,517356785170152;6,784024063601762;8,217396615905876;8,846946758223456;8,86036461600597;9,118428610241025;8,847513204589367
Strength(G);12,454988334913644;12,194195854814271;12,463902658389522;12,618803423983834;12,673946365526916;12,683388195826865;12,710273485926045;12,672304404443636
Lateral Fraction(LF);1,6400512371683264E-08;1,7635800392396075E-07;7,194589392324321E-05;0,0002025906710096172;0,0002106595514070086;6,685528795965117E-05;2,716304283754253E-05;8,456687312029907E-06
Lateral Efficiency(LE);4,783177729566043E-09;6,180549774856621E-08;2,831686475659938E-05;8,388392276342528E-05;8,82771477303287E-05;2,805480251169405E-05;1,159564165411591E-05;3,5093835462026404E-06
Receiver 1;63 Hz.;125 Hz.;250 Hz.;500 Hz.;1000 Hz.; 2000 Hz.;4000 Hz.; 8000 Hz.
Early Decay Time (EDT);0,29898474385532603;0,2707431615563627;0,2888620179499315;0,35400445059053376;0,4001487833448041;0,38379845417280317;0,40474139619075383;0,4392719808187042
Reverberation Time (T-10);0,3065909743487693;0,35324061029379883;0,42011196206795504;0,45489385682667255;0,4674010990147264;0,46267682453955017;0,47168264432113854;0,567591618412555
Reverberation Time (T-15);0,2883344015378583;0,3379019813702981;0,44176457576906475;0,4895865695497962;0,4990394462680994;0,4973041658288788;0,500790346348393;0,6210721620019767
Reverberation Time (T-20);0,3068721190327912;0,37054551493006743;0,45327447451713143;0,4926885612714835;0,5265973254385012;0,5096288989907068;0,5136720797280147;0,6585313465254872
Reverberation Time (T-30);0,32556745467408943;0,379841984380738;0,46416388538064934;0,5023381509901834;0,5561167767926757;0,5300943070535211;0,548953023678801;0,7466472536256021
Clarity - 50 ms (C-50);17,84331841290707;17,549335988090487;15,285791422998615;14,291757689301628;13,781214902243665;13,971156915575335;13,733491262611102;12,07070745791036
Definition/Deutlichkeit (D);98,38344610122049;98,27218588547039;97,1242666735296;96,41118037531947;95,98148161677193;96,14682054755694;95,93888273201789;94,1551504596766
Clarity - 80 ms (C-80);22,756006923488584;21,439480360025826;18,48581236957003;17,327189061499194;16,753909349638754;16,799935439972195;16,689486269395477;14,438092591430191
Center Time (TS);4,009415535379821;3,583447500973408;5,015776552266794;5,838174577240875;6,514116715662331;6,345564278215143;6,591814426078569;9,376634681026216
Strength(G);15,723431778303258;15,599726533124432;15,694456764248471;15,70687705606774;15,75713475689075;15,737988091499695;15,772438043734041;16,11662414860156
Lateral Fraction(LF);1,1214509222253702E-08;1,272395489599723E-07;4,747049791777878E-05;0,00012498029611400616;0,00013178096981441157;4,137609372792501E-05;1,628684161555262E-05;6,224541783729967E-06
Lateral Efficiency(LE);3,617126954139715E-09;4,4186332524764925E-08;1,730004378056166E-05;4,909114660984488E-05;5,3290577429410615E-05;1,675928457969661E-05;6,88584053329117E-06;2,663071128719823E-06
Receiver 2;63 Hz.;125 Hz.;250 Hz.;500 Hz.;1000 Hz.; 2000 Hz.;4000 Hz.; 8000 Hz.
Early Decay Time (EDT);0,40854903841535134;0,34257997639443694;0,5468803852211871;0,7682953889873844;0,7587989647901252;0,8762827655629865;0,5039313602131101;0,4406922106875289
Reverberation Time (T-10);0,289602179102745;0,2897266142668736;0,4049912938017034;0,4612863513231736;0,4804651247000422;0,46569960885707823;0,48140606408277975;0,6133119755996479
Reverberation Time (T-15);0,3154620398109782;0,3426890849086963;0,45083901521351694;0,49676822905326173;0,5188758219209577;0,512872139865077;0,5315827064369602;0,7003941421585048
Reverberation Time (T-20);0,33119692880888285;0,3766865126536875;0,4828163213186712;0,5252038987266754;0,5778591225356178;0,5474156284345659;0,5705179697321057;0,7516100719797324
Reverberation Time (T-30);0,3565428055902048;0,4027500036757051;0,5144885400871739;0,577108610924873;0,6475703437117054;0,6127174986356659;0,646501643270206;0,8156347432112526
Clarity - 50 ms (C-50);18,652706733431266;18,24075362116825;16,379497300432668;15,769695255049141;15,18765308393321;15,557806063209789;14,93328057296064;12,61166859676198
Definition/Deutlichkeit (D);98,65461453725523;98,52272598900406;97,75007840379345;97,41965913627459;97,06047535575419;97,29413542535636;96,88867790947626;94,80410594385187
Clarity - 80 ms (C-80);23,505249442005905;22,322692153863855;19,60809796059013;18,93348690220717;18,31466092854504;18,476814148701067;17,862419901444266;14,932255950125066
Center Time (TS);2,8894728770495917;2,8900880194015905;3,82148557539481;4,117237351881436;4,572403550990891;4,393585771582563;4,873209596657544;8,076478562591594
Strength(G);19,595449577515105;19,592365591836597;19,60934949573945;19,581136438250923;19,604584197900074;19,599926799847836;19,64915583312076;19,941467392004924
Lateral Fraction(LF);6,111406548895232E-09;8,37279478095451E-08;2,777490524399207E-05;6,962671066521887E-05;7,364398378689121E-05;2,3907099843602563E-05;9,67000863862408E-06;3,7821113761683E-06
Lateral Efficiency(LE);2,2374812658323713E-09;2,9600751152005824E-08;1,1034333379424577E-05;2,736136459077611E-05;3,0401717553413347E-05;9,223580216014989E-06;3,922620947348333E-06;1,7987516433637366E-06
Receiver 3;63 Hz.;125 Hz.;250 Hz.;500 Hz.;1000 Hz.; 2000 Hz.;4000 Hz.; 8000 Hz.
Early Decay Time (EDT);0,2749416192582251;0,22513880420925914;0,2914940907488044;0,2842122817080071;0,3046784279262908;0,26109992687638023;0,30661890657382956;0,5201958451789465
Reverberation Time (T-10);0,3279108542268227;0,3123839935763528;0,41183719048967277;0,4491094169032901;0,4960570301801695;0,4578296321054283;0,49735317808603985;0,684426505616249
Reverberation Time (T-15);0,34278684627436257;0,35842454766618476;0,46565622128231104;0,5034817368534884;0,5398375047499274;0,5104976439386165;0,5566780174534748;0,7463365366768571
Reverberation Time (T-20);0,3528108446140218;0,38878865792207246;0,5005557120071151;0,5576107519637804;0,602858731536958;0,5809729666790316;0,6194133624926392;0,7897676195648731
Reverberation Time (T-30);0,37129370560225544;0,4186881803896611;0,554009663921275;0,6413979649591104;0,740279579374712;0,7103298284304409;0,7481714201492583;0,8459148074774441
Clarity - 50 ms (C-50);16,290512169837935;16,186108435487125;14,357630592415893;14,070127412367128;13,462045797364212;13,868759352174466;13,159904006684165;10,389629120177368
Definition/Deutlichkeit (D);97,70624334975807;97,65137529538217;96,46747690355714;96,23218241509748;95,68934688040662;96,05956401290076;95,39457941926639;91,63573462066401
Clarity - 80 ms (C-80);21,223190021628263;20,523621850492585;17,896246341153006;17,455061575128536;16,709128356879077;17,361976935037056;16,445975639690033;13,00014985678902
Center Time (TS);4,387452616932495;4,392114668522349;5,737878628454739;6,0122640648302905;6,546235517121084;6,102965624303613;6,964222704000632;12,333476288865686
Strength(G);19,95145183947527;20,013101195265573;20,010323151971534;19,963401976515755;19,970063513911207;19,971791402865655;20,046914984825193;20,606507967908954
Lateral Fraction(LF);7,79419420624105E-09;1,0991345672061877E-07;3,7360050051225095E-05;9,020433825813692E-05;9,402453661071325E-05;3,0071221886453757E-05;1,2775585219724737E-05;4,902818140595156E-06
Lateral Efficiency(LE);2,886712767934887E-09;3,4280799982775655E-08;1,375868260318635E-05;3,395469920600033E-05;3,6025795511823896E-05;1,0563234156197316E-05;4,716436687131327E-06;2,132026863898178E-06
Receiver 4;63 Hz.;125 Hz.;250 Hz.;500 Hz.;1000 Hz.; 2000 Hz.;4000 Hz.; 8000 Hz.
Early Decay Time (EDT);0,2874620991691505;0,28520412238272985;0,37236553032212105;0,4166786389911909;0,42994138867221016;0,4236144287270446;0,45776327648504994;0,6356069159165546
Reverberation Time (T-10);0,34443314516839046;0,3722663679182132;0,4368657087512957;0,4925723507604278;0,5445733553650978;0,5174863338904914;0,5501535489642024;0,757968845102423
Reverberation Time (T-15);0,3519105864369362;0,38298738506698493;0,4862606566889496;0,5417521525975596;0,586783705333773;0,575964982540735;0,6137092197299091;0,8003123959110727
Reverberation Time (T-20);0,35985989745114555;0,39971181861588184;0,5246043892589634;0,5958366616637419;0,6421697853376118;0,6338946388524129;0,6856577639802103;0,8303078233598942
Reverberation Time (T-30);0,37770430821644363;0,431260058038237;0,5818410708577467;0,6835424309825133;0,7933840044013668;0,7791522587257121;0,7926639049123078;0,874069072420399
Clarity - 50 ms (C-50);13,25909259405199;12,73131414752999;11,187555032417436;10,477905083060042;10,209385652226272;10,55029258510109;9,961027025128189;7,40146788185606
Definition/Deutlichkeit (D);95,5096421757355;94,97288516932717;92,95954678428018;91,79712889637666;91,31383153447784;91,91538214129173;90,86840511303703;84,79093882688628
Clarity - 80 ms (C-80);18,400789620771498;17,577868863943568;15,105916346507378;14,395306346131829;13,575802312707363;13,932008891449888;13,47917673526397;10,194969615655214
Center Time (TS);8,533564107668624;9,04512787154281;11,62793165891716;12,357525787195533;13,453183645832251;12,749435935975749;13,96907346911726;22,473656110229456
Strength(G);16,94301628177345;17,176204759116086;17,356194206932088;17,2501256957418;17,27754329398696;17,15557417410362;17,376993544380262;18,2160895770699
Lateral Fraction(LF);1,7174999507814105E-08;2,146327868818371E-07;7,95314147858183E-05;0,0001835515649074922;0,00019094085425535323;5,8932188799734125E-05;2,3731873260345925E-05;9,394846710939357E-06
Lateral Efficiency(LE);6,3049412935947835E-09;7,193452368031131E-08;2,8136597853813984E-05;6,974194283565637E-05;7,262600333662818E-05;2,2097571575718873E-05;9,627245877968377E-06;4,189603294003333E-06
Receiver 5;63 Hz.;125 Hz.;250 Hz.;500 Hz.;1000 Hz.; 2000 Hz.;4000 Hz.; 8000 Hz.
Early Decay Time (EDT);0,29849425162416704;0,3369152507351588;0,3821332847860631;0,43562477066371336;0,4517254762964358;0,45969214186614715;0,4789853048911205;0,6362079889152729
Reverberation Time (T-10);0,3361752929777544;0,36939178665521843;0,42904091705490066;0,48060695017266736;0,5329804739218816;0,5398365654018503;0,5536947076876367;0,7270921134566007
Reverberation Time (T-15);0,3400713810715712;0,3736217652266876;0,4651125767405115;0,510729473702515;0,5509330204030587;0,5696488992885259;0,5803911801910335;0,7693758941705753
Reverberation Time (T-20);0,34676306800761614;0,39161823732010465;0,4948544010567262;0,5579247906491374;0,5973197351563084;0,5910383113711665;0,6213747738803101;0,8025381995467028
Reverberation Time (T-30);0,3676313080770458;0,4169817166354364;0,5541568354445934;0,6628927055495103;0,722937740968605;0,7125142429709298;0,7415598540287911;0,8531863518711525
Clarity - 50 ms (C-50);13,074562179473237;12,175872495544438;10,707115318145712;9,840249072822948;9,433334143116557;9,529298853934074;9,128169745810974;6,952579949024481
Definition/Deutlichkeit (D);95,31212426153029;94,29840213941925;92,18469862454788;90,60612801932419;89,7808831348658;89,97952841521018;89,12076430841408;83,28455652319956
Clarity - 80 ms (C-80);18,35286058426956;17,137539600740297;14,834555963170102;13,85737986055661;13,031806025162215;12,942746120767426;12,60152744316751;9,919876777059
Center Time (TS);9,644358263934038;10,70577781878327;13,459363758654566;14,798755703763419;16,108305269565033;15,932423253258738;16,93323928963457;24,41436205728613
Strength(G);13,791013221215707;14,025266078900362;14,420751616797219;14,457651109012602;14,510146081084926;14,340116273831782;14,492941503165234;15,04962676348029
Lateral Fraction(LF);2,471397201914439E-08;3,1230845774303703E-07;0,00011068296748699825;0,0002714812525646604;0,0002774379742230308;8,938975036580316E-05;3,574318587062681E-05;1,2659735572205048E-05
Lateral Efficiency(LE);8,178607054807006E-09;9,979947094596371E-08;3,737428107535886E-05;9,431145839597229E-05;0,00010801846587762305;3,124530579919338E-05;1,404876245579941E-05;5,500153707066417E-06
Receiver 6;63 Hz.;125 Hz.;250 Hz.;500 Hz.;1000 Hz.; 2000 Hz.;4000 Hz.; 8000 Hz.
Early Decay Time (EDT);0,3196460046819634;0,37497014360416725;0,5260318503164149;0,5234841539999805;0,5153178663730914;0,5095462589643271;0,508852093606236;0,4877459010541238
Reverberation Time (T-10);0,29313683281370717;0,37780800733109404;0,4041193604020965;0,4539540370512163;0,47100218881744416;0,46859649942375925;0,46853074923388316;0,45517594593805866
Reverberation Time (T-15);0,264945019254756;0,3495419479225577;0,4111630573631717;0,4388537324299147;0,4583739861367435;0,4559957866714763;0,45690533143849826;0,44768424600924034
Reverberation Time (T-20);0,26797339065807557;0,3405338590696679;0,4028152699852459;0,4416942349661025;0,45636561705035594;0,45489036593190246;0,45575296006846144;0,4534952139628755
Reverberation Time (T-30);0,27619395316298245;0,33251349891995746;0,3812106747091677;0,41118693477034507;0,4143318403676641;0,41463263424427316;0,41532936205148635;0,43840751430388647
Clarity - 50 ms (C-50);17,13058892916048;15,92123873307922;13,214043683383242;11,991537718618986;11,501221740834175;11,537773290132527;11,44275349089201;11,645024121437181
Definition/Deutlichkeit (D);98,10061571578865;97,50593830344049;95,44639693975301;94,0540181109095;93,39033058482497;93,44209335149209;93,30674041021136;93,59180925070272
Clarity - 80 ms (C-80);23,82111100605972;21,244670511574153;17,69546808547797;16,141218654247613;15,468679675666694;15,517602292317624;15,417176975653966;15,739934944793557
Center Time (TS);5,276026825919196;4,976777183548505;7,67237145985615;9,425767692324154;10,238242748345161;10,20912233397209;10,446996937807816;10,13601809678437
Strength(G);10,986096947835314;10,671292679504603;10,970151507090812;11,148610738753632;11,235329377832535;11,23473239488704;11,263362827623332;11,242189574154011
Lateral Fraction(LF);1,7224374690739E-08;1,6776405123920162E-07;6,970187914559445E-05;0,0001987650013280498;0,0002088075273158365;6,596799983760788E-05;2,685859476570785E-05;8,421791399389984E-06
Lateral Efficiency(LE);5,4679075287158E-09;6,70336585321525E-08;3,0594163933005976E-05;9,088508032754812E-05;9,631994549342376E-05;3,0339667603973943E-05;1,23444286381432E-05;3,7920491847570264E-06
Receiver 7;63 Hz.;125 Hz.;250 Hz.;500 Hz.;1000 Hz.; 2000 Hz.;4000 Hz.; 8000 Hz.
Early Decay Time (EDT);0,35405679691922887;0,4082888600879972;0,48096355355125286;0,5811685971605586;0,5991609139115509;0,5833092056347627;0,5772983596519978;0,5883451941134111
Reverberation Time (T-10);0,32446054387998335;0,36728943084955396;0,4309658861721922;0,47416884267890397;0,5030135008890648;0,48817066875953957;0,4827739037884217;0,5962578229507601
Reverberation Time (T-15);0,304976685574621;0,3538130462602696;0,44984180736526685;0,4774874819558363;0,5033999196052317;0,5027276963553294;0,49960718635625656;0,6272272970567297
Reverberation Time (T-20);0,31306725361592574;0,37021988584459986;0,46171461403360203;0,4836902901535235;0,5317705500376481;0,5261617371741107;0,523651097580418;0,680579760425768
Reverberation Time (T-30);0,33603765905902094;0,38508772466219243;0,4673549957550705;0,521249787725802;0,5687136094220032;0,5443889601782594;0,5700772359052704;0,7862108366481966
Clarity - 50 ms (C-50);15,676081237725384;15,479499155585613;13,178763237521114;12,216446839963236;11,779436659266798;12,120830084041591;11,866708699610506;9,847113127609456
Definition/Deutlichkeit (D);97,36491655694566;97,24625963528854;95,41095900521863;94,33711297777569;93,77494554724046;94,21834136472773;93,89122492072558;90,61393264454361
Clarity - 80 ms (C-80);21,259949441513047;20,026047274504677;17,042162494368135;16,02820497178166;15,331720361539741;15,592570842176405;15,365781405083629;12,834129565807824
Center Time (TS);5,974797284546154;5,40634493237597;7,548500171740229;8,597280687521112;9,396323325800893;8,897219740701377;9,56120203537958;14,012793825297063
Strength(G);13,140628821179291;12,969342969035011;13,056476511195527;13,08428155871961;13,134079177528449;13,099700291057694;13,203026030615575;13,576545045760405
Lateral Fraction(LF);1,525785407929043E-08;1,6770769536057098E-07;6,203708837806778E-05;0,00015990730024352661;0,00016181506206912935;5,123457339386576E-05;2,146731194350801E-05;7,847988878536729E-06
Lateral Efficiency(LE);5,919452250900476E-09;7,019015325790468E-08;2,7576516483014663E-05;7,590785622776023E-05;7,801643700249348E-05;2,372549276786183E-05;1,0252414484790404E-05;4,203653959387597E-06
Receiver 8;63 Hz.;125 Hz.;250 Hz.;500 Hz.;1000 Hz.; 2000 Hz.;4000 Hz.; 8000 Hz.
Early Decay Time (EDT);0,3590941675437421;0,3888504442105665;0,4424286715352199;0,5176678190769305;0,543611661059809;0,5356544910378209;0,5730849000337104;0,6352981064733466
Reverberation Time (T-10);0,34345373745207836;0,3842447459684652;0,4746978228843329;0,5147819091630207;0,5448148179876603;0,5266555483663944;0,5518022811961666;0,7089082357712144
Reverberation Time (T-15);0,3392743214338761;0,3981725917202489;0,49896015523790244;0,5433859057929277;0,5731647874908589;0,5553617205114856;0,5862958332652205;0,7493828946609224
Reverberation Time (T-20);0,35227672870073085;0,4087357291839989;0,5145348295449974;0,5698254555859051;0,5985850646818934;0,5919100525599361;0,6191865692215183;0,7842915176967065
Reverberation Time (T-30);0,3664016505053228;0,42106145976720977;0,5404946542418723;0,6176650486460572;0,6848122928715988;0,6823982943595099;0,7117214157980516;0,8400961702825812
Clarity - 50 ms (C-50);14,261250204044629;13,97916969615348;12,060882685527151;11,536744514527225;10,85314714882749;11,339072831361134;10,938891961564858;8,543944449968485
Definition/Deutlichkeit (D);96,38679566842893;96,15364996047596;94,1426884108169;93,44064161154245;92,40737551662504;93,15609471401262;92,54474397910107;87,73225234336556
Clarity - 80 ms (C-80);19,697886909099317;18,56492485931694;16,06360978619292;15,246134691442833;14,552997321653347;14,983535830878768;14,373445610358841;11,381487457568324
Center Time (TS);6,72413658176796;6,359565549494317;8,544985447262023;9,351616061429688;10,715047223600546;9,806481608709369;10,615148372870784;17,673620245062217
Strength(G);14,915686392175399;14,822132857740279;14,897320679311015;14,844066680794953;14,973623213625785;14,911081589110012;14,93948531074129;15,652893979479856
Lateral Fraction(LF);1,3288440532143853E-08;1,7460784758993187E-07;6,212601734279435E-05;0,0001509556562760713;0,00016988044290032665;5,2251947119615745E-05;1,986264378967896E-05;8,191919930471824E-06
Lateral Efficiency(LE);5,787614645739E-09;6,887174081007402E-08;2,694697981411857E-05;7,055973670779236E-05;7,893377073573599E-05;2,337302977864694E-05;9,615610026816245E-06;4,37009037111248E-06
Receiver 9;63 Hz.;125 Hz.;250 Hz.;500 Hz.;1000 Hz.; 2000 Hz.;4000 Hz.; 8000 Hz.
Early Decay Time (EDT);0,37117376118793716;0,35995910847430235;0,4360286890022613;0,45321690062792414;0,5376967442073706;0,484970005880678;0,5104267645539539;0,6452806999435606
Reverberation Time (T-10);0,3593022023661593;0,3965646900289962;0,48399496083026966;0,5120026011816521;0,5696580689749654;0,506597435124312;0,5561041588416564;0,7425323934984841
Reverberation Time (T-15);0,3572140161779652;0,39795424070059;0,5121124996662932;0,5460702452841615;0,6011562824797345;0,5605792657626046;0,6213214802918464;0,7896596199489161
Reverberation Time (T-20);0,3630485401970073;0,40736513084109294;0,538291691513509;0,5926416566744195;0,6298115706401323;0,6174875547314024;0,6739286703986854;0,8234580369568233
Reverberation Time (T-30);0,3763122637216506;0,4286035575706678;0,5781749697084706;0,6804349459059295;0,769617554264483;0,7693800483407123;0,7946703925581121;0,8683678568530294
Clarity - 50 ms (C-50);12,605243584095279;12,488289437576217;10,991193741964523;10,626650078302058;10,065740060685437;10,512098881342665;10,01892139098257;7,303084091171392
Definition/Deutlichkeit (D);94,79982033050337;94,66866132057747;92,63880445460183;92,03635911720312;91,03590444142263;91,84225572686536;90,94949770160021;84,32612469613096
Clarity - 80 ms (C-80);17,907245297954887;17,338254433549306;14,802500630833302;14,467846637059644;13,435424759880352;14,289652872138575;13,529707095908524;10,23316418753906
Center Time (TS);9,2155311178233;8,615638167994108;10,936085831760693;11,518569204249443;12,887105699980067;11,91321674819127;13,296451797174681;22,687109880627617
Strength(G);15,475721844961702;15,381008798739359;15,46849735404178;15,433847156297837;15,432800714489893;15,413454249764456;15,556009223900709;16,68328725988205
Lateral Fraction(LF);1,4894713869397267E-08;1,9233548066676165E-07;6,563756242456743E-05;0,0001642451656686683;0,0001652251541330494;5,557402843098315E-05;2,271266648526523E-05;9,194009923793058E-06
Lateral Efficiency(LE);6,654647739368484E-09;7,251912984963798E-08;2,697202321558987E-05;6,361894990590144E-05;7,661893595633528E-05;2,432736969631422E-05;9,451282624691379E-06;4,378166217229105E-06
Receiver 10;63 Hz.;125 Hz.;250 Hz.;500 Hz.;1000 Hz.; 2000 Hz.;4000 Hz.; 8000 Hz.
Early Decay Time (EDT);0,35910676134997876;0,3728815777344126;0,44088110265351604;0,4930087071820644;0,49556935372822425;0,48941850665768466;0,49969361974334836;0,680042730604264
Reverberation Time (T-10);0,3544534072735463;0,38685327809641995;0,48364008398970837;0,531744601755536;0,5709586297079015;0,5467293127918581;0,5638261039162734;0,764351915977
Reverberation Time (T-15);0,35952514794106577;0,3952640797611319;0,5209633180406842;0,5691562468139283;0,6003703706958972;0,5900862384974089;0,6368306046726436;0,8097199400394515
Reverberation Time (T-20);0,36436957572548107;0,4068171355533614;0,5469462702385176;0,6127247437754157;0,6714314627819965;0,6550100906693022;0,716333054672606;0,8402060797892875
Reverberation Time (T-30);0,3812417330120723;0,43684003875834587;0,6026539552912146;0,7045829152913798;0,8267389260692589;0,8105512879013875;0,8229195107592382;0,8851927598781334
Clarity - 50 ms (C-50);11,616356249129753;11,343208074312429;9,857103481892498;9,227414883344673;9,103471633503549;9,428579415950484;8,876330661842234;6,245837061468137
Definition/Deutlichkeit (D);93,57532101778409;93,20313401221982;90,66411905225219;89,34677632234671;89,0709704192568;89,77426852842954;88,5763179216242;80,98954616385615
Clarity - 80 ms (C-80);16,85426699575508;16,187887313217782;13,795292484981307;13,110576391550836;12,439464519020527;12,786373575648671;12,487793452130948;9,117251387765542
Center Time (TS);11,487521636919759;11,331109625179602;14,169154008138745;15,36771591195158;16,305658594948007;15,54709188369462;17,257851575388653;27,729347921679583
Strength(G);14,536416162713287;14,647083767670658;14,776598455405335;14,659596103672143;14,834823314074114;14,617640986544373;14,893820625449663;16,012127959256674
Lateral Fraction(LF);2,0353453820098847E-08;2,286063367599185E-07;8,076227268170073E-05;0,00019444674521492035;0,00019784104781603968;6,26484935605397E-05;2,6409790713310753E-05;1,0457124400254346E-05
Lateral Efficiency(LE);8,455003661756861E-09;9,244805144785772E-08;3,6004487487074826E-05;8,63292214883912E-05;8,879300928224652E-05;2,8364283523629336E-05;1,1843314035623462E-05;5,306645820408699E-06
Receiver 11;63 Hz.;125 Hz.;250 Hz.;500 Hz.;1000 Hz.; 2000 Hz.;4000 Hz.; 8000 Hz.
Early Decay Time (EDT);0,3592616643148085;0,35566586694407354;0,455091331428439;0,4838529053853513;0,49329250727885604;0,49613593654366434;0,487321622231036;0,655282570877189
Reverberation Time (T-10);0,3464251759413622;0,37393210816156264;0,455694671872257;0,5010107286941892;0,560376064471851;0,5362410060595166;0,5595726366459265;0,7175928438647192
Reverberation Time (T-15);0,34728120555108766;0,38144804760423306;0,4725717962269726;0,5239313492671754;0,5565156028665719;0,5651706142802618;0,577211754511065;0,7697981562125741
Reverberation Time (T-20);0,3525804827881448;0,4006449514047898;0,4985769453755007;0,5624673145524567;0,6101723827726288;0,5851562801442157;0,6351585966275937;0,8141462710770536
Reverberation Time (T-30);0,36959291564750657;0,42319376943775366;0,5677566338980706;0,6670124290044317;0,7516175686705643;0,7259267169863911;0,7568087956518247;0,8637998350046632
Clarity - 50 ms (C-50);12,144368598984894;11,931982362328915;9,747392929330244;9,113568574520665;8,905353707911882;9,106844461710851;8,863405585699027;6,4884590163672815
Definition/Deutlichkeit (D);94,26336852903742;93,98818058400047;90,42403858525627;89,07848138985845;88,6035824601811;89,06186196835412;88,5206448540981;81,7242115600664
Clarity - 80 ms (C-80);17,564268817093755;16,695173456036592;14,078424321414488;13,13864284093123;12,290100272616499;12,687874582368169;12,25271881720617;9,501393670575805
Center Time (TS);10,829303756521043;11,142577106026149;14,932510957837497;16,47041529183369;17,47719157764011;16,98604792713332;18,04039374298236;26,665357200011123
Strength(G);12,245385451435933;12,567299779366884;12,78037813567957;12,838158593752652;12,947979744941676;12,705446834090345;13,012038059617112;13,59002926363592
Lateral Fraction(LF);2,281895404161358E-08;2,469592860518266E-07;9,70975029928705E-05;0,00022814634349427475;0,00023430036104347938;7,459123182935251E-05;3,127849293940434E-05;1,1675326927189645E-05
Lateral Efficiency(LE);9,911742146926633E-09;1,0379442321950084E-07;4,6277887978642105E-05;0,00010991167603692418;0,00011053647699117082;3,650844481912273E-05;1,5118510404948197E-05;6,180807541628596E-06
Receiver 12;63 Hz.;125 Hz.;250 Hz.;500 Hz.;1000 Hz.; 2000 Hz.;4000 Hz.; 8000 Hz.
Early Decay Time (EDT);0,3510362346131612;0,5980121205612717;0,4924751674409957;0,4910765367397837;0,5101735335542708;0,5034653731951059;0,5025752172366221;0,4884546039228007
Reverberation Time (T-10);0,29180793474899025;0,3602761572507428;0,42484508447926345;0,45892410124061983;0,45717102987447233;0,4571581186569269;0,46141289031934785;0,44846699489425135
Reverberation Time (T-15);0,27439468780117054;0,3446214807821895;0,40529883717658316;0,4559719894270471;0,4696139639751404;0,4693259107606424;0,4724560313458212;0,46366281713004015
Reverberation Time (T-20);0,2661519756529093;0,33742167516446175;0,4205355510241524;0,45722867930870376;0,4627925419689003;0,4625010078125273;0,4633416917203157;0,46616643205890845
Reverberation Time (T-30);0,2816028592286768;0,3428179865410684;0,39357154349762097;0,4165358201570592;0,42076693814774985;0,4209574588518181;0,42418600764620146;0,4336961548042589
Clarity - 50 ms (C-50);15,790478442357745;14,416588931241987;11,77045797569663;10,498131409552546;10,039476661018906;10,080305085723463;10,002327950412372;10,219505980877122
Definition/Deutlichkeit (D);97,43166148619555;96,50931748058407;93,76286597946677;91,81358417668292;90,98393470270724;91,06075691236913;90,91351994100074;91,31825536006377
Clarity - 80 ms (C-80);23,049278837179923;20,303138656331512;16,57780249597938;14,97828120022934;14,33182887981321;14,358130875034385;14,236677730156357;14,511046700957902
Center Time (TS);6,392309421505545;6,4038544465675;9,905865862104152;12,211222281390082;13,243840292340238;13,188093761674171;13,460173668531304;13,049842407882096
Strength(G);9,51080539995328;9,106586265677485;9,507073036764545;9,74076843254381;9,841338664639075;9,843526122488377;9,87902830112425;9,840672142882767
Lateral Fraction(LF);1,9646820719476584E-08;1,9278538282688214E-07;8,081672084799405E-05;0,00022978105281173093;0,00024030013504576321;7,605420879367124E-05;3,093793348056413E-05;9,696428543630314E-06
Lateral Efficiency(LE);7,0830538974113055E-09;1,007327690702953E-07;4,504928605411932E-05;0,00013197964487816124;0,00014028054277555953;4,4048707228073355E-05;1,7859891898462003E-05;5,4806884174374405E-06
Receiver 13;63 Hz.;125 Hz.;250 Hz.;500 Hz.;1000 Hz.; 2000 Hz.;4000 Hz.; 8000 Hz.
Early Decay Time (EDT);0,37309654331766406;0,47347463548253366;0,520970585964147;0,5050459816969833;0,5183559538536694;0,5194229075394823;0,5035969174185961;0,5468021717008248
Reverberation Time (T-10);0,3146263406173394;0,34898196811492366;0,4307527022115529;0,45865366750043407;0,47295827420248526;0,4604974750480877;0,455753484614449;0,5592399756556432
Reverberation Time (T-15);0,30508954501852714;0,3488652309021351;0,42892226441578357;0,45777978036487266;0,4708739885409125;0,4684912284999838;0,4615759884584704;0,6278400851290035
Reverberation Time (T-20);0,31062497087214075;0,35318308253396996;0,43874194260159133;0,4754345321034761;0,48879019741386764;0,49572593859848446;0,48185964485618404;0,6778478657557023
Reverberation Time (T-30);0,33581608339885644;0,3777105671764695;0,4638218689730155;0,5245976613899933;0,5092607173397685;0,4794606368208115;0,541351649703675;0,7875468539297327
Clarity - 50 ms (C-50);14,002161550108202;13,867986196086479;11,44977890276719;10,75656027915138;10,299509423413369;10,51509885419328;10,267555560193486;8,437483643428823
Definition/Deutlichkeit (D);96,17318181067628;96,0578404350924;93,31683605194569;92,24985769414769;91,46319384008554;91,84290144011082;91,4055695202144;87,46596942808533
Clarity - 80 ms (C-80);19,945054945540285;18,84385004234282;15,824949587885834;14,935540487627252;14,245574082998662;14,49929960913638;14,280544017308648;11,833801538554269
Center Time (TS);8,322420926292748;7,70314009843265;10,52064806573507;11,821541747626295;12,815170936563105;12,583662608976978;13,117631651658987;18,825809592842862
Strength(G);11,057195820122274;10,746708812759504;10,91267185574042;10,996929255085341;11,106930391793796;11,106139642446465;11,17646977879437;11,621765851691535
Lateral Fraction(LF);2,0497800590150296E-08;2,3547266398430226E-07;7,931217202909244E-05;0,00021366463174707077;0,00021725945635831204;7,089505254536416E-05;2,8272042320361065E-05;1,0482918086235862E-05
Lateral Efficiency(LE);8,806709967240557E-09;1,1182083881248044E-07;4,1354903026382645E-05;0,00011008730894849253;0,00011673700376186867;3,73746551819995E-05;1,5381186835664914E-05;6,345122036457879E-06
Receiver 14;63 Hz.;125 Hz.;250 Hz.;500 Hz.;1000 Hz.; 2000 Hz.;4000 Hz.; 8000 Hz.
Early Decay Time (EDT);0,3652928474396684;0,4560677836349091;0,4757223779854984;0,5050731866160495;0,5540384639531325;0,4965442983742729;0,5518171380181145;0,6871632841679252
Reverberation Time (T-10);0,3370842707004493;0,3954000114928709;0,4668197019767812;0,545905162498914;0,5914633092951398;0,5294516951882785;0,5931509438586703;0,7539969451376882
Reverberation Time (T-15);0,34582996905028374;0,4034386813471278;0,5082398072843854;0,5744677464850031;0,6368901173138616;0,6003762177310552;0,6198921421197146;0,7934104464148642
Reverberation Time (T-20);0,35862410821879054;0,41776504607279685;0,5240580070421138;0,6118729009641228;0,6481916172056787;0,6221871485899834;0,6603224969923449;0,821688222934629
Reverberation Time (T-30);0,37474137796773915;0,4326002981282731;0,57446978900702;0,6822322550425254;0,74730365215285;0,7516099071325347;0,7742609299817853;0,8618896590609312
Clarity - 50 ms (C-50);12,159342955819808;11,504988329541135;9,822159027488876;9,351096851593704;8,632592552983397;9,306177219050932;8,54311064030372;6,190951666797427
Definition/Deutlichkeit (D);94,26645930327068;93,39568216590976;90,56494915525269;89,59645947741181;87,95025521166113;89,49965346794205;87,73018583014422;80,62022109202161
Clarity - 80 ms (C-80);17,270149647772886;16,039245326072912;13,733989199254985;12,578055145560542;12,066731442519163;12,679849155235331;11,70097754681236;8,970292546517912
Center Time (TS);10,995783846030028;10,993267539293228;14,572600971373802;15,924737017452191;17,641627803166962;16,435264132741437;18,266971884520995;28,370194934246932
Strength(G);12,39779245157056;12,068037197055581;12,347576638447919;12,302488827982863;12,375134210484717;12,437769056984692;12,441612634656465;13,447520349310182
Lateral Fraction(LF);2,185798225989165E-08;2,72728596705377E-07;9,959305108217761E-05;0,0002477263859167648;0,0002532431384105714;8,650329787621082E-05;3,2325442294396705E-05;1,292820991698471E-05
Lateral Efficiency(LE);1,055594760035294E-08;1,3776584062672716E-07;5,184528410096707E-05;0,00012846605793931108;0,00014457902583814178;4,4367581261656575E-05;1,8423248539057668E-05;7,308766857919209E-06
Receiver 15;63 Hz.;125 Hz.;250 Hz.;500 Hz.;1000 Hz.; 2000 Hz.;4000 Hz.; 8000 Hz.
Early Decay Time (EDT);0,38154148382673075;0,43202890545539213;0,5208722098099318;0,5556510166034336;0,6036835365486188;0,5199307168929157;0,592586718431205;0,7238150175579535
Reverberation Time (T-10);0,35670595825676893;0,409897215851469;0,5549311668500937;0,5803440840241628;0,6237167703205994;0,5858929671161227;0,6607590772391486;0,8050845831786512
Reverberation Time (T-15);0,36485133072430204;0,4259468891248869;0,5780215361504353;0,6043482182445029;0,6676860770197318;0,6479898609407654;0,719063750238317;0,8487535550945379
Reverberation Time (T-20);0,3743961373961684;0,4395173705555986;0,5971811967389887;0,6690011524386735;0,7440789239924446;0,7198248869655749;0,7909345064706231;0,8638150432999653
Reverberation Time (T-30);0,39033577572238215;0,4535355177241873;0,6494405562800554;0,7666771159172957;0,9146348701214067;0,9078845099665506;0,8844280328297062;0,900439932876809
Clarity - 50 ms (C-50);10,575729694740879;10,182134418893954;8,350728316412022;8,016754428822635;7,491370729206852;8,136513735357072;7,208000255832301;4,976920967975448
Definition/Deutlichkeit (D);91,95785938131547;91,26491490527819;87,24764678861496;86,37258549911347;84,87778184638553;86,68978219827783;84,02778619385278;75,93708159821068
Clarity - 80 ms (C-80);15,586591668735391;14,6806580769341;11,893261513040393;11,468284309575507;10,743282944158308;11,522243227160194;10,298118081958718;7,893455737478485
Center Time (TS);14,392038415939737;14,034689583685822;18,556780994913836;19,476083840652347;21,581537732213626;20,07826303292551;23,425806684586963;34,695021360240055
Strength(G);13,176994803277786;12,877557490088765;13,060288945350841;12,982059326317945;13,022027070216417;13,080103051744409;13,140011461478402;14,751875110788909
Lateral Fraction(LF);2,1543252569398838E-08;2,7101027128906907E-07;9,195821707792428E-05;0,00023257121540803523;0,00023108420716304168;7,784147211516368E-05;3,061314693769545E-05;1,2190137490365412E-05
Lateral Efficiency(LE);1,0748637188760205E-08;1,271844661735261E-07;4,863261886580574E-05;0,00011922709588304727;0,00013296999387923456;4,0053767838411726E-05;1,759218423145441E-05;6,95144702350118E-06
Receiver 16;63 Hz.;125 Hz.;250 Hz.;500 Hz.;1000 Hz.; 2000 Hz.;4000 Hz.; 8000 Hz.
Early Decay Time (EDT);0,37268807842534035;0,426340754112258;0,4898438056817568;0,5507072032938908;0,5802986559477311;0,5402493351412438;0,577204961519607;0,7565382452586978
Reverberation Time (T-10);0,3628261139622395;0,41253880791890146;0,5259153656537184;0,6041666855673491;0,6111798919546495;0,6058805794188163;0,6613718238985901;0,8310404551203687
Reverberation Time (T-15);0,37064188219741717;0,4191320136100787;0,5847271467282881;0,672176703311425;0,6743549200415686;0,6839698109621614;0,7466712215197598;0,8742920455073673
Reverberation Time (T-20);0,3804606933597519;0,43525460298202906;0,6207783819749805;0,6980267922182267;0,8000287445473419;0,7778630651216246;0,8134387875203235;0,8887261336338702
Reverberation Time (T-30);0,39554397092950966;0,4635709403676152;0,6767459027311131;0,7665688671453856;0,961603042163371;0,9150733763129046;0,9001379600201123;0,9126123455491861
Clarity - 50 ms (C-50);10,194343453532964;9,557976660192203;8,11599836948027;7,564383317227299;7,019702599177253;7,750925188451782;6,918404302936954;4,494540695529057
Definition/Deutlichkeit (D);91,28018289269998;90,05790435583388;86,6973755959974;85,11354385164907;83,47130815421589;85,66246161711146;83,12464789041685;73,8211750428586
Clarity - 80 ms (C-80);15,281542380661463;14,274706698144215;11,84750771337094;10,926289525387203;10,43594270826093;10,869837114521417;10,314323392423097;7,362181934036074
Center Time (TS);15,379659041225148;15,589097215917038;20,020641626930473;21,650516424467465;23,728736270124934;21,675614104657733;24,623837011710403;37,59157113921805
Strength(G);12,935038052196454;12,808029143259649;13,06129336881353;12,891113752377741;13,044071559632854;13,120218777310455;13,202240821363468;14,605900905168454
Lateral Fraction(LF);2,4071130581385822E-08;2,5858428568825965E-07;9,168806606787023E-05;0,00020889512527881115;0,00022998473661892298;6,597689332054318E-05;2,9406042230522765E-05;1,202592877718803E-05
Lateral Efficiency(LE);1,1412888907730724E-08;1,2522653394705058E-07;4,6112098755081656E-05;0,00010916517246869162;0,00012333743178331754;3,4844866996872536E-05;1,5250610909187388E-05;6,849567765312094E-06
Receiver 17;63 Hz.;125 Hz.;250 Hz.;500 Hz.;1000 Hz.; 2000 Hz.;4000 Hz.; 8000 Hz.
Early Decay Time (EDT);0,3623397082528927;0,3942011537503115;0,46190222969923395;0,5135705098578951;0,5161084611583779;0,4975301221757891;0,554266818243123;0,6833506369940301
Reverberation Time (T-10);0,3400323887846551;0,3885408430237803;0,476344335714565;0,5214935417559038;0,5537877713263639;0,5368067937874111;0,5699773757214772;0,7329270357402314
Reverberation Time (T-15);0,3436487171101837;0,39439337452145107;0,5107897313558722;0,5556509772792583;0,5729222967914513;0,5574999757274562;0,613249695273934;0,7974089046309044
Reverberation Time (T-20);0,35064896901042125;0,4130549543185146;0,531419761770719;0,5878948443578512;0,6137525898022601;0,6023034457993605;0,6870768885603131;0,8393399721143628
Reverberation Time (T-30);0,37151948093727977;0,43044744958626774;0,5808697900094547;0,6978778083604887;0,7898516021577471;0,7717514862704632;0,8102976948372745;0,8823301725885523
Clarity - 50 ms (C-50);11,14493737734083;10,666489267276184;8,722966808474704;7,996844314139305;7,86099516154087;8,104296951004237;7,499475509426846;5,3119360768271
Definition/Deutlichkeit (D);92,8671817986369;92,10871822215772;88,18122105629169;86,31072812228328;85,9381181794694;86,60335059677932;84,90562803781722;77,29397870547524
Clarity - 80 ms (C-80);16,59606531632179;15,508865292734637;12,698069509246505;11,744667972115007;11,34638378480017;11,556971676520506;11,019560493775678;8,411401094476718
Center Time (TS);13,2994832425218;13,209690445320815;17,76526043523156;19,491286873404476;20,70646218547366;19,97847527223319;21,751196129506543;31,989768079504586
Strength(G);11,056316635399341;11,155849361148071;11,36847289999892;11,206222635599573;11,56501943236195;11,479438337466455;11,576341284908779;12,355035126216222
Lateral Fraction(LF);2,687754005340152E-08;2,5168512084473053E-07;9,991097367613272E-05;0,00024784386147111084;0,0002594805120472322;8,175544990111642E-05;3,138676423370333E-05;1,3148560107287633E-05
Lateral Efficiency(LE);1,181107739679187E-08;1,1856360083398642E-07;4,812219932679889E-05;0,00012622804388635477;0,00012799498678741394;4,00200606861774E-05;1,6947477281288942E-05;7,285612887829625E-06
Receiver 18;63 Hz.;125 Hz.;250 Hz.;500 Hz.;1000 Hz.; 2000 Hz.;4000 Hz.; 8000 Hz.
Early Decay Time (EDT);0,2936201297300193;0,4641367590720895;0,4226691978781924;0,4631873935060745;0,47561151611953595;0,4719615943211662;0,46841412599865523;0,46040649913365467
Reverberation Time (T-10);0,2843553652359525;0,37261974541335935;0,4041673114090641;0,42878292102765647;0,4295342604533067;0,4283479874804247;0,43097278316097193;0,4280192452824549
Reverberation Time (T-15);0,2797495124670261;0,34513707014604306;0,3732465651660357;0,4213707007099943;0,4450277034834071;0,4432747216686709;0,4450997712733482;0,44961582902488556
Reverberation Time (T-20);0,25652977197540805;0,32201347405418523;0,4017754227387057;0,4478571105007483;0,45845154958663775;0,45797804393764374;0,45758682653234467;0,46630708321392045
Reverberation Time (T-30);0,2749409218481294;0,33899152005365313;0,3817016559520418;0,40914936716839306;0,41300888911118006;0,40810575698844764;0,4087791932905968;0,4257319736018595
Clarity - 50 ms (C-50);14,551916317020027;13,311376583675038;10,859834828880954;9,63941916702556;9,261183696745157;9,284882250218061;9,227799339877063;9,427599071935923
Definition/Deutlichkeit (D);96,61278344908591;95,54281780251851;92,41817259200243;90,19921542674048;89,4018920162462;89,45348358528015;89,32883717339445;89,75951363855829
Clarity - 80 ms (C-80);23,03609378894685;20,01230759562909;16,594035257753514;14,977511783294307;14,452256405323956;14,485791143507424;14,327477455722624;14,53480004146222
Center Time (TS);7,665586146462415;7,754029432289421;11,674101427963548;14,214661512399424;15,17186538116222;15,163525763201818;15,465711937408312;15,069941145237436
Strength(G);8,216483099220682;7,706826983156034;8,2093306740571;8,489114651533114;8,597435134371814;8,6146372772794;8,672457063491734;8,599318913265947
Lateral Fraction(LF);2,2696857944166102E-08;2,1923962433223923E-07;9,230448281942446E-05;0,0002612594660774559;0,0002718318401530773;8,638934532093487E-05;3,517428276578746E-05;1,1050420156724068E-05
Lateral Efficiency(LE);7,979304037147754E-09;1,127211347693458E-07;5,077484320190256E-05;0,00014854893894963682;0,00015601907159720367;4,946485812695093E-05;2,0032400939094026E-05;6,0912818877765645E-06
Receiver 19;63 Hz.;125 Hz.;250 Hz.;500 Hz.;1000 Hz.; 2000 Hz.;4000 Hz.; 8000 Hz.
Early Decay Time (EDT);0,34375243108838494;0,47597590020059694;0,45875323260293643;0,5173198936883;0,5285103178262829;0,5165653422043877;0,5314146037751545;0,6216002957178682
Reverberation Time (T-10);0,31417380654158156;0,40473497577213463;0,41186910683545847;0,4839772217974335;0,517978385953483;0,5135844766978314;0,5085797337235649;0,6780239035719763
Reverberation Time (T-15);0,31482590787018183;0,38282148349618556;0,44405119707226043;0,5277054881780356;0,5356446110010392;0,5635750459228854;0,539325752213176;0,7262439154501078
Reverberation Time (T-20);0,3269304637989579;0,3764883575527551;0,47649474449938634;0,5544536446699937;0,5413741857212877;0,5612379950054914;0,5498253540499536;0,7714767637474456
Reverberation Time (T-30);0,3495653079267095;0,38867652936393304;0,49784147909772797;0,6007592914335365;0,607731563312565;0,6160924635817808;0,6501479737326527;0,8294148940114482
Clarity - 50 ms (C-50);12,752157505728361;11,763124367191066;10,297946295480813;8,938546692664588;8,777620540793018;8,846111643246116;8,564814167209004;6,875598388152974
Definition/Deutlichkeit (D);94,9611633905416;93,75298339999321;91,46038312510791;88,67711986176107;88,29969579849268;88,46164617468325;87,78387837988132;82,96522972356986
Clarity - 80 ms (C-80);18,452062563024224;16,73987182301069;14,617700112165743;12,895007246957388;12,640381767679042;12,582632307470188;12,587325642993703;9,850139713052119
Center Time (TS);10,508954455600545;10,423478349960348;14,032096141708802;16,62385853868691;16,98067616872765;17,08216342421536;17,532723816349073;25,44813085485644
Strength(G);9,367031922745802;8,834587706395485;9,263724417615101;9,363879216919472;9,410275846937111;9,436523923918244;9,492261235044047;10,153996845177005
Lateral Fraction(LF);2,5107211336395706E-08;2,685297580696221E-07;0,00010747991329682969;0,0002681086746131654;0,0002678955799887236;8,7877697786704E-05;3,532414472480575E-05;1,3224496181839255E-05
Lateral Efficiency(LE);1,1658944220845743E-08;1,5722923178348446E-07;6,459742777256611E-05;0,00016807704683742945;0,00016977250448323047;5,304875107052365E-05;2,235457196525814E-05;8,296305158215054E-06
Receiver 20;63 Hz.;125 Hz.;250 Hz.;500 Hz.;1000 Hz.; 2000 Hz.;4000 Hz.; 8000 Hz.
Early Decay Time (EDT);0,34557633787906966;0,43232279337480833;0,4775181859858732;0,5291760884618794;0,5814468360927605;0,5151340411569721;0,577423559867507;0,7091418544895315
Reverberation Time (T-10);0,33793312988941404;0,4032487336961537;0,49794574221817933;0,5485672319375777;0,6418937823655325;0,5859351761728477;0,6065988662383212;0,7741925800030883
Reverberation Time (T-15);0,34817689524311696;0,4054855639752818;0,5301342268875692;0,612688460750398;0,6690651477293813;0,6325889742207585;0,6195467793113606;0,8082645431388679
Reverberation Time (T-20);0,3589951041195774;0,40981127909440834;0,5476175069048045;0,6205387007178248;0,6703668301902622;0,6365476377464974;0,6540303388752859;0,8376256260297316
Reverberation Time (T-30);0,37652156781246926;0,4271177747597772;0,5865393064196868;0,6827554977735542;0,7377780591286706;0,7169236029744547;0,7630370699853626;0,8689531149360253
Clarity - 50 ms (C-50);11,060602034584814;10,16296908939136;8,393212435594501;7,74616360335512;7,246427404944851;7,999607285767687;6,924618029312306;4,85788721989185
Definition/Deutlichkeit (D);92,73580889462481;91,21449096159598;87,35378696085367;85,61432976146753;84,13826125491734;86,31824325950406;83,12415781912435;75,37233455965881
Clarity - 80 ms (C-80);16,176813979826086;14,412086818098613;12,066528193271562;10,951478448330514;10,303880934951255;10,95359213599547;10,312108863073462;7,669002448386754
Center Time (TS);14,134089274624875;14,550753412632995;19,162367340767254;21,53365279472641;22,939413792987875;21,466075967696337;23,935967057227362;35,519296998420984
Strength(G);10,689506208040559;10,15977526997288;10,466541874092336;10,593652387054945;10,526925599075163;10,594231023065923;10,732286586501736;11,89370173858839
Lateral Fraction(LF);2,7165965390039265E-08;3,3353187644902516E-07;0,00012471862346529811;0,00031645446220738427;0,00030845654021390787;0,00010548265321501058;4,155770616741077E-05;1,5257902230594299E-05
Lateral Efficiency(LE);1,3568378625767513E-08;1,8405301453965172E-07;6,982684246858237E-05;0,00019627270722551274;0,00018311681808596942;5,8975196338872424E-05;2,475004459831784E-05;9,514096105890062E-06
Receiver 21;63 Hz.;125 Hz.;250 Hz.;500 Hz.;1000 Hz.; 2000 Hz.;4000 Hz.; 8000 Hz.
Early Decay Time (EDT);0,3532594224782842;0,39658108696126804;0,4876618261224706;0,5204655091395343;0,5752015340398857;0,5036399908648549;0,5765846304599143;0,7241190485552313
Reverberation Time (T-10);0,34865240838386435;0,39816015332660043;0,537232555734963;0,578485569108216;0,6221411606426333;0,5899394067575133;0,6452438959919207;0,8065499589203795
Reverberation Time (T-15);0,35997572454496946;0,419527832664568;0,5620049621471154;0,609910706890815;0,6673809371254371;0,6522811406088752;0,6771498388190806;0,8400281252965648
Reverberation Time (T-20);0,37121957283705725;0,42899098584488793;0,5749985792134396;0,6407089276941915;0,7233434257397896;0,692034138329261;0,7450854064029905;0,8630014938693602
Reverberation Time (T-30);0,3882274965635131;0,4477813872246555;0,6298182531106972;0,737559578925242;0,8753362684096777;0,8585844605782448;0,8521391032348571;0,8934586135183468
Clarity - 50 ms (C-50);9,848838094757548;9,430722026914442;7,569918209299473;7,338391250686565;6,6652785932931415;7,34148188742724;6,328621598016757;3,8828647984119327
Definition/Deutlichkeit (D);90,61994569235739;89,77418622759805;85,10725473917125;84,42037381100769;82,26983534530497;84,430415604488;81,1240230114376;70,97278509864664
Clarity - 80 ms (C-80);15,210243233400254;14,132109536539112;11,291526501219378;10,785419353873149;10,056016564525027;10,925427061239006;9,715458673270467;6,987057118543233
Center Time (TS);17,364239197954767;17,19417419690419;22,70821072110576;23,535830617164716;25,71372798137085;24,180519732744408;28,031316881759544;41,35100567841163
Strength(G);11,789676959507254;11,266342557995511;11,519647994341256;11,335793667998743;11,356076621169208;11,490975049815319;11,740949632968622;13,281633175166021
Lateral Fraction(LF);2,9134641407223792E-08;3,432904291047726E-07;0,00011799482081842343;0,000294434406554968;0,0002984512389889723;9,944280862375597E-05;4,1254906730324235E-05;1,4769413370891448E-05
Lateral Efficiency(LE);1,4216343790167794E-08;1,6708647182104167E-07;6,506393741309577E-05;0,00016884240393292334;0,00016462730733824723;5,328257476006318E-05;2,210321504822025E-05;8,727729596856395E-06
Receiver 22;63 Hz.;125 Hz.;250 Hz.;500 Hz.;1000 Hz.; 2000 Hz.;4000 Hz.; 8000 Hz.
Early Decay Time (EDT);0,3546733288637353;0,3970744581783946;0,4723043330645843;0,5061141016783153;0,5720430768206565;0,5450294053688325;0,5493142236626185;0,7310744392740857
Reverberation Time (T-10);0,3584207046670739;0,40071027436744383;0,5239343126956268;0,6101453997365501;0,5971647643509095;0,6047788236273866;0,6369783771165661;0,8303895231302064
Reverberation Time (T-15);0,3650408869232589;0,4194827096141187;0,5754383444457093;0,659850131236361;0,6533097152833982;0,6677530005165395;0,7103750560430695;0,8692111173066605
Reverberation Time (T-20);0,37736351726235867;0,43383497422851586;0,6071748459556799;0,6772914318133266;0,7338119248097608;0,734245740454783;0,7884715546572565;0,8859961075190391
Reverberation Time (T-30);0,3930449169359581;0,4582193816748099;0,659381037459404;0,7482663135629666;0,9162403644472632;0,8732591148883466;0,8826266490863274;0,9014604433716904
Clarity - 50 ms (C-50);9,674306627024981;9,332502873151569;7,457988090020336;7,3795791485982;6,3045151542428925;7,08279519921648;6,6326921999968125;3,851460902459211
Definition/Deutlichkeit (D);90,27478315080941;89,61459540282316;84,83105440834525;84,54316450361189;81,07134015578103;83,62893142524788;82,16695883534663;70,93319514607884
Clarity - 80 ms (C-80);15,008945015813735;14,071864352235417;11,295144709230573;10,72623833087903;10,23419497581502;10,538811634436486;10,065827704139977;6,980174720134334
Center Time (TS);17,71905097861688;17,439053878644053;23,47968450248418;24,55561454503829;26,91629703739305;24,911098923640175;27,329825770560667;41,90794570769806
Strength(G);11,656416320551969;11,261175014935276;11,469874646430092;11,461558388268926;11,58071884012702;11,538557331286569;11,868183223044916;13,483886009751558
Lateral Fraction(LF);3,0536491995468083E-08;3,3119988555532005E-07;0,00011309213606448568;0,0002779837422601693;0,00029070209767298065;9,145355308820411E-05;3,818508863373874E-05;1,4547991430273437E-05
Lateral Efficiency(LE);1,492360574435879E-08;1,6493846777714181E-07;6,537475632483474E-05;0,00016070662792183667;0,00016380695347145905;4,855693620516549E-05;2,0768320015827567E-05;8,814785189830768E-06
Receiver 23;63 Hz.;125 Hz.;250 Hz.;500 Hz.;1000 Hz.; 2000 Hz.;4000 Hz.; 8000 Hz.
Early Decay Time (EDT);0,3476912781600293;0,40406961890556475;0,48995406172875405;0,5259601301697238;0,5727972850283304;0,5615267126605411;0,5374492905177782;0,6657544143448273
Reverberation Time (T-10);0,3428458823257052;0,38995943241485137;0,4758273401885424;0,523628518315238;0,5293416336383473;0,5623342618119106;0,5600036581858592;0,7714644036726318
Reverberation Time (T-15);0,3427180362196966;0,3934183810658556;0,510423952940251;0,5831703154500045;0,6043588755848253;0,6085762448038992;0,6428872398656879;0,8280460572552624
Reverberation Time (T-20);0,3575825733305038;0,40967165327670796;0,5434324270423694;0,6034739056675089;0,6527284088780452;0,6468282354565588;0,7038949416166436;0,8574166162966829
Reverberation Time (T-30);0,37708366180126096;0,4299598992558654;0,5967383596524182;0,6976724367465879;0,7773878080671728;0,7225794295126794;0,8181226524024198;0,8835584181362048
Clarity - 50 ms (C-50);10,656922111909186;9,608152158070864;7,707286552197898;7,0579187216978845;6,347881669716237;6,790018582674331;6,781047522172604;4,619551118026982
Definition/Deutlichkeit (D);92,08923011442162;90,15027197180356;85,50372611403027;83,55606766066455;81,1860403519668;82,68492165364724;82,67064806702273;74,34571877534773
Clarity - 80 ms (C-80);16,183264772814436;14,735266350047855;11,934116542331537;11,116016249885254;10,677877733558534;10,671363556367039;10,676983567040388;8,02000590989487
Center Time (TS);15,164064482573131;16,299734799857255;21,49487078673392;24,308309095272296;26,278713297823955;24,951392142084213;25,86142947791023;36,82581796505361
Strength(G);9,942465897560378;9,59341566389941;10,026196874242785;10,24463044706981;10,361072757186058;10,198383585957913;10,544857297703892;11,66631186416872
Lateral Fraction(LF);3,142180061200664E-08;3,5919757003947265E-07;0,00011714651822775389;0,00031878938637185366;0,0003148282372786456;0,00010388692041668859;4,278335778143697E-05;1,5084963048051831E-05
Lateral Efficiency(LE);1,4515694867251249E-08;1,866209658978145E-07;6,994807748367536E-05;0,0001980113170251316;0,0001944635965444478;6,076541294010505E-05;2,5398859220803566E-05;9,33706059594484E-06
Receiver 24;63 Hz.;125 Hz.;250 Hz.;500 Hz.;1000 Hz.; 2000 Hz.;4000 Hz.; 8000 Hz.
Early Decay Time (EDT);0,246849612456058;0,3684124283018159;0,41916492341517086;0,4694888072685294;0,4866856440828559;0,4825930272024497;0,47996270784585027;0,4668847939516184
Reverberation Time (T-10);0,2936233342484146;0,36382402362314065;0,39276907703815256;0,42737000878830345;0,4497501629473232;0,4459033419066309;0,4506796988335684;0,43335511523297376
Reverberation Time (T-15);0,26739970583967515;0,32736080060339634;0,398316970484051;0,44724842542615684;0,46529248263221007;0,4620281589617736;0,46170223137709726;0,46337685318968813
Reverberation Time (T-20);0,2545844946313848;0,3337424742747141;0,4076023279435628;0,44081987764093483;0,44572077856743736;0,447416560541409;0,4457050186124207;0,4550800385279121
Reverberation Time (T-30);0,2764117462801901;0,33260118948254386;0,35937382476240465;0,38748569627855095;0,38719333448135745;0,3861246445964412;0,3877913452777182;0,4485698531242931
Clarity - 50 ms (C-50);13,981752984801227;12,50322852708764;10,068273112168747;8,899407296599795;8,470712376955342;8,480802673428862;8,433900192001582;8,691575764564043
Definition/Deutlichkeit (D);96,15584925796752;94,67972437388735;91,03817926915777;88,58631443750774;87,5496094355676;87,57491277766894;87,45692082938201;88,09344753537822
Clarity - 80 ms (C-80);22,7581582893592;19,39925674380622;15,969824176661081;14,355011711031537;13,81972883553479;13,914429772281338;13,764999288455053;14,092590897940148
Center Time (TS);8,68868773978262;9,014434688916724;13,281971221372716;15,982211552735915;17,108817286147353;17,133566404646395;17,395970812271862;16,864830177296383
Strength(G);7,239047427850807;6,5384622055521895;7,118814600033922;7,450382276202504;7,588352082170964;7,615278612439944;7,662910238212021;7,587534491588272
Lateral Fraction(LF);2,4362552749203653E-08;2,4270220927313815E-07;9,917302303255448E-05;0,0002773309341270392;0,00028850241784824813;9,234958904931637E-05;3,734735638296695E-05;1,1694383435656493E-05
Lateral Efficiency(LE);8,273024412176382E-09;1,1267792605182504E-07;4,997901954267622E-05;0,00014469403798614844;0,00015353796729124805;4,874291037002709E-05;1,974156988584666E-05;6,0720878279519946E-06
Receiver 25;63 Hz.;125 Hz.;250 Hz.;500 Hz.;1000 Hz.; 2000 Hz.;4000 Hz.; 8000 Hz.
Early Decay Time (EDT);0,3173861262692607;0,4046326619418027;0,513265959005248;0,5358411126866612;0,5694040922743743;0,5843369059070749;0,5750204238460473;0,6314856423767617
Reverberation Time (T-10);0,31902140170821025;0,3788845023673613;0,47013941999851155;0,5121176048758787;0,54389684259373;0,5497621987356617;0,5460206932867702;0,699019338049661
Reverberation Time (T-15);0,31256915102213995;0,3861797209247518;0,47967057560858;0,5353419251459188;0,5521233578153351;0,5514770091918293;0,5604913304864316;0,7372782614869092
Reverberation Time (T-20);0,324618339232457;0,4001680753387613;0,47234896994623243;0,5385722151924165;0,5727097285204502;0,5446831455005795;0,565718209336821;0,7794426619504838
Reverberation Time (T-30);0,34873298737889813;0,4117082177585488;0,5165382058654017;0,5861882436723066;0,7044353459475902;0,5786085093178546;0,638515451371698;0,8277098062888969
Clarity - 50 ms (C-50);11,881096241207274;10,724375430845281;8,364993147299923;7,801607995591363;7,173611848141545;7,071762304180575;6,964563506267806;5,54996069678428
Definition/Deutlichkeit (D);93,91019853189073;92,196707790475;87,28183248351145;85,77085121292957;83,9132175368093;83,59412097026656;83,25279064546689;78,20964738370276
Clarity - 80 ms (C-80);18,037685311361948;15,978459036878387;12,92571759631974;12,21620870241329;11,499330049952377;11,323420592595761;11,421411592607623;9,0906051337283
Center Time (TS);12,405508498317268;12,298497249198947;17,444869129691938;19,572564636528163;21,330166553290393;21,76313397036332;21,982420169467893;30,291834756801105
Strength(G);8,20161901463662;7,5063131390355835;7,955951681840453;8,183188603108142;8,300671562170336;8,361062571247743;8,444633004783384;9,172148839705564
Lateral Fraction(LF);2,9463918436228766E-08;3,1769121852406596E-07;0,00012010390937936172;0,0003200602659346641;0,0003256155297341819;0,00010718083377060138;4,2922520852509255E-05;1,6210595163824154E-05
Lateral Efficiency(LE);1,2753533201984846E-08;1,6216135479818734E-07;6,735356115735808E-05;0,00017930465837809976;0,00018320354706015109;6,106654064251105E-05;2,4052597616065087E-05;9,397451148635499E-06
Receiver 26;63 Hz.;125 Hz.;250 Hz.;500 Hz.;1000 Hz.; 2000 Hz.;4000 Hz.; 8000 Hz.
Early Decay Time (EDT);0,3316986922543189;0,433348012233543;0,5111549004671655;0,5326572039135729;0,5858236118765202;0,5495425604615553;0,5655414925143324;0,7107692106609402
Reverberation Time (T-10);0,339575280554888;0,4106278809487971;0,504977001136985;0,5313149186167574;0,6011395416642895;0,5868119779538552;0,5762169690697638;0,8004107049901248
Reverberation Time (T-15);0,348125282877075;0,41461120294797144;0,5293423993701825;0,6277432918393316;0,673723461299239;0,6262864408627417;0,6209703685222926;0,8332421784622523
Reverberation Time (T-20);0,3568991443004639;0,41956628405522145;0,5527926557095231;0,6440070481762545;0,7031779802498459;0,6347966473476203;0,6733079644131201;0,8520582805597512
Reverberation Time (T-30);0,3754419441328316;0,436429489884907;0,5992475169930324;0,7133283173529095;0,7660698986097086;0,7270771576069431;0,7657457170508992;0,871553203203296
Clarity - 50 ms (C-50);10,065405756419882;8,651513673219572;6,935379361315888;6,100475320341757;5,700787626227232;6,039155528654434;5,606506959587155;3,5549156164929703
Definition/Deutlichkeit (D);91,03279118023973;87,99635079684516;83,1588888677934;80,2926489062709;78,79570710260168;80,06827379775507;78,4307255436495;69,39283674813439
Clarity - 80 ms (C-80);15,711263389966936;13,757299823175712;11,172855236224468;10,208684850967478;9,496082811506202;9,937239656101106;9,621675268909396;6,910806789673584
Center Time (TS);16,750395968793107;17,876293651801436;23,512600421931715;26,7094982235932;28,67866844543505;27,92413943587691;29,037646664213558;42,1451479553119
Strength(G);9,670878591826778;8,860602401975331;9,385295009580616;9,55407946286919;9,621450352593428;9,683002142709547;9,855719228626697;11,226532324190366
Lateral Fraction(LF);3,612432699928878E-08;4,3716730876225386E-07;0,00015962008796499525;0,000404188650972876;0,00040812854142030687;0,00013350757781489705;5,330839448166606E-05;1,8964688952802587E-05
Lateral Efficiency(LE);1,5764929536833848E-08;2,2593051422742297E-07;8,397424184732185E-05;0,00023924016753289058;0,00022692658093652842;7,767065538435214E-05;3,0062232002816526E-05;1,1743434855058953E-05
Receiver 27;63 Hz.;125 Hz.;250 Hz.;500 Hz.;1000 Hz.; 2000 Hz.;4000 Hz.; 8000 Hz.
Early Decay Time (EDT);0,34903201054197797;0,42293101203925393;0,52335019164984;0,5425908742852621;0,6003457958381632;0,5373704870875735;0,5889228908917115;0,7522094042009914
Reverberation Time (T-10);0,35762091531676926;0,4116016546083062;0,556671275089221;0,5895378724494881;0,6616500117232557;0,65459432666032;0,6452802511703781;0,8385401099344161
Reverberation Time (T-15);0,3683171354202275;0,42570360915223077;0,5713619944660576;0,6334710967995187;0,7026897026812022;0,6806968112555593;0,7131364024338638;0,8642992477552072
Reverberation Time (T-20);0,3787904021575827;0,4332603132071553;0,5949759233957926;0,6672228355261014;0,7789635992706144;0,7445098837534844;0,7762939013795961;0,8789433015555898
Reverberation Time (T-30);0,39305535367479516;0,4540372474902592;0,6466894556880795;0,7629900476034558;0,8894274216289016;0,8745948851052334;0,8679486915447219;0,8989941258304377
Clarity - 50 ms (C-50);8,916593097120316;7,869171899244142;6,008781648990026;5,7401456589022075;4,999957786707794;5,743084543157426;4,819272699447859;2,7751506959832666
Definition/Deutlichkeit (D);88,6406180818945;85,95966349194325;80,00469059379209;78,94672923273937;75,97451524424953;78,95797442304331;75,23657568510595;65,60512253646489
Clarity - 80 ms (C-80);14,40799918443271;12,82617137372365;9,945123214899434;9,48000108833674;8,784953984014614;9,357800891675442;8,506148542610976;6,050446418146127
Center Time (TS);20,266019925547717;21,95027238900093;28,195350175658515;30,119250148775635;32,894048358620466;31,155924756176454;34,75311914777735;48,625512567238175
Strength(G);10,991088584918387;10,24948953661153;10,719457669631566;10,774796910739788;10,794666056146312;10,739151109250159;11,228960951278495;12,988560059312086
Lateral Fraction(LF);3,5489014248912006E-08;4,3559385575201883E-07;0,000154112817861465;0,0003992590333327684;0,00039929092712867435;0,00013045788303335044;5,133565313879307E-05;1,7253097069459545E-05
Lateral Efficiency(LE);1,5509338857977253E-08;2,1601239349669357E-07;7,565965224719701E-05;0,00021221342886882302;0,00020164374591666084;6,64157941424296E-05;2,681389163064312E-05;1,0437858853189151E-05
Receiver 28;63 Hz.;125 Hz.;250 Hz.;500 Hz.;1000 Hz.; 2000 Hz.;4000 Hz.; 8000 Hz.
Early Decay Time (EDT);0,3558905976557196;0,4146997128761007;0,5165298371616456;0,5343086449220839;0,575963207247473;0,5588369714876756;0,5817116336800364;0,7657513277797237
Reverberation Time (T-10);0,3652440992324432;0,41143312784658254;0,5514019157884834;0,6476315709435693;0,6277344291076483;0,6618221400488089;0,6966100702261753;0,8653886968400002
Reverberation Time (T-15);0,37229481187011587;0,430787162211732;0,5870724621023362;0,6700862034268023;0,7021357227564771;0,7101767588607323;0,762973168275515;0,8899579380892612
Reverberation Time (T-20);0,3836921084802908;0,4472513467205254;0,610365821161517;0,691669416518552;0,7756291950994552;0,7601339961044898;0,8115721176115125;0,899662292355537
Reverberation Time (T-30);0,3958957206457621;0,4700394423986315;0,6652274493879748;0,7698507943342212;0,9400613388343573;0,8747132412915098;0,8841519719074136;0,9094709451225368
Clarity - 50 ms (C-50);8,747861553179803;7,879101213054193;5,960601379501014;5,851541631479904;4,914731232087374;5,536635316394964;5,012743475916794;2,8428559966985034
Definition/Deutlichkeit (D);88,25365437090758;86,03764820530866;79,84845015408963;79,40957835732384;75,65075969251829;78,22210110033664;76,11236682542342;65,80444634052195
Clarity - 80 ms (C-80);14,206015298152163;12,954022559810333;10,120935078022468;9,550009000874471;9,088326704801394;9,132750757560688;8,759468600879107;6,1037860930432375
Center Time (TS);20,679189042571682;22,098446485843393;28,872180618472946;30,916667343810964;33,759834172697644;32,16389172342192;34,64959622381915;48,88127209960281
Strength(G);10,948420456955695;10,372394215250967;10,96399937144136;10,948759843202694;11,188553880965344;11,106696944428379;11,36915131487769;13,167449692888304
Lateral Fraction(LF);3,5567138105495414E-08;4,199973919214508E-07;0,00013655828691801143;0,0003686841871956473;0,0003583214766968;0,00011447375449828262;4,72669290027939E-05;1,657568172069632E-05
Lateral Efficiency(LE);1,641595186927057E-08;2,0517354231785768E-07;7,327094504377684E-05;0,00018863833716146008;0,00019803455376369788;5,964404477448423E-05;2,4220911031214615E-05;9,888109403426562E-06
Receiver 29;63 Hz.;125 Hz.;250 Hz.;500 Hz.;1000 Hz.; 2000 Hz.;4000 Hz.; 8000 Hz.
Early Decay Time (EDT);0,34284249065091604;0,4310000489309253;0,49813469268028154;0,5093998776693797;0,5425892502725165;0,5505372989261863;0,5287340782733744;0,7055423130940341
Reverberation Time (T-10);0,34507288525560686;0,40587807764126804;0,4951986697429602;0,5671009917772281;0,5700052056170754;0,6056421599390368;0,6069867825261445;0,8133738424853503
Reverberation Time (T-15);0,3584096732546662;0,4106459393406342;0,533948830850409;0,6255780629677441;0,6533534293153441;0,6443106101622874;0,6742797157206089;0,8463131959657063
Reverberation Time (T-20);0,36629705167288756;0,4239450375086225;0,5484281171451608;0,6432828194043254;0,6906743409979056;0,6667301234567173;0,7319057704452647;0,8671696298509373
Reverberation Time (T-30);0,37954069315907535;0,4394805414687886;0,6038784275624466;0,7372343769426931;0,8051898185071613;0,7465284182878964;0,8244035504267744;0,8861795280207805
Clarity - 50 ms (C-50);10,014229940929262;8,42093431454908;6,814621864151993;6,478514606788666;5,709914015498737;5,9126522564873465;6,055575149265964;3,6096854426259273
Definition/Deutlichkeit (D);90,93613368587872;87,42413383863669;82,76587875165802;81,63382612923944;78,83820030030132;79,59933913112556;80,12854227785813;69,68318392382515
Clarity - 80 ms (C-80);15,322130099538535;13,280429905504077;10,949833003013099;10,397695069151979;9,755611889535516;9,46405259796619;9,812302009757348;6,878631048078883
Center Time (TS);17,42298737361436;20,04759932983769;25,988111515038153;27,851308070264114;30,68498156942918;30,077317389397937;29,90447691447649;43,33944018029761
Strength(G);9,184338711480692;8,736674510894687;9,441682050558768;9,757573833392605;9,875090802043623;9,80056398911281;10,111690316792576;11,22332333093133
Lateral Fraction(LF);3,4891635421208744E-08;3,9502647997812733E-07;0,00014709308569736283;0,0003824571163626196;0,00037913395968368964;0,00011895579643831274;5,040727222837854E-05;1,7463573993840348E-05
Lateral Efficiency(LE);1,7169187815686822E-08;2,1904774597410027E-07;8,47348175812375E-05;0,00021908671900129493;0,000233929175995353;7,087306842178909E-05;2,8685341940412702E-05;1,1349892006908007E-05
Receiver 30;63 Hz.;125 Hz.;250 Hz.;500 Hz.;1000 Hz.; 2000 Hz.;4000 Hz.; 8000 Hz.
Early Decay Time (EDT);0,269443927525113;0,3693738838231432;0,4421732139995405;0,4705278561083393;0,4820665623131461;0,4778209962674874;0,4746572681839512;0,46839594417150987
Reverberation Time (T-10);0,32692409889624224;0,3515445278546423;0,38066257026352357;0,42952609463587754;0,4398095993490083;0,4385338509983645;0,43971352001872743;0,43205038848730787
Reverberation Time (T-15);0,267695267542182;0,3195417962545107;0,3907478645056199;0,4226941710498746;0,4254334066674245;0,4273822815127288;0,42605922227856496;0,425549860693625
Reverberation Time (T-20);0,2628774550842731;0,3255732364822405;0,38008715848620084;0,4083301409336887;0,41090987285339364;0,4128693018430319;0,41136343950733784;0,4172919802358385
Reverberation Time (T-30);0,2711376639732586;0,31227926549820006;0,3430306630067017;0,37178185080738585;0,3471245846464012;0,35744833203076165;0,34678630381483205;0,42882318145721204
Clarity - 50 ms (C-50);13,391957847435004;11,454732027008095;9,06782253178519;7,934447145836964;7,526851545384287;7,559468247427712;7,564603654926119;7,76860840965942
Definition/Deutlichkeit (D);95,62116822848678;93,32394528060807;88,97257965429772;86,14008460017628;84,98112738605226;85,07673094247372;85,09173764300688;85,67786410187746
Clarity - 80 ms (C-80);21,669229720006832;18,465185359714294;15,135392055958135;13,435980650948672;13,022014905017251;13,050259451198542;13,035050686607066;13,262150469223801
Center Time (TS);9,9678372169934;11,236000591320694;15,984764524301376;18,92518934893874;20,030460471995482;20,033369401263492;20,078419573919646;19,595317829330195
Strength(G);6,716366900667346;5,953553658818819;6,7481817839184615;7,1706888298625415;7,344864164804356;7,362451965311962;7,420699188819597;7,344193120664244
Lateral Fraction(LF);3,767272953246835E-08;4,2229595551163597E-07;0,00016598532255586993;0,0004532799140100722;0,00046853414330153557;0,00014865134892331106;5,981683046038266E-05;1,8723505476126345E-05
Lateral Efficiency(LE);1,0239869212585274E-08;1,6257455041884542E-07;7,018510011496668E-05;0,000199371428875657;0,00020942351482511543;6,662879907189752E-05;2,629481549573965E-05;8,101237745572504E-06
Receiver 31;63 Hz.;125 Hz.;250 Hz.;500 Hz.;1000 Hz.; 2000 Hz.;4000 Hz.; 8000 Hz.
Early Decay Time (EDT);0,3042855600147404;0,39688267687979556;0,46323872360602364;0,5078298425772174;0,5128546128440211;0,5248377809304733;0,5205835241083868;0,5934636273683426
Reverberation Time (T-10);0,3219613217520722;0,3637466012469068;0,43863046544078993;0,4771354914765157;0,48849704568846847;0,49013812262025774;0,5245871441800908;0,6864630214653806
Reverberation Time (T-15);0,31292542189980627;0,3808375311171486;0,4705621293485702;0,5046266150184964;0,5348879576646186;0,5233636345046995;0,5475559047279687;0,7451220846438663
Reverberation Time (T-20);0,32457626727608047;0,39380093526031934;0,49223414410229155;0,5185670181642315;0,6045469725937287;0,5337614360817771;0,5671524037912232;0,7982091817047712
Reverberation Time (T-30);0,35283230356621337;0,4130445719674605;0,5346575374464876;0,6024256262725921;0,7011012166582661;0,6278583712629257;0,7002650601648959;0,8495590778014425
Clarity - 50 ms (C-50);11,41964109081572;9,873511744690623;7,878441112730259;6,851581025862536;6,726506852595636;6,360803720836153;6,227632943631205;4,8987007053913985
Definition/Deutlichkeit (D);93,27342750779115;90,66550338255855;85,98540283405379;82,8869291847202;82,47454696413836;81,2239675353113;80,7518431334129;75,54636174537418
Clarity - 80 ms (C-80);17,779327284085284;15,426281097711431;13,08604415245368;11,964033944243136;11,554095529580728;11,49837282471783;10,906703010864067;8,826190762292502
Center Time (TS);13,431380541976;14,991930463252787;20,170925803391658;22,807153304662684;23,90117727563182;24,621694249165575;25,40577217490248;33,77760916062254
Strength(G);7,565761961604608;6,817889364605108;7,548267597599832;7,824031890628419;8,017444282416015;8,119606670565183;8,19205047101184;8,917103026818836
Lateral Fraction(LF);4,398520589595706E-08;4,964069203984213E-07;0,00018465218674745248;0,0004884626739050402;0,0004957190202946088;0,00016229888492141938;6,458398534712956E-05;2,2245629986185805E-05
Lateral Efficiency(LE);1,5341892093402007E-08;2,2412400497935515E-07;9,132714770015738E-05;0,000246792936890675;0,00024382484449967894;8,365301754484182E-05;3,1379984853397963E-05;1,2348675561979051E-05
Receiver 32;63 Hz.;125 Hz.;250 Hz.;500 Hz.;1000 Hz.; 2000 Hz.;4000 Hz.; 8000 Hz.
Early Decay Time (EDT);0,33066423210585927;0,4212015789258386;0,4946945289752616;0,5360938381776192;0,5720609876022424;0,551708707567774;0,5795531959900013;0,7404817838809002
Reverberation Time (T-10);0,34118917275951455;0,4193685325743632;0,5244127537753533;0,557221702860721;0,616487280320051;0,6252067788719149;0,6164705546298119;0,8301269835724516
Reverberation Time (T-15);0,3514229440485266;0,42314846209960616;0,5479160575425668;0,613832586559188;0,6839006651567148;0,6348016716683377;0,6653443007591985;0,8526430892495933
Reverberation Time (T-20);0,3633782006579108;0,4300226796885278;0,5709675832145897;0,6356623951550826;0,7198421775173843;0,6388335209531897;0,6991213116029878;0,8635964427522032
Reverberation Time (T-30);0,38124903223779527;0,4506164479153454;0,6094586182521381;0,716571204725787;0,788481778835527;0,747578910930906;0,8028712957376835;0,8815765826868197
Clarity - 50 ms (C-50);9,52740649122872;8,091263563948788;6,227213207424911;5,254381562655391;4,961909034058633;4,977099590216681;4,854967082516684;2,921813871172602
Definition/Deutlichkeit (D);89,96883346891725;86,56558092944154;80,750340868161;77,02752500941472;75,81423394680537;75,87831174258672;75,35985129251432;66,21236915223402
Clarity - 80 ms (C-80);15,376424466766657;13,12094550565613;10,694259935815078;9,714060393889856;9,018878342230476;9,298642926773834;8,815238188736053;6,33822936385307
Center Time (TS);17,78262285807319;20,378558662119563;26,51391439617105;30,090214182479137;31,857442919603642;31,682900625441018;32,68846604579564;46,861861250816816
Strength(G);8,960431674772778;8,033794118827586;8,770920255283116;8,983658057114681;9,037015724906027;9,214967231521108;9,452067802353106;10,862975085758691
Lateral Fraction(LF);4,2662400488074324E-08;5,650791942389026E-07;0,00020148342401267853;0,0005241795705789352;0,0005215654870266665;0,0001735474953531168;6,848459840702352E-05;2,2990897322361487E-05
Lateral Efficiency(LE);1,814693053324644E-08;2,820004297566328E-07;0,00010309866823012777;0,0002958722672172487;0,000281718460752356;9,34263987305116E-05;3,475568323691065E-05;1,4185484729346157E-05
Receiver 33;63 Hz.;125 Hz.;250 Hz.;500 Hz.;1000 Hz.; 2000 Hz.;4000 Hz.; 8000 Hz.
Early Decay Time (EDT);0,36528279223239224;0,4328061613091947;0,5395678162654269;0,5833575781531559;0,6281705072702514;0,6042567347815879;0,6257805012615811;0,7940777534640359
Reverberation Time (T-10);0,3633583337589722;0,4361557187186632;0,5802320314025426;0,6451349761922756;0,7049116867308195;0,6980875986130007;0,6925259211033087;0,8748413589707724
Reverberation Time (T-15);0,3743558887610745;0,4367067646729972;0,5942282096982296;0,6639742822814142;0,7638051810060895;0,7237847987027494;0,7689823814788213;0,8889343556754136
Reverberation Time (T-20);0,38474140835287846;0,4461874463598302;0,6199227721786724;0,690187831504175;0,813735276300352;0,78483643985584;0,8268288692051621;0,8958172672609214
Reverberation Time (T-30);0,39849330558378415;0,4658471838138897;0,6604469103822995;0,7863679224086276;0,9002300324244026;0,8729113654119397;0,888687421951759;0,9066907933184841
Clarity - 50 ms (C-50);8,002237587782556;6,613434259814136;5,10130364708242;4,431884261853906;3,9131673261082627;4,1526210110153965;3,8772042355743026;1,8048969152147596
Definition/Deutlichkeit (D);86,32539431639441;82,09503533958413;76,40150560794862;73,50659047282817;71,11631914844368;72,24030168921999;70,94592601490145;60,24679130622575
Clarity - 80 ms (C-80);13,649199278582673;11,68939542117139;9,08956038558909;8,38808123035047;7,71850277014205;8,053394583878594;7,6529775510002125;5,256616691035493
Center Time (TS);22,997091503802213;26,496484936896334;32,89972884988448;36,44948345388048;39,471572321812204;38,32300088679197;40,467538812814524;55,386966886223796
Strength(G);10,712215745595532;10,058299713936766;10,945947862346841;11,055087716101497;11,201863979701656;10,96618147912973;11,529023822318813;13,579933722117083
Lateral Fraction(LF);4,047525867766572E-08;5,190094841609574E-07;0,00017935365009896426;0,00047576120021858764;0,00046817675755977034;0,00014906938751664905;6,0302983790842674E-05;1,9914380732027678E-05
Lateral Efficiency(LE);1,8469525918709858E-08;2,572454761669157E-07;8,706177092952046E-05;0,0002530797086141526;0,00024359101791005116;8,170205555749597E-05;3,142383668109737E-05;1,2189520806011635E-05
Receiver 34;63 Hz.;125 Hz.;250 Hz.;500 Hz.;1000 Hz.; 2000 Hz.;4000 Hz.; 8000 Hz.
Early Decay Time (EDT);0,36587415258350003;0,42519482203292436;0,5271614016396052;0,5777437150196544;0,6080479239052717;0,6295454654048076;0,6240278998041294;0,8016106669188128
Reverberation Time (T-10);0,37236503078371697;0,43559402015042253;0,5705198497121664;0,6503845897722209;0,6854383709686872;0,6889387854718331;0,717135956733428;0,8871066470102394
Reverberation Time (T-15);0,3823677820580834;0,4425890096861589;0,5908709581682124;0,6678978768881753;0,7423926633316037;0,7318649726720492;0,7784375223252761;0,9009642711664545
Reverberation Time (T-20);0,3909048508643929;0,45255490015905875;0,6160174817558101;0,70450665080582;0,8098741974848854;0,7945211220970381;0,8232120532523632;0,9043424697978258
Reverberation Time (T-30);0,4000863099458101;0,4726191880677809;0,6670828306371689;0,7798478660934579;0,9273349919615502;0,8665728909101651;0,880939702846319;0,9123813694565934
Clarity - 50 ms (C-50);8,015296219308189;6,711966364090808;4,995849111807832;4,368712618188403;3,878193773274687;4,03874688791668;4,1476173682961;1,805283783481315
Definition/Deutlichkeit (D);86,36224852443218;82,42610118726371;75,99317335152048;73,39489786249864;70,98807926187104;71,70663258641228;72,24641959877377;60,244951879445175
Clarity - 80 ms (C-80);13,452444084139428;11,734447146776139;9,10950612239216;8,345909623891593;7,857613661306651;7,7676018036052605;7,803202256130634;5,250439296462297
Center Time (TS);23,40491740479818;26,71998051564912;33,932267259359385;37,392303463595326;39,83454582027119;39,11023376349852;40,14042424259022;55,72102174685078
Strength(G);10,980553408538135;10,681671133482606;11,571520083087002;11,644874061747103;11,91171083422742;11,653265297179459;12,290195270603178;14,148421673728762
Lateral Fraction(LF);4,287310216168259E-08;4,980254052528237E-07;0,00017375164240237572;0,0004615454137416741;0,0004413358426985895;0,00014138199832337568;6,017487007808202E-05;1,8755121006560613E-05
Lateral Efficiency(LE);1,870988091458647E-08;2,372258306472778E-07;8,841763213466893E-05;0,0002332030476039216;0,00022471542008194872;7,233833009340768E-05;2,9274198968257158E-05;1,1482406827027567E-05
Receiver 35;63 Hz.;125 Hz.;250 Hz.;500 Hz.;1000 Hz.; 2000 Hz.;4000 Hz.; 8000 Hz.
Early Decay Time (EDT);0,35028446492146187;0,4173066712799592;0,4946617435951038;0,5516320498156034;0,5545408079020723;0,581042543634407;0,5843455875489303;0,7487325017456041
Reverberation Time (T-10);0,35653549215489144;0,4227560366984175;0,5255793731019855;0,5971365569884344;0,6230543617955905;0,620551577129605;0,6588777015339659;0,8339122993819259
Reverberation Time (T-15);0,3704713805951351;0,42694657151886645;0,5499454485310327;0,6328084843341699;0,67548965317041;0,6563508153163906;0,693413718898724;0,8651500592755655
Reverberation Time (T-20);0,3773117362427677;0,43338937879815337;0,5641145484490618;0,6608925459959669;0,7158125245867238;0,6885869814696824;0,7624862395270318;0,8780937674694664
Reverberation Time (T-30);0,38671873948090374;0,4521649390412734;0,611095339140221;0,7416179946974513;0,8310556836772947;0,7891156922113458;0,8338769537976938;0,8971545593677308
Clarity - 50 ms (C-50);9,46959041668291;7,6484265638334845;6,043983539332759;5,272920974265984;4,978696242834871;4,98516681642494;5,138622365443556;2,6632927202779615
Definition/Deutlichkeit (D);89,84804697287973;85,33492885102632;80,12181020403486;77,10297582213556;75,88504011721508;75,91229432999907;76,55247532204233;64,86808595703747
Clarity - 80 ms (C-80);14,662157984007;12,599796730896733;10,178654700736026;9,205864352174892;8,970117032291661;8,782591191223718;8,544322752091494;6,122722406233016
Center Time (TS);18,791035155672713;22,483544589869325;29,488089672854674;32,23594021974262;33,951419474678374;33,70764602486526;34,71997238912187;48,69578340292975
Strength(G);8,710534319077475;8,67903490569471;9,517270593648306;9,530528468562878;10,032097375183398;9,798384090761957;10,17279828388184;11,481327073729702
Lateral Fraction(LF);4,627194656812948E-08;5,718648991577527E-07;0,00020810452551102367;0,0005054506037059118;0,0005323127443173882;0,00016205370321568656;6,81266969308629E-05;2,264330727654202E-05
Lateral Efficiency(LE);1,8570590094195546E-08;2,65366942773356E-07;0,0001039004235320698;0,00024254999965637948;0,0002582034971831013;8,180051960030173E-05;3,233757921266792E-05;1,3284659885304621E-05
