Pachyderm Acoustic Simulation Results
Saved 23.12.2024 01:36:45
Filename:ORASE_FlatCeiling_Rough_Concrete (2).3dm
Source 0;
Receiver 0;63 Hz.;125 Hz.;250 Hz.;500 Hz.;1000 Hz.; 2000 Hz.;4000 Hz.; 8000 Hz.
Early Decay Time (EDT);0,2701050347657949;0,2944433398211538;0,31453293351031913;0,404032153400263;0,43454566187576876;0,43204290694569986;0,42898095768754513;0,42308857603322764
Reverberation Time (T-10);0,3021368480183168;0,3674359020007359;0,40906474021218886;0,4251015728449206;0,4421964473293273;0,43839659642817896;0,43946456661490435;0,42900224363121003
Reverberation Time (T-15);0,2785793213597361;0,32945100894487406;0,40274882521219124;0,4390414948488858;0,45606073704324124;0,45193925255618433;0,4542551419693247;0,4456028694203065
Reverberation Time (T-20);0,2754491240497324;0,33876993146349665;0,39108604121533497;0,42389975320076756;0,43726067380040756;0,4324294462625135;0,4341921233095447;0,43188278698431826
Reverberation Time (T-30);0,2740097686630183;0,3201921253520782;0,36552458383695896;0,3891434416242193;0,39981611319026894;0,39443641043590677;0,39856115418767135;0,4105619731728805
Clarity - 50 ms (C-50);17,848670931955468;16,516047711944083;13,947759030679283;12,887574749959532;12,389810428366243;12,322879693726655;12,334772674706663;12,494842600647491
Definition/Deutlichkeit (D);98,38540506848665;97,81820020499978;96,12681149701916;95,10828790115056;94,54662945339474;94,46662106823103;94,48091811759784;94,66998944996342
Clarity - 80 ms (C-80);24,014373509588363;21,602276783846467;18,316794296104412;16,87162566682934;16,265078125952446;16,26522211965057;16,217868346105558;16,46225207992567
Center Time (TS);4,327371690576395;4,442580891586121;6,6038001628300265;7,8425847289117865;8,489633631972731;8,602516613590138;8,629001523996843;8,471903466801836
Strength(G);12,389367790273766;12,272908860177889;12,530471311560255;12,66774551916349;12,720144850335558;12,749664103011298;12,751564289046101;12,719053627140184
Lateral Fraction(LF);8,406597927412059E-09;9,310076395345256E-08;3,7692693808001296E-05;0,00010461338707654093;0,00010854784840998712;3,489516066658997E-05;1,398083972524454E-05;4,448730465035583E-06
Lateral Efficiency(LE);3,7115472224627778E-09;4,6812545236229516E-08;2,087648016730446E-05;5,9815906927429744E-05;6,350426773532675E-05;2,037039830644231E-05;8,134898348977385E-06;2,5243543432839653E-06
Receiver 1;63 Hz.;125 Hz.;250 Hz.;500 Hz.;1000 Hz.; 2000 Hz.;4000 Hz.; 8000 Hz.
Early Decay Time (EDT);0,306503174113872;0,2694823649085236;0,3577819417962606;0,39994713379130953;0,36937565317167803;0,37044998537945933;0,3707166527313561;0,41727027940579736
Reverberation Time (T-10);0,3062202198490808;0,3279521127732094;0,41308771748555;0,46302508789607943;0,4625110834635256;0,4666960285459013;0,4717765769571024;0,5673344487333107
Reverberation Time (T-15);0,3123036455543768;0,3498493020944123;0,4222013426734414;0,467773367555027;0,47909064612591984;0,47267312613848783;0,48616130741574254;0,6078402031054715
Reverberation Time (T-20);0,3222815962626655;0,3594279346366512;0,4187288547720894;0,4703662267566478;0,4810543489632449;0,4842301246185111;0,502562191881486;0,6640733507186336
Reverberation Time (T-30);0,33530817450966993;0,3667386904068;0,4355141027430394;0,5104816482832988;0,5330298807536255;0,5498799361263046;0,5721204956695912;0,7548273783287657
Clarity - 50 ms (C-50);17,318993521833537;17,117440016172992;14,851981916674774;14,083937319674526;13,732769563253285;13,635376014948124;13,306140516393166;11,767783244046846
Definition/Deutlichkeit (D);98,17978485365838;98,09496605057679;96,83174897190678;96,24188231003863;95,93823522370357;95,84994120685222;95,53768070490617;93,75926327273316
Clarity - 80 ms (C-80);22,652556285004056;21,666259723699063;18,94713229855364;17,82103452105379;17,25776174841377;17,37607226709289;16,77158821816402;14,736206559932473
Center Time (TS);3,800980125482756;3,608085013863587;5,1014836531657055;5,728053004475282;6,258108032121565;6,275482335370786;6,806845222241946;9,248456054135202
Strength(G);15,656929237259076;15,597504296774723;15,71393257539453;15,706455630920225;15,776655058706915;15,768918914850701;15,829774575851822;16,09624258782219
Lateral Fraction(LF);5,57395915242829E-09;6,291678867991224E-08;2,333168012891369E-05;6,032490536383677E-05;6,432354909330621E-05;1,9757849486117026E-05;8,360465604911923E-06;2,8004900995613142E-06
Lateral Efficiency(LE);2,0086748034259957E-09;2,1531712576816233E-08;9,62399963736631E-06;2,6250753945618185E-05;2,865554892544149E-05;9,186512068489379E-06;3,799010810970698E-06;1,3276831611570372E-06
Receiver 2;63 Hz.;125 Hz.;250 Hz.;500 Hz.;1000 Hz.; 2000 Hz.;4000 Hz.; 8000 Hz.
Early Decay Time (EDT);0,4383831271583639;0,315583585638084;0,4991199961603024;0,7578611608085922;0,7067993014820904;0,8746126268196305;0,5009828409171536;0,4245186892384607
Reverberation Time (T-10);0,2859556194880484;0,2779048474036531;0,39814240077293267;0,46156903463572113;0,44388939283979933;0,4671519047978168;0,4626451614636459;0,6058389547480704
Reverberation Time (T-15);0,3274357180149007;0,3462281947727366;0,43749887865958875;0,4879365386370697;0,4981425262649399;0,5042260539500135;0,5349617550060022;0,6869939974976579
Reverberation Time (T-20);0,34152884943378703;0,36941905625691124;0,45612386783976805;0,5185195886272559;0,5369838107105251;0,5432974102829793;0,5754813320327123;0,7438322548844942
Reverberation Time (T-30);0,35851187425854203;0,3886543100709421;0,5026268714725632;0,5917827246452768;0,6320052636597779;0,6288508510396141;0,6478949826709446;0,8166208345417432
Clarity - 50 ms (C-50);18,334218833615243;18,215801109112576;16,26334521726937;15,587217462219442;15,4648426071921;15,276006392157724;14,886609914913457;12,504872410746852
Definition/Deutlichkeit (D);98,55372407679928;98,51434030106344;97,69050080986243;97,31190731768542;97,23720781550901;97,11796703799385;96,85611919328299;94,68163073178123
Clarity - 80 ms (C-80);23,19305295929658;22,5717872201798;19,992488287043592;19,10793325781859;18,67210170747705;18,55134926173768;17,939125701419965;15,128906725577089
Center Time (TS);2,9079767405178862;2,897075854891059;3,706682327429269;4,126377629666465;4,49750016391113;4,48762683332861;4,869553351296959;8,0169294483387
Strength(G);19,57685137817342;19,593182215247012;19,60190315040405;19,574729613432623;19,622049342468706;19,612183447699074;19,649430620646392;19,980864807226993
Lateral Fraction(LF);4,483298327444722E-09;5,8155767242785884E-08;1,9158403470853633E-05;4,8443037912578374E-05;5,191459341534577E-05;1,5896575109537838E-05;6,683618421895863E-06;2,6376654078071688E-06
Lateral Efficiency(LE);1,5855227689493436E-09;1,867805465970624E-08;7,331728735523476E-06;2,048702200876623E-05;2,0371682842941152E-05;6,756144286566441E-06;2,75898858423022E-06;1,1531464329064408E-06
Receiver 3;63 Hz.;125 Hz.;250 Hz.;500 Hz.;1000 Hz.; 2000 Hz.;4000 Hz.; 8000 Hz.
Early Decay Time (EDT);0,29465084483564774;0,23997296973244883;0,2953461698971519;0,31486333884589673;0,32653059983620725;0,2969595053189668;0,33375745195472295;0,4877116735519037
Reverberation Time (T-10);0,33057183143931557;0,31346211196961005;0,3929502515496255;0,4500805321383804;0,43789555770720423;0,44284639240412976;0,48370519377053023;0,666034978857574
Reverberation Time (T-15);0,3473013273087386;0,35403144939673253;0,4442587855429809;0,4971327670601838;0,5129742026342996;0,4992410044354013;0,554212177472028;0,7425660494290325
Reverberation Time (T-20);0,3589656639857951;0,3791565483766694;0,4883774552392063;0,5455180089432863;0,5804623398306822;0,5665866026252607;0,6128787997692768;0,7863951922041552
Reverberation Time (T-30);0,37302161981534393;0,4115473067191914;0,5490959333873677;0,6448556817880401;0,7221911841113637;0,7035339065883061;0,7265405900566082;0,8450357341483027
Clarity - 50 ms (C-50);16,00559392386346;16,399420511589284;14,705296989534633;13,954108371690175;13,977653645834124;13,91780919744297;13,311049937851365;10,497201437621351
Definition/Deutlichkeit (D);97,55502083081993;97,76325334915664;96,72956519108722;96,13451282165309;96,15316313867771;96,10199163911123;95,54520485212196;91,82918076721226
Clarity - 80 ms (C-80);20,949170724316293;20,672984564217295;18,35159051870114;17,44021675961553;17,26263906831618;17,448137696393037;16,354954907510557;13,085768953836434
Center Time (TS);4,578888397765443;4,445155719701559;5,564273156211172;5,9987779104340095;6,279807037804705;6,228441318478753;6,99281051304639;12,358101865637831
Strength(G);19,965244265516557;20,006259303035733;19,984810792533494;19,933138100041994;19,958466085610553;19,970158991272207;20,057880180051214;20,64761174546151
Lateral Fraction(LF);8,651545936898128E-09;1,141247347564033E-07;3,6396240053318676E-05;9,266023872954526E-05;9,292294779550903E-05;3,004567808704869E-05;1,2364649102098925E-05;5,468982837306475E-06
Lateral Efficiency(LE);3,1391972002877447E-09;3,656437907067181E-08;1,3811672062163833E-05;3,6703508581056776E-05;3,638237234159434E-05;1,1708412815461479E-05;4,677206059499828E-06;2,222247574202845E-06
Receiver 4;63 Hz.;125 Hz.;250 Hz.;500 Hz.;1000 Hz.; 2000 Hz.;4000 Hz.; 8000 Hz.
Early Decay Time (EDT);0,29513112388445134;0,2637384485415425;0,3499161864063631;0,36717392506614754;0,36514832440114786;0,38303764763969345;0,42908883953925375;0,6230026349199198
Reverberation Time (T-10);0,35524295614976775;0,35341489561360023;0,4510531953439346;0,4822515035814934;0,501772017678664;0,5005982877089858;0,553525112328844;0,7572459381988323
Reverberation Time (T-15);0,36310045110896366;0,3886851185965703;0,4820272686817533;0,5337518917509478;0,5746858985360273;0,5584311976627364;0,5993200084699739;0,8003559808981006
Reverberation Time (T-20);0,3677596316054724;0,4038109987270807;0,5103193416518444;0,5779979472178195;0,6364390874088455;0,6355645561542623;0,656178137688262;0,8309702954143606
Reverberation Time (T-30);0,3816453780045931;0,4327337675344177;0,5712220392185128;0,6796512843308771;0,7717974739448316;0,7433924087335398;0,7822411852220376;0,8763513541851665
Clarity - 50 ms (C-50);12,957267815829995;13,21115922486934;11,267814555288982;10,92990586049189;10,933188989892301;10,85299987577018;10,224584949659912;7,4894665673794325
Definition/Deutlichkeit (D);95,20732966045632;95,46819962992198;93,07977211822906;92,54248700712766;92,54875363773006;92,41692087118155;91,34367880989595;84,99259625139337
Clarity - 80 ms (C-80);17,987911720276863;17,62187176268901;15,119988302111885;14,460739784972962;14,159049154678252;14,182754063234055;13,393762180780751;10,227372658152618
Center Time (TS);8,84346638579072;8,856617013260331;11,390818957054178;12,170771097605938;12,566751397031364;12,64031008603713;13,871611633516062;22,54115482076311
Strength(G);16,993502868746738;17,188021624692702;17,312538139501378;17,327801067868748;17,286468092065626;17,323862010550044;17,426700064296767;18,28467892253947
Lateral Fraction(LF);1,9002648095065567E-08;2,5548862570996275E-07;8,42101077453164E-05;0,00022031390332592014;0,0002122571637888483;6,957339181918675E-05;2,6286921808277326E-05;1,0981676703092749E-05
Lateral Efficiency(LE);6,949675678409403E-09;7,879910423858358E-08;3,2961119077493774E-05;8,199364416528512E-05;7,927536661686102E-05;2,5805947102005045E-05;1,0930946245068292E-05;4,779504521162427E-06
Receiver 5;63 Hz.;125 Hz.;250 Hz.;500 Hz.;1000 Hz.; 2000 Hz.;4000 Hz.; 8000 Hz.
Early Decay Time (EDT);0,3038294209603665;0,29154803558105874;0,3723667035201768;0,37558458678286477;0,41687881349831485;0,41528067951603775;0,42951910855973535;0,5985619714019808
Reverberation Time (T-10);0,3379117997276199;0,3501442666219757;0,4547036706424752;0,4586608434161111;0,5102779380975669;0,5115831243357071;0,5658414596729079;0,7328744235510435
Reverberation Time (T-15);0,35115158045541245;0,3717738426065169;0,4687324350169335;0,5030144352555235;0,5498893385674054;0,5365625253224242;0,5909838136724374;0,7768582328923975
Reverberation Time (T-20);0,357705214267328;0,3908983314491411;0,48215947348641097;0,5359136901912743;0,6039541479158351;0,5956267770959555;0,6322546666282195;0,8103367681637127
Reverberation Time (T-30);0,36833025040268125;0,4131257132786502;0,5458680682246992;0,6511437385601632;0,7174297424593731;0,7232166706455566;0,7486745948925614;0,8608095495061915
Clarity - 50 ms (C-50);13,002340525574251;12,776916398012482;10,486077831613274;10,581644457486782;9,823855770693635;9,819419145535141;9,47020914330421;7,354211279660868
Definition/Deutlichkeit (D);95,23421684922073;95,0074163894703;91,80016400669871;91,96422547735061;90,5728804631424;90,56171836125058;89,85712813062669;84,50316107780664
Clarity - 80 ms (C-80);18,02891937594787;17,516084721420427;14,521006936176615;14,281087881215077;13,30011883165734;13,364012477096761;12,659252638315369;10,158057129919944
Center Time (TS);9,729974829125462;10,357883060997144;13,674966542520618;14,305659331346508;15,801476269226262;15,666412820595479;16,574253559294508;23,811330803318498
Strength(G);13,822168788595693;14,150939130545424;14,38052571965843;14,619246460622904;14,498613071217683;14,578920699584756;14,525801188111707;15,161691591432955
Lateral Fraction(LF);1,914070181559842E-08;2,962786923883824E-07;0,00010267302791231386;0,0002624014601723089;0,0002562999269929813;8,465536195158946E-05;3,0758659901007224E-05;1,1302899239153976E-05
Lateral Efficiency(LE);8,064986300234195E-09;1,0342444740374334E-07;4,509835205110406E-05;0,00010758508302086727;0,00011312146138683685;3,638924065381268E-05;1,4149596802637941E-05;5,502523553331607E-06
Receiver 6;63 Hz.;125 Hz.;250 Hz.;500 Hz.;1000 Hz.; 2000 Hz.;4000 Hz.; 8000 Hz.
Early Decay Time (EDT);0,2619285291330815;0,420365764078788;0,4897876119734218;0,5144065490272846;0,5306440124561355;0,5276446822942378;0,5196647836884105;0,5089668871586555
Reverberation Time (T-10);0,3185876264152667;0,39071414951740957;0,4225543324863617;0,4598860194499588;0,482414978217042;0,4795938619250853;0,4768662644635558;0,4708974807741669
Reverberation Time (T-15);0,278181917565408;0,3517233961833301;0,4331329860072813;0,4648132080196997;0,4812578552021603;0,47782153309993053;0,4766457518463315;0,4735691129649148
Reverberation Time (T-20);0,28618578426266145;0,35880397434570294;0,41585566894837617;0,4463292007692304;0,4621214715327031;0,4585288718882543;0,4596574309788892;0,4619347609312366
Reverberation Time (T-30);0,2841586870654824;0,34255506462176416;0,3883378071057923;0,41229927440725617;0,4246120031824492;0,4207987961368231;0,4239890286091678;0,4223526589092362
Clarity - 50 ms (C-50);16,657575923300055;15,491661479304803;12,919530022422705;11,77156328549319;11,289580582231915;11,23972414014531;11,253196381031207;11,435632739558546
Definition/Deutlichkeit (D);97,8866764588151;97,25374914892865;95,14240691360556;93,76435419998043;93,08308097621719;93,0088014854474;93,02894576889797;93,2964933194202
Clarity - 80 ms (C-80);23,172923024894864;20,59773631077907;17,225356480524667;15,743944873013403;15,121035837732247;15,111758131444393;15,09663600282227;15,333842039804527
Center Time (TS);4,941608836343666;4,950139259330642;7,569917531748856;9,165829904141384;9,952092719333645;10,050696346907433;10,127490460160748;9,86022015745167
Strength(G);10,890655774696267;10,681501511731597;10,958897647401969;11,11840427767794;11,191086255048504;11,201025039134393;11,218285787950833;11,168582685166648
Lateral Fraction(LF);8,753606460881885E-09;9,953483157834175E-08;4,1406328272617934E-05;0,00011712850065792337;0,00012213057553733122;3,88880602824518E-05;1,5815866883515502E-05;4,835999199967702E-06
Lateral Efficiency(LE);4,684613165050271E-09;5,7880434976198555E-08;2,5781912134648143E-05;7,397323839121335E-05;7,824857362850541E-05;2,5042049809137678E-05;1,001607981995753E-05;3,0763675099463222E-06
Receiver 7;63 Hz.;125 Hz.;250 Hz.;500 Hz.;1000 Hz.; 2000 Hz.;4000 Hz.; 8000 Hz.
Early Decay Time (EDT);0,37297855232805627;0,4845727863663865;0,4596259751168026;0,5198952482404573;0,5333294503547605;0,5670893597945217;0,5543300315083636;0,6353008832512356
Reverberation Time (T-10);0,34818798483265495;0,41282844841205873;0,4662930202594126;0,5301446805106478;0,5316820614425674;0,554639878409457;0,5430750604477015;0,6324639475988174
Reverberation Time (T-15);0,3311342111623321;0,39169809247347503;0,458853967973069;0,5266012408939574;0,5310303055116354;0,5329824567348579;0,5319588678899684;0,6529095537624299
Reverberation Time (T-20);0,331393040002916;0,3817586463341032;0,4623906623338559;0,5098347063074709;0,527233962988283;0,5234058712605927;0,5241051351822509;0,7013116836204445
Reverberation Time (T-30);0,34273061493508783;0,37714646759564735;0,46141380834674794;0,546973252831652;0,598663261114416;0,5846206542590995;0,549599018429538;0,7803026030273006
Clarity - 50 ms (C-50);15,001699840586703;14,60340337977259;12,686879509784765;11,797582988709392;11,534842545956847;11,259333481119418;11,23929594501961;9,559799065427224
Definition/Deutlichkeit (D);96,93581978942879;96,65136617925056;94,88875389712125;93,79929225234693;93,43795689263924;93,03810441737765;93,00816034746494;90,03594697168388
Clarity - 80 ms (C-80);20,374142435382886;19,57150504838372;16,64025545975655;15,320352280176685;14,908476690698418;14,685197103417684;14,609727368318307;12,563772704423059
Center Time (TS);5,9127152275054256;5,298922657503453;7,401216513000316;8,491216017887615;9,342387807965421;9,449268011938715;9,740218147972355;13,791249804097362
Strength(G);13,041645444882516;12,911577762643592;13,030255085386393;13,0220672958326;13,133075711151683;13,117236346975034;13,168156207107373;13,543636177788969
Lateral Fraction(LF);8,365508975956198E-09;8,553964436165038E-08;3,165966023430881E-05;8,327793517445771E-05;9,24868491626616E-05;2,812274381233734E-05;1,1198496996333306E-05;4,0967111721993005E-06
Lateral Efficiency(LE);3,968161432563685E-09;4,4133174037823394E-08;1,819579632561786E-05;5,02020050691528E-05;5,41650900340921E-05;1,735807280447056E-05;7,191686137841968E-06;2,6291132199512465E-06
Receiver 8;63 Hz.;125 Hz.;250 Hz.;500 Hz.;1000 Hz.; 2000 Hz.;4000 Hz.; 8000 Hz.
Early Decay Time (EDT);0,38159015070468183;0,36501892831706906;0,45039391224989755;0,5658411463147938;0,5258703094664264;0,552830833888854;0,5641017800342458;0,65566114691734
Reverberation Time (T-10);0,35875833955165015;0,3832268488139558;0,4705318601881941;0,5186707279123922;0,5348003274069923;0,5385319633401391;0,57604761287815;0,7141631549579623
Reverberation Time (T-15);0,3535516209385634;0,39288071112761064;0,47399640718179387;0,5267790791557306;0,5650070148292754;0,5495125040117034;0,5951540522001653;0,7480921554456872
Reverberation Time (T-20);0,35693187494929524;0,39959185868839775;0,49738101340002927;0,5419654707947609;0,5887677891261216;0,58224732510203;0,6182305820542708;0,7852443758252023
Reverberation Time (T-30);0,3662623814710021;0,4035913159162865;0,5307303905485127;0,6168093268628982;0,6901237193108997;0,6908340573222902;0,6867322642981402;0,839323071581684
Clarity - 50 ms (C-50);13,819543530616134;13,884440466408172;11,977275614851475;11,095497102610057;10,95377906557421;10,985701896126015;10,447270970927748;8,39335510204445
Definition/Deutlichkeit (D);96,01538403891935;96,07216243372655;94,03562612677348;92,78975044448575;92,56836000957051;92,61876871958195;91,72512896517883;87,35414985038902
Clarity - 80 ms (C-80);19,08145143350128;18,602472766183748;16,06606063264892;15,07956666712046;14,524944337315446;14,562641826338202;13,91252408863473;11,236775561566217
Center Time (TS);7,058242937446833;6,508276657191888;8,478696688227545;9,631358957829239;10,479076430793707;10,290753264849904;11,180299667602414;17,70179815520587
Strength(G);14,919173315778337;14,862345556469378;14,870944425236154;14,829118130796289;14,96084555836753;14,911252959912396;14,981855459553842;15,674054629368854
Lateral Fraction(LF);1,0748773319337975E-08;1,262814053221054E-07;4,103500513166534E-05;0,0001014553332659842;0,00011423797884653155;3,5030542092034986E-05;1,3951000451991984E-05;5,746768626952942E-06
Lateral Efficiency(LE);5,122908775623081E-09;5,571565842834105E-08;2,1752447892106214E-05;6,272176755580473E-05;6,021604141462472E-05;2,0226311477394237E-05;8,239972918200551E-06;3,276199464674524E-06
Receiver 9;63 Hz.;125 Hz.;250 Hz.;500 Hz.;1000 Hz.; 2000 Hz.;4000 Hz.; 8000 Hz.
Early Decay Time (EDT);0,34669790586114035;0,3466047721313618;0,4494760421429425;0,48789960301329344;0,46998829730760805;0,4885288826781261;0,5251028344938482;0,663709727223265
Reverberation Time (T-10);0,3521937362608864;0,37406353847257107;0,47444552371163584;0,524197920495351;0,5414070860288668;0,5369513299124097;0,5875677070248501;0,7663997064169287
Reverberation Time (T-15);0,3596890166305541;0,3969733520213135;0,49382118688078797;0,5490848098683598;0,5797687690245106;0,556878452401258;0,6110631802538119;0,7928808216482427
Reverberation Time (T-20);0,36438456940354536;0,40642023710357;0,5224886345538328;0,5871766934087298;0,6271118991268038;0,6032388342016597;0,6513738428817001;0,8209280715967985
Reverberation Time (T-30);0,38051507049009997;0,42647412244812055;0,5698257246017575;0,677124024728445;0,7620756977445572;0,7405862911054688;0,768309368274407;0,8686431681442375
Clarity - 50 ms (C-50);12,41657972126558;12,731928662671987;11,008176534724555;10,314048756668967;10,401573046621431;10,393070893913814;9,638852608887976;7,242835399855435
Definition/Deutlichkeit (D);94,58503867377786;94,94473106188151;92,65737572195273;91,49469301556795;91,64721767407205;91,63293180261651;90,20628602407706;84,17116012656788
Clarity - 80 ms (C-80);17,624900391000647;17,177007183178358;14,847017209907794;13,962707654539502;13,798903953820187;13,946163157900134;12,910793188148869;9,949663658780333
Center Time (TS);9,643159311819923;8,854666780017139;11,07672391132837;12,021093356249379;12,218376760082167;11,959562175952117;13,854057205444033;22,960287498410423
Strength(G);15,584019073377322;15,42222605792492;15,444436016895743;15,348224389978611;15,385245681288026;15,356940525892625;15,536262483592353;16,60474848755709
Lateral Fraction(LF);1,823837776591429E-08;2,0997718278944222E-07;6,806117114624847E-05;0,00015910237482437073;0,00016437937435932916;4,902123783232642E-05;2,1357959891731993E-05;9,4903079692345E-06
Lateral Efficiency(LE);7,801924997007016E-09;8,504774407373397E-08;3,255029963754301E-05;8,143565848637596E-05;7,878509339304402E-05;2,459125296300838E-05;1,0622157033477377E-05;4,508381577653833E-06
Receiver 10;63 Hz.;125 Hz.;250 Hz.;500 Hz.;1000 Hz.; 2000 Hz.;4000 Hz.; 8000 Hz.
Early Decay Time (EDT);0,343341566874702;0,3413959803361531;0,4292736455796516;0,4489662333655062;0,45793343618330556;0,4617528075390681;0,4982771125052335;0,6734707805999217
Reverberation Time (T-10);0,36282554055403;0,3832875094945432;0,4874963755550352;0,5216940000722018;0,5435687252224882;0,5751569190993225;0,5756391464566574;0,7573861501130049
Reverberation Time (T-15);0,3678920656891536;0,4081652096624244;0,49512910923849895;0,557903082522825;0,5815621466772346;0,5998610765518441;0,602734787080121;0,7999728244202641
Reverberation Time (T-20);0,37246071950623516;0,4151900356708205;0,5161796723216716;0,587815725819747;0,6306379366685652;0,6517532502562846;0,6704247288842958;0,8387362094871956
Reverberation Time (T-30);0,38587915395685635;0,43790297878184453;0,5839323169494637;0,6930358926053178;0,7886293430640186;0,7631790212108902;0,8042241054819675;0,8865532362350874
Clarity - 50 ms (C-50);11,521506413588634;11,914596509221003;9,859589030383232;9,526390297613187;9,540818321412809;9,512746330365632;8,86326244272089;6,152933935592589
Definition/Deutlichkeit (D);93,43075869000312;93,97648721236337;90,66270922954064;89,98363524980687;90,01058732168356;89,94559480158415;88,52181278064332;80,58905197773971
Clarity - 80 ms (C-80);16,651592023542996;16,175603765378344;13,695999014811893;13,103244203490416;12,903856588548413;12,818498108920696;12,173942023096009;9,052554693773837
Center Time (TS);11,787555419966784;11,14321425855487;14,452645562771465;15,444414537717709;15,563766812893924;15,606408925056412;17,54643405469361;28,189297974372
Strength(G);14,689995509928828;14,633140612968827;14,733278100246359;14,846752354205023;14,742996186302342;14,775392455552343;14,890587274262735;16,033375346107803
Lateral Fraction(LF);2,5223734666534272E-08;2,913540102732769E-07;9,722986575231871E-05;0,00025861696108261327;0,00023250058464908195;7,627318377037317E-05;3,1620995437191564E-05;1,3433750702955064E-05
Lateral Efficiency(LE);1,0743708117115592E-08;1,1530074484916226E-07;4,8089264047720165E-05;0,00011128149143590832;0,00011722291022548567;3,373375941926836E-05;1,58460386948151E-05;6,488614500579639E-06
Receiver 11;63 Hz.;125 Hz.;250 Hz.;500 Hz.;1000 Hz.; 2000 Hz.;4000 Hz.; 8000 Hz.
Early Decay Time (EDT);0,3343110347838078;0,3258641121645833;0,39761955513824876;0,41974747168155707;0,4388356242371011;0,428073130746227;0,4703642170726479;0,6242213806609271
Reverberation Time (T-10);0,3505796694409638;0,38757281769663127;0,47929571688978945;0,4974851358797002;0,5200905394481559;0,5395481796257163;0,578520782031945;0,7314849304249835
Reverberation Time (T-15);0,3559988045661691;0,4005119159366075;0,47488058966727736;0,5260955976981548;0,5569999394406933;0,550742971315649;0,5832001982145661;0,7785853240980132
Reverberation Time (T-20);0,3580444847605677;0,4115745979421364;0,4842490035345009;0,5347552904401026;0,6016288297280364;0,6007493179457805;0,636671520851468;0,8141536329048235
Reverberation Time (T-30);0,3697604790162656;0,42504273067716813;0,547581991347062;0,6447700781611788;0,7238176104349132;0,7024222738060059;0,756081656490678;0,8683722772176075
Clarity - 50 ms (C-50);12,033145554646545;11,980094688115848;9,946668773271456;9,584402495081514;9,434045662401301;9,353964258987988;8,779312155724314;6,753884388105703
Definition/Deutlichkeit (D);94,11084623535835;94,04734393737917;90,8112335400802;90,09090973858193;89,77393045546096;89,60470611911217;88,30967322231685;82,63004823449273
Clarity - 80 ms (C-80);17,344626425947393;16,71633386499805;13,817809475891584;13,530404363894045;13,045006497907979;12,98961588824409;12,374560607123824;9,639438974792112
Center Time (TS);11,179626073599227;11,097384005680064;14,991785876180469;15,798504144080155;16,982903155069348;16,774071084610206;18,090795816837414;26,424129987165355
Strength(G);12,411657831727911;12,39378487557379;12,805023834501355;12,959370541564269;12,874069710639809;13,084517634548185;13,010000805921436;13,682572680848203
Lateral Fraction(LF);2,146905667769866E-08;3,029677640752094E-07;0,00010120098022368126;0,00028031136783885805;0,0002574148665199181;8,75235919280332E-05;3,29198142743321E-05;1,2385620728458941E-05
Lateral Efficiency(LE);1,0296871935949448E-08;1,1756483240628522E-07;5,3956900113738566E-05;0,00013053624123272132;0,00013609091534743555;4,267727219605385E-05;1,7425729391168113E-05;6,7503155312621864E-06
Receiver 12;63 Hz.;125 Hz.;250 Hz.;500 Hz.;1000 Hz.; 2000 Hz.;4000 Hz.; 8000 Hz.
Early Decay Time (EDT);0,34963564436299016;0,560579572082187;0,4946535470623396;0,47262076407760617;0,4812174303797082;0,47354040252958207;0,47158178280630414;0,4565028584945702
Reverberation Time (T-10);0,2782208680091387;0,34730754235826244;0,39650964768099817;0,4406255479357597;0,457740442692004;0,45659637868309344;0,4563277988187117;0,4422799073237038
Reverberation Time (T-15);0,2655086668575369;0,3344969829872502;0,4020223724714174;0,448171492462524;0,46651379370180523;0,4649483349017241;0,46485033947272236;0,4564490747015503
Reverberation Time (T-20);0,2702240378260452;0,33966813959514647;0,4169117401697091;0,4607006740722507;0,47926738280745707;0,47588783537617;0,47743003843390375;0,4754431216770472
Reverberation Time (T-30);0,2901442263398026;0,3546207790681454;0,4111729983998463;0,43768624659547456;0,4536434842916559;0,4499332567976877;0,4525518550970143;0,4520069030924945
Clarity - 50 ms (C-50);15,763229936775108;14,48837682420468;11,925131484793283;10,72969426370497;10,263297458310824;10,232373549378282;10,2077734084797;10,433768974337362
Definition/Deutlichkeit (D);97,41591427361506;96,56457745004205;93,96792818875315;92,20551424064213;91,39786407371805;91,341716285176;91,29681370424153;91,70150098294171
Clarity - 80 ms (C-80);22,785839213524994;20,0202145887838;16,648853005029615;15,03661692255428;14,46539252381439;14,442914799493352;14,403882486084168;14,699614104524528
Center Time (TS);5,942563464279342;6,0734974262569885;9,241513391256882;11,264684098894346;12,172067465321602;12,279826086846045;12,383888628954512;12,082762387775917
Strength(G);9,394661194200925;9,10605241821689;9,462398535065091;9,636704583508902;9,728655811711214;9,754134881013378;9,770637017969094;9,729729333074431
Lateral Fraction(LF);1,2998804476279703E-08;1,3720147688121183E-07;5,71097656152629E-05;0,00015955655943008298;0,00016674132989452723;5,3365625921205025E-05;2,154994151426416E-05;6,78131295574367E-06
Lateral Efficiency(LE);5,47226653397028E-09;7,628643275254223E-08;3,3788444235884056E-05;9,82060338145134E-05;0,00010434856562309212;3,290078063584945E-05;1,322485676548601E-05;4,052459591473855E-06
Receiver 13;63 Hz.;125 Hz.;250 Hz.;500 Hz.;1000 Hz.; 2000 Hz.;4000 Hz.; 8000 Hz.
Early Decay Time (EDT);0,3770454500608179;0,423437990388089;0,4947717791636227;0,5179798458293767;0,5388562745346587;0,5375351915505338;0,5387896641581189;0,5822709478927893
Reverberation Time (T-10);0,325259464404935;0,3642499034265103;0,42534028432265764;0,483415479684196;0,47256631725155096;0,4997299219016766;0,48788318907187245;0,5984920833993777
Reverberation Time (T-15);0,322779576427835;0,3576045831247502;0,43272399236155945;0,4970016940095822;0,5079324323938584;0,5061326814848346;0,5217022342071314;0,6551676668853557
Reverberation Time (T-20);0,3270266999526977;0,36368214020098144;0,47569115740973794;0,5137452918125912;0,5317054417038503;0,5208153874836288;0,5372642998956133;0,6937559361474507
Reverberation Time (T-30);0,35079156563302677;0,38354781621788947;0,48454049087113205;0,49660281546465335;0,5558751120696336;0,4947857325571747;0,5193366670628158;0,7811696656818712
Clarity - 50 ms (C-50);13,626434422181257;13,638932837702885;11,598220846863745;10,60794409273857;10,315647423097285;10,031653082398694;10,09285532925922;8,27253565684829
Definition/Deutlichkeit (D);95,84174360753644;95,85319778076035;93,52687018659496;92,00163640319839;91,4921631438175;90,96914622249189;91,0842524034352;87,0436277486242
Clarity - 80 ms (C-80);19,384006290788093;19,075644196231142;16,200911792456463;14,571386315261268;14,525507968562001;13,978221013648469;14,128731706366073;11,748493139021551
Center Time (TS);8,140495601877264;7,2321971287915385;9,82230568709865;11,560438577270697;12,187945718304931;12,588347301246069;12,709550608634196;18,34084365822122
Strength(G);10,918081017371001;10,680592780824561;10,802536340717474;10,879791653426246;10,922797779041062;10,98689146064573;11,02696382740207;11,5393809473251
Lateral Fraction(LF);1,3041385083803297E-08;1,4150331907672304E-07;5,2358110978276105E-05;0,00013898427883954567;0,0001556548399749337;4,695404269189037E-05;1,8890719895692656E-05;6,982094146537713E-06
Lateral Efficiency(LE);6,797301499726622E-09;8,205576341606918E-08;3,496637532343461E-05;9,655850440790364E-05;0,00010611834676408026;3,21223907346724E-05;1,2844605995834992E-05;4,756398291372665E-06
Receiver 14;63 Hz.;125 Hz.;250 Hz.;500 Hz.;1000 Hz.; 2000 Hz.;4000 Hz.; 8000 Hz.
Early Decay Time (EDT);0,37973185011780464;0,4320847034593639;0,5120187466896858;0,5433005232135821;0,5547183630912677;0,5562270523557231;0,5958381185739101;0,7121227554331242
Reverberation Time (T-10);0,3520836924528224;0,41179380609162397;0,49431493098863677;0,527601396395658;0,5929927523084023;0,5682436015171263;0,6153374757179026;0,7811031011149479
Reverberation Time (T-15);0,35641166248005923;0,41189002663467167;0,5233270250723443;0,5690683232093078;0,6189712784526673;0,6192639281571504;0,6405567795435814;0,8155482273286077
Reverberation Time (T-20);0,36268402958463936;0,412000873461378;0,5572573466698792;0,5883555351703026;0,6441015270335069;0,6422641661966271;0,6500649209826176;0,8399517807101127
Reverberation Time (T-30);0,3782261297518562;0,42357553121558167;0,5741350295442691;0,649920425360846;0,7558831967955406;0,7413579359786533;0,7609543918855564;0,8723389298021192
Clarity - 50 ms (C-50);11,420629816213099;11,388689595580585;9,726557826728929;9,013528681884406;8,651281759937488;8,69030200050221;8,13365502748299;6,015230198645173
Definition/Deutlichkeit (D);93,27485574504482;93,22857479773032;90,37516444993913;88,8493225678613;87,99578673323927;88,09037085176743;86,6786926201173;79,98020990205349
Clarity - 80 ms (C-80);16,81438666718268;15,960042351106456;13,466286610602173;12,723719097938185;12,111397127639218;12,011733413408177;11,461229390030901;8,907141488437581
Center Time (TS);11,578871143800406;11,035074694714028;13,965867347636632;15,799188626517191;17,055581500090998;17,039540021447973;18,420182750208212;28,259374751736807
Strength(G);12,365888818363366;12,09376797308606;12,172717628137072;12,25022504230484;12,310706672371914;12,358736784449661;12,43487245457635;13,352012877974282
Lateral Fraction(LF);1,9236130259799827E-08;2,162107909961547E-07;7,247183915647414E-05;0,00018631758384952724;0,00020381980939032993;6,396423341807816E-05;2,515253334995324E-05;9,732743870522679E-06
Lateral Efficiency(LE);9,819720176266214E-09;1,1831427394076725E-07;4,379947315162094E-05;0,00012898950614245088;0,00013024575427951298;4,0830145381955213E-05;1,7081564276744587E-05;6,537445034548918E-06
Receiver 15;63 Hz.;125 Hz.;250 Hz.;500 Hz.;1000 Hz.; 2000 Hz.;4000 Hz.; 8000 Hz.
Early Decay Time (EDT);0,37022298623331995;0,4169211630798701;0,47946991162730557;0,5635965047926708;0,5881472383771243;0,5794193494278088;0,6082497803910256;0,7554262247416013
Reverberation Time (T-10);0,36505987394914435;0,40799193622441227;0,5054168176279517;0,6173121166287474;0,6280934070781531;0,6070566101726355;0,6392131604338135;0,8242871543256219
Reverberation Time (T-15);0,37317556307882094;0,4223564866256206;0,5565313385517721;0,6630898611552627;0,6731023506668997;0,6460356012728141;0,6957941340012506;0,8499389267362837
Reverberation Time (T-20);0,38053944788519745;0,4373709351860381;0,5828867834082693;0,689671403897143;0,7411326809154828;0,6958299993238375;0,7502207440825107;0,8702856038742435
Reverberation Time (T-30);0,3989610089772877;0,4528866615063823;0,6284921319928353;0,7458249068426845;0,8553662201280556;0,8315717003562666;0,8709154462757619;0,9019116723440427
Clarity - 50 ms (C-50);10,369167987424913;10,249470602673957;8,799833321499165;8,091622262622888;7,746919284742128;7,8173989192962425;7,102337272626195;4,860979463291695
Definition/Deutlichkeit (D);91,5901852615971;91,3894194087172;88,3524338552193;86,56822240286446;85,61805954437936;85,81896213547327;83,69625494462807;75,39620185514345
Clarity - 80 ms (C-80);15,455064023559997;14,798626974555786;12,617990076418371;11,414616841647533;11,050380924729016;11,344931218716132;10,426410110759134;7,695153010317793
Center Time (TS);14,711979687369391;13,935989011764464;17,80167722117367;19,483430169500668;20,488833503647985;19,964237445006443;22,97597423686853;35,24414005910568
Strength(G);13,305078051151952;12,860904921529663;13,012209483990965;12,97393282653168;12,96546713082396;13,01039113769366;13,323383602973905;14,62717263563372
Lateral Fraction(LF);2,8076814184270874E-08;3,086367286911431E-07;0,00010693771738282222;0,0002334275990634568;0,0002479668735752193;8,078546086585403E-05;3,453868569586609E-05;1,3664663852030235E-05
Lateral Efficiency(LE);1,302605797828584E-08;1,5936199974689432E-07;6,243648891053786E-05;0,00014450786136311128;0,00014733345852292886;4,810029464838151E-05;2,1463318827094074E-05;8,472968375923487E-06
Receiver 16;63 Hz.;125 Hz.;250 Hz.;500 Hz.;1000 Hz.; 2000 Hz.;4000 Hz.; 8000 Hz.
Early Decay Time (EDT);0,37052708342342916;0,38872538611701457;0,4850481668711388;0,52475719917672;0,5252121682323232;0,5622527154346332;0,5607914931966963;0,7346465170471846
Reverberation Time (T-10);0,36281725582243507;0,40524871772590687;0,5172766636969465;0,5751996721410422;0,6277699087999885;0,6120635811804321;0,6249087792368617;0,8220337274058641
Reverberation Time (T-15);0,3755573146987967;0,42856971399309;0,5441603401457777;0,6288069728041917;0,6813746390779385;0,6904122512591141;0,7066744098985442;0,8545168054144905
Reverberation Time (T-20);0,3858682987758404;0,44532318413413774;0,572327448888648;0,6771432302171828;0,7561569557075679;0,7269766677676238;0,7650138113958254;0,8830235267602938
Reverberation Time (T-30);0,40074202132470627;0,46272198215367727;0,6342372419178858;0,7672981498298767;0,8726330746095005;0,8519964709998097;0,9082159476196463;0,9175503346603173
Clarity - 50 ms (C-50);10,087739635860435;10,063221833448237;8,129964866468583;7,823889831715212;7,528511722955445;7,362274014118254;7,06821305701717;4,370935444209923
Definition/Deutlichkeit (D);91,0851384917384;91,04639678471781;86,68994510782882;85,85312076793299;84,99273417082162;84,49353501031972;83,59473985363067;73,25506995869783
Clarity - 80 ms (C-80);15,09848019183095;14,511939981600122;11,914434225146035;11,281597290275315;10,75407015472123;10,797098586135167;10,415359918406072;7,439455323474034
Center Time (TS);15,936053618984594;15,39505029999034;20,494221081076308;21,470315506808213;23,143160023526853;22,976873358670545;24,87493841468533;37,888699390648604
Strength(G);13,057306050610375;12,788367037624166;13,0819695633962;13,253030029531494;13,077175284627813;13,085681967332448;13,423160566343746;14,701918679547056
Lateral Fraction(LF);3,12420707080989E-08;3,6386194526468397E-07;0,00012923587810360614;0,0003215703343622302;0,00031381947481495375;9,955567943703374E-05;4,207569222903422E-05;1,593071007149802E-05
Lateral Efficiency(LE);1,5677553027986246E-08;1,841794231833476E-07;7,623339915415569E-05;0,00018668453292743233;0,00018173567745061512;5,734527757432912E-05;2,4123798776515234E-05;9,937671330854712E-06
Receiver 17;63 Hz.;125 Hz.;250 Hz.;500 Hz.;1000 Hz.; 2000 Hz.;4000 Hz.; 8000 Hz.
Early Decay Time (EDT);0,33178178752823034;0,36550144886858454;0,42537674697538047;0,45740028355871276;0,466255463852026;0,48263804013639294;0,5287383729114217;0,6574631948148573
Reverberation Time (T-10);0,33457560609165893;0,3898716835424969;0,49145096126239207;0,4949118205500332;0,5268932009922305;0,5328297072927012;0,5695739248260591;0,7554568354995036
Reverberation Time (T-15);0,34790452415100986;0,39403294431348007;0,48372649767199777;0,5348543861849473;0,5752467989569665;0,6113971272017388;0,5951275408378417;0,7931331966223466
Reverberation Time (T-20);0,3590601355034143;0,40638947906004735;0,49716955994261297;0,5686996904551637;0,6304250760943306;0,6428673894100796;0,6420488190217475;0,8332154234853564
Reverberation Time (T-30);0,38082947092323594;0,4327797575907484;0,549095447998976;0,6689894765708619;0,7456254234618235;0,7342381731087878;0,7843873622867106;0,8755660096503511
Clarity - 50 ms (C-50);11,1915080504933;10,696792821930837;8,99525237800047;8,47412784601466;8,08779067642131;8,047529997872765;7,411349448098062;5,536239670717375
Definition/Deutlichkeit (D);92,93626482491051;92,1577730291757;88,81356586713987;87,55951668926663;86,55781395947238;86,44884995518704;84,638518321809;78,17487722130849
Clarity - 80 ms (C-80);16,57706277499824;15,728783724435385;12,81372767854367;12,66903956138819;11,983591168620363;12,070498667605506;11,312170831391015;8,591680126672001
Center Time (TS);13,458942551118705;13,662871352927578;17,363916170511754;19,14699910245283;20,380552357078795;20,237464321627186;22,310692846678194;31,69700319516461
Strength(G);11,207742701579441;10,998071530478285;11,56096652680175;11,690037485013825;11,737714020230321;11,645393047967325;11,774314473604349;12,607333743257655
Lateral Fraction(LF);2,725817286448879E-08;3,5551972990253115E-07;0,00011092338279184729;0,0003105259114372089;0,0003179372266496407;9,564336768725513E-05;3,9359727874232235E-05;1,4347583037644961E-05
Lateral Efficiency(LE);1,1113642974675318E-08;1,5492989136627862E-07;5,4626679268103545E-05;0,00016553396483821715;0,00015357229395125446;4,7092911296265055E-05;2,1251038042271658E-05;7,83823150902133E-06
Receiver 18;63 Hz.;125 Hz.;250 Hz.;500 Hz.;1000 Hz.; 2000 Hz.;4000 Hz.; 8000 Hz.
Early Decay Time (EDT);0,30675055526352135;0,4311236689620584;0,36495077305911144;0,4032486248625234;0,43282135318301174;0,42432169188152075;0,42639826924617186;0,41546734702061544
Reverberation Time (T-10);0,25295756792328616;0,32084851100743544;0,38546903630681023;0,4201206256786407;0,452083798907368;0,45233444820034;0,4544774439829251;0,44118024932618427
Reverberation Time (T-15);0,2642282954824221;0,33037673732547573;0,37912351943673933;0,44031653250015984;0,4817291274848555;0,4802993674039864;0,48162523035534516;0,47443719536922535
Reverberation Time (T-20);0,2661848074633055;0,3157996361137138;0,4228895286894189;0,4771126712119795;0,503281070525466;0,5028096263896122;0,5018167086269021;0,5024848271520469
Reverberation Time (T-30);0,2921990885543929;0,3583984175474426;0,42973630530398926;0,4594289596762736;0,4758486554062027;0,4740853479306748;0,47653135554836346;0,49150938039732045
Clarity - 50 ms (C-50);14,744042521451659;13,373922082682325;10,88930095214196;9,708620111784196;9,217093304602619;9,276459550797986;9,223775490133217;9,497108943957818
Definition/Deutlichkeit (D);96,75460623354438;95,6037467293299;92,46557716026341;90,33917713458011;89,30531546692696;89,43517285869792;89,32000191770548;89,90569739485412
Clarity - 80 ms (C-80);22,161135810967338;19,45455531035543;16,227185186703483;14,724304710557574;14,097108022004022;14,139835821626768;14,072864506068274;14,336731179481692
Center Time (TS);7,62766736184191;8,085761689918247;11,8896125710647;14,26862515972958;15,452115964176144;15,428843165663372;15,567419067570828;15,188437688988632
Strength(G);8,216003147861215;7,853465935960713;8,330657594550551;8,571138349034712;8,693423971278733;8,736873040088604;8,744194281521345;8,706838135418366
Lateral Fraction(LF);1,9310982253589502E-08;1,9180396418273496E-07;7,690536489072111E-05;0,00020989958293705647;0,00021938377288963846;7,058401099422002E-05;2,821557332415825E-05;8,962969217952766E-06
Lateral Efficiency(LE);4,854550899816031E-09;6,858454355594457E-08;3,061487235648836E-05;8,786642021151518E-05;9,471248579591007E-05;2,9503765618048376E-05;1,1832013867115783E-05;3,7167828880757107E-06
Receiver 19;63 Hz.;125 Hz.;250 Hz.;500 Hz.;1000 Hz.; 2000 Hz.;4000 Hz.; 8000 Hz.
Early Decay Time (EDT);0,3489446724176573;0,4128942985441924;0,4787490483398207;0,5032652062611385;0,513149184989368;0,5019815725055958;0,5120661461117277;0,570027936499984
Reverberation Time (T-10);0,31021980787868797;0,3727218389569779;0,4203776340502238;0,47172574036270865;0,4980649761197457;0,49652982991526096;0,5018697652405254;0,6464868054857515
Reverberation Time (T-15);0,318190027349397;0,36602979507757427;0,4399662018163018;0,501099643329665;0,5617360846549885;0,5404098687484875;0,5741318928295969;0,716634475609898
Reverberation Time (T-20);0,32832353129209724;0,36556087341119137;0,47525746199214564;0,5170597386296139;0,604682686085874;0,5617486404432296;0,5818455989597479;0,7536151366129156
Reverberation Time (T-30);0,35602876825569646;0,39179765457748905;0,5081639380214773;0,5514026170859349;0,6384067350301977;0,6511060396436108;0,6045300706821859;0,8335121932087536
Clarity - 50 ms (C-50);12,492844112984354;11,898783742635082;9,899009564382407;9,03001076889008;8,537570734166781;8,58261379057571;8,42158364107967;6,7336570379092855
Definition/Deutlichkeit (D);94,66766699750848;93,93344845401585;90,71507291514735;88,88686677158381;87,71644812651708;87,82776195365851;87,42577754327596;82,49833124054537
Clarity - 80 ms (C-80);18,11207902073859;16,890765237429182;14,214065573029648;12,797921143062938;12,243452368174708;12,188701486849675;12,32210850859569;10,17930808249144
Center Time (TS);10,775756694754865;10,378860075563054;14,414166981094782;16,702963273338653;18,498065892603023;18,443170059213486;18,38896116690657;25,869698534021655
Strength(G);9,356882168499958;8,976717621826921;9,239169257677254;9,430457250632386;9,548663165953016;9,656702702326896;9,656934205410195;10,283834223971333
Lateral Fraction(LF);1,9369904873792187E-08;2,052715831213454E-07;7,70409873514935E-05;0,0002059462964738505;0,00023108000647476876;7,165642367532877E-05;2,7869572690783664E-05;1,0267724778415527E-05
Lateral Efficiency(LE);7,737498045215922E-09;1,0935788110708051E-07;4,632890958471433E-05;0,000128291703499427;0,00014857967947527374;4,257149867963765E-05;1,6374017796386963E-05;6,866544891609336E-06
Receiver 20;63 Hz.;125 Hz.;250 Hz.;500 Hz.;1000 Hz.; 2000 Hz.;4000 Hz.; 8000 Hz.
Early Decay Time (EDT);0,36371553499079445;0,4467454438318419;0,5047267013307911;0,5432055667705644;0,5746512366226899;0,5664565952135704;0,5864308418671101;0,688884507771032
Reverberation Time (T-10);0,3495270304902981;0,4072069793282733;0,4978836839229407;0,5393253749455127;0,5857643508231457;0,5961405277057875;0,6067428095592856;0,7795563460319183
Reverberation Time (T-15);0,3567219530532243;0,3980411010094402;0,5124237947886442;0,5552819202978105;0,6041093115751327;0,6165468202408458;0,6358514377295814;0,8155678344408197
Reverberation Time (T-20);0,36471826223155657;0,40862116051758424;0,5390511164888654;0,5768531564366931;0,6337987365189397;0,6411597878577632;0,653895446695749;0,843907059477886
Reverberation Time (T-30);0,3808007766236044;0,4290283420705833;0,5662589819862329;0,6399616831695397;0,7413343671614296;0,7270428321166953;0,7573865670477886;0,8723274921783254
Clarity - 50 ms (C-50);10,581349896978203;9,88219727415274;8,429146152787178;7,699258752670067;7,094869500871623;7,325363033629677;6,909296887313668;4,764029840530123
Definition/Deutlichkeit (D);91,95645951399267;90,68241525770536;87,44490773582156;85,48079956857329;83,66695957102387;84,37932661289405;83,07461201450847;74,96897694253933
Clarity - 80 ms (C-80);15,671992710133535;14,65125761929989;12,093263375964794;10,914571558633373;10,351861230427515;10,364511677901438;10,171492612939325;7,83396928416911
Center Time (TS);14,64320126677904;14,018446806639075;18,486339247393484;21,12697851043725;22,936984451190757;22,844089897394493;23,863650493791614;36,04726632592775
Strength(G);10,590871549656185;10,044416613544293;10,400013251955613;10,510709051408554;10,573595871243896;10,645243006478118;10,707087986949496;11,940685688267884
Lateral Fraction(LF);2,6141673710351077E-08;2,7516270958124604E-07;9,663438518328313E-05;0,00026708272434215806;0,0002882383475057025;8,921682773004128E-05;3,564137137981167E-05;1,337762006492788E-05
Lateral Efficiency(LE);1,2451539425408477E-08;1,6169303741384608E-07;6,285744123237434E-05;0,00018168163391128915;0,00019672047055872518;5,861703661324182E-05;2,40629243917323E-05;9,507807103416534E-06
Receiver 21;63 Hz.;125 Hz.;250 Hz.;500 Hz.;1000 Hz.; 2000 Hz.;4000 Hz.; 8000 Hz.
Early Decay Time (EDT);0,36245148576997654;0,41632329691034414;0,470048911354473;0,5316088203855877;0,5761698958627389;0,5631345705147822;0,5910141429906648;0,7357108085336216
Reverberation Time (T-10);0,36696692244242995;0,4044724396265974;0,5017536248405416;0,6042189405942185;0,5996705160036457;0,6040364159750351;0,6362328344851949;0,8196546452191266
Reverberation Time (T-15);0,3698770826989727;0,4153683309399636;0,5448233036770501;0,630499516756708;0,6296039622654401;0,6387628775748859;0,6948268425262022;0,8521617725223852
Reverberation Time (T-20);0,3791720191128199;0,43167765490622817;0,5706880971930808;0,6476914943062649;0,6837009176856177;0,6847774153814349;0,7441282728661535;0,8727161840551875
Reverberation Time (T-30);0,3965248040915761;0,4476133584818917;0,6051253045607873;0,7109782097898388;0,8134239343720253;0,8126212144770755;0,8510195295698008;0,8984008117889123
Clarity - 50 ms (C-50);9,617131683972016;9,326173119595166;8,00162647781124;7,133768601816016;6,840351210632608;6,8909155729223475;6,214434666339047;3,912620953393743
Definition/Deutlichkeit (D);90,17013349839982;89,56572398853227;86,33583271998505;83,79334900391214;82,85376314338895;83,0158799347388;80,72861737177816;71,16385036474524
Clarity - 80 ms (C-80);14,580268752972925;14,032051125756222;11,765298610402557;10,411620821746752;10,036846680027683;10,294079656716534;9,510376070707146;6,896922300878217
Center Time (TS);17,86354529614346;16,732673956034965;21,472434370144793;24,321945937465962;25,247248066133487;24,60330134100992;28,53391484693049;41,54626169212331
Strength(G);11,698270214879336;11,024064900761005;11,413413024974588;11,328630504440717;11,369376844322886;11,346726853646018;11,557973039319315;13,287600118353765
Lateral Fraction(LF);3,4587575014100265E-08;3,7307225785446717E-07;0,0001299606539468273;0,00032079793150489345;0,0003397496417615909;0,00010133230222239475;4,497895121741009E-05;1,6802795182408695E-05
Lateral Efficiency(LE);1,559852323971678E-08;2,01286495632628E-07;7,583144472064673E-05;0,00020062063559743277;0,00020590489288708865;6,119827257978281E-05;2,9512105454664947E-05;1,0876271083506647E-05
Receiver 22;63 Hz.;125 Hz.;250 Hz.;500 Hz.;1000 Hz.; 2000 Hz.;4000 Hz.; 8000 Hz.
Early Decay Time (EDT);0,3495665707670216;0,37933543745232357;0,47169687001582866;0,48172877409271664;0,5091375297177728;0,5212993744496155;0,5476767412997362;0,7334206445556966
Reverberation Time (T-10);0,3608640044217396;0,38438310394494085;0,5051990415335407;0,5705640558925713;0,6152860197122242;0,6068773222113916;0,6304290412316553;0,8333804024499204
Reverberation Time (T-15);0,3737973253376803;0,41176898429004755;0,536190127165185;0,6158295186790819;0,6849767796650386;0,6868439444933249;0,7267923948865023;0,8571450711647439
Reverberation Time (T-20);0,3814037448834472;0,4325326184376174;0,5743738331750666;0,6680170918198237;0,7517512790899857;0,7293855616011203;0,7662971064910259;0,8800276352254437
Reverberation Time (T-30);0,398730254676145;0,4579675940648224;0,6201593387818604;0,7532434880456554;0,849785984998444;0,8405566275490217;0,8801849380991179;0,9086418994204554
Clarity - 50 ms (C-50);9,677618170986353;9,606849039348353;7,813548446316871;7,425789601904626;7,245476111974868;7,237795669467834;6,624539798182406;3,933483065649806
Definition/Deutlichkeit (D);90,32627914216178;90,17140685766219;85,87467278426475;84,72283654346097;84,19647291953032;84,13142212613435;82,21609949383013;71,35730949492844
Clarity - 80 ms (C-80);14,747775474435542;14,350858844350407;11,648642167448761;11,262454823498075;10,580473581188247;10,790682022677565;10,241108257682313;6,924428256700677
Center Time (TS);18,21613433377438;17,61270249596218;22,5278117300131;23,87025265471241;26,108697896989806;25,192661243420122;27,500307968355717;42,47662802026871
Strength(G);11,743524662520322;11,184632088992796;11,51427661847758;11,668970607798414;11,65173678956954;11,50271898306567;11,915766060849478;13,396903404404725
Lateral Fraction(LF);3,55918927590334E-08;4,0832725503416126E-07;0,00013170560438345943;0,00034679710586313307;0,0003620169959774863;0,00011078282158121608;4,504859423098433E-05;1,7349947825125524E-05
Lateral Efficiency(LE);1,634378414582219E-08;1,989839057366259E-07;7,742104225546412E-05;0,00020333165029656346;0,00020478538973735185;5,928248200256345E-05;2,557988313752203E-05;1,0771223753863464E-05
Receiver 23;63 Hz.;125 Hz.;250 Hz.;500 Hz.;1000 Hz.; 2000 Hz.;4000 Hz.; 8000 Hz.
Early Decay Time (EDT);0,3259135927167519;0,3633948515247601;0,44312519454046845;0,44215081917161125;0,48798147340358033;0,48641929427016817;0,5018653669929888;0,6945706312862839
Reverberation Time (T-10);0,33972313652242486;0,3719664764439371;0,4788360537379096;0,5084017980578462;0,5356903794793644;0,5384569849797476;0,5757040685291582;0,7717317141186958
Reverberation Time (T-15);0,35011211207238824;0,39820680262502356;0,4868074501917261;0,5502963109550159;0,6186444403688465;0,6247647813911846;0,6496347455712096;0,8078664500381235
Reverberation Time (T-20);0,3663642302565358;0,4162728580485196;0,5218045896740028;0,6015290962667378;0,6997621136384629;0,6631859409343326;0,692189918034238;0,8401020665418407
Reverberation Time (T-30);0,38574093605820536;0,44113035790632255;0,5659011542156815;0,7084996548645279;0,7891157855147324;0,7439728157008041;0,7878966049897738;0,8797169229618619
Clarity - 50 ms (C-50);10,728607341913214;10,196099753117432;8,38147981902901;7,888892493172779;7,297813360899198;7,454831378800014;7,064814235492314;4,575730693812031
Definition/Deutlichkeit (D);92,20804069780189;91,27782622100058;87,32391312352028;86,02180486938714;84,29553227884242;84,76824177717266;83,5721682463051;74,14657765482715
Clarity - 80 ms (C-80);16,16956342206076;15,161933998991394;12,341603595781624;12,38454665767085;11,484895993019823;11,71017724217393;11,211168128913904;7,7213500514038955
Center Time (TS);15,167223903697158;15,694154211668529;20,318923804488403;22,12877048564757;24,181008138842092;23,694703317661837;25,21277648314742;36,97608474157541
Strength(G);10,212240773624714;9,8505490606749;10,416279066964606;10,581698650528551;10,59577768164057;10,44506279891013;10,773476699833061;11,649571079972041
Lateral Fraction(LF);3,119426039112812E-08;3,6691938516000304E-07;0,00011723947626622757;0,0003536389421977163;0,0003452263924852734;0,00010369880267992944;4,337215424031761E-05;1,5103129092894947E-05
Lateral Efficiency(LE);1,1248917304716207E-08;1,5364765269200083E-07;5,6688167904581525E-05;0,00016015976756707657;0,00016364771927290672;5,1912257854931675E-05;2,1606356012037687E-05;8,090378313298064E-06
Receiver 24;63 Hz.;125 Hz.;250 Hz.;500 Hz.;1000 Hz.; 2000 Hz.;4000 Hz.; 8000 Hz.
Early Decay Time (EDT);0,24372853417444865;0,3202246782802525;0,37141648928960375;0,42315019008078286;0,4457230651299164;0,4373524989219553;0,43632820194213423;0,4253045471070133
Reverberation Time (T-10);0,25688554688983917;0,311469914119973;0,37899780976542174;0,41426436441662895;0,4262678675949792;0,4277426557418139;0,4292903906405732;0,4214334205276959
Reverberation Time (T-15);0,2530917403093656;0,31112543430989137;0,36781014607249957;0,4359299500366499;0,45604588587163875;0,46298048437982314;0,4611807468747617;0,4584282358647455
Reverberation Time (T-20);0,25804179612766415;0,30626179068397014;0,40630933686370435;0,45208119768874344;0,46989094099701967;0,46916417381501946;0,47326825026580793;0,48076497669728524
Reverberation Time (T-30);0,28391261578167803;0,3430636751183026;0,4143068288152933;0,444267748631723;0,4409082776689117;0,44415430881014833;0,44450262658383133;0,4721707303012607
Clarity - 50 ms (C-50);14,812466101624711;12,883212799648287;10,421459094118175;9,239847757731752;8,66319079276567;8,784723275596765;8,754509789280759;8,979193191594362
Definition/Deutlichkeit (D);96,80371558744494;95,10361300009482;91,67990570191962;89,35525367282877;88,0247225158328;88,31658175261062;88,24460600702136;88,77075414966727
Clarity - 80 ms (C-80);22,165942491761932;19,223950805112338;15,925301583056354;14,385996078233259;13,78663686120536;13,773227089481976;13,72368736915192;13,979208453734724
Center Time (TS);8,575298567499752;9,30099183372423;13,393105209276689;15,94677869687329;17,28647674649261;17,326286919883437;17,39015565767538;17,001662266062848
Strength(G);7,24088686328998;6,79527066884269;7,380785644894701;7,672592509613153;7,831434610189511;7,881758950450568;7,880549832107192;7,820533245859764
Lateral Fraction(LF);2,870602181102759E-08;2,6915389655528234E-07;0,00010433466874403685;0,00028174771683394154;0,00029202034770553205;9,354007524682501E-05;3,751425014119135E-05;1,1975427841063014E-05
Lateral Efficiency(LE);3,798352064131446E-09;5,56947180686109E-08;2,5558306055349356E-05;7,607135529900525E-05;8,342008623689551E-05;2,6319840358884852E-05;1,0428794043290396E-05;3,2383369864992176E-06
Receiver 25;63 Hz.;125 Hz.;250 Hz.;500 Hz.;1000 Hz.; 2000 Hz.;4000 Hz.; 8000 Hz.
Early Decay Time (EDT);0,31140420696180077;0,38006860200438203;0,4444275521246263;0,4770251980195509;0,5137749156155459;0,5004992745999964;0,5194713439643138;0,5894116915841182
Reverberation Time (T-10);0,30591491472535076;0,33312195604944406;0,4128397496031463;0,44965649621279685;0,48290732417214266;0,5177675354416665;0,5127635683983592;0,6942350935470819
Reverberation Time (T-15);0,31751065640712367;0,3447476360906168;0,45627723107305035;0,5089768406621403;0,5393386500183035;0,5500646518254749;0,5779056695034378;0,7435472681962413
Reverberation Time (T-20);0,33122217587339925;0,35937995305513315;0,48153629520254854;0,5436951677971991;0,577745974878543;0,5516014128822979;0,5886098572772297;0,7831382843939425
Reverberation Time (T-30);0,3573478291012657;0,3918147347488488;0,493325437014737;0,5635148613620177;0,6403333518441887;0,6441010026711661;0,6387914147810567;0,8441907157164532
Clarity - 50 ms (C-50);11,722525101795547;10,886566643598686;8,903782546269088;8,036033536715516;7,202690984077512;7,543695578388265;7,086802874024504;5,747896586488681
Definition/Deutlichkeit (D);93,6980079963394;92,46118973837345;88,59649665192502;86,41699645476348;84,00339750572027;85,03056212292131;83,64156153006816;78,97637745548016
Clarity - 80 ms (C-80);17,695463069164163;16,587802150286098;13,649809735900739;12,662086821228753;11,661249924962638;11,623167108313224;11,470839000137861;9,183188014686976
Center Time (TS);12,797418378214672;12,644866388324745;17,35185968077452;19,615782630896906;21,927547064749838;21,304739701172164;22,521131735981836;30,328127447502848
Strength(G);8,270683255892827;7,678860131418226;8,17642451982951;8,328997633860482;8,47832584862907;8,421670822134992;8,567048379283946;9,312704782516967
Lateral Fraction(LF);2,6281411202362644E-08;2,556607912525168E-07;9,538781276797307E-05;0,00025763947557134255;0,0002716975091346762;8,508051687346955E-05;3,4719905769485265E-05;1,2085702596552718E-05
Lateral Efficiency(LE);7,158935189492899E-09;1,0424415364486121E-07;4,224890537320827E-05;0,00012189844366976413;0,0001345495741107127;3,933674741338255E-05;1,567042571610182E-05;6,2257271992590325E-06
Receiver 26;63 Hz.;125 Hz.;250 Hz.;500 Hz.;1000 Hz.; 2000 Hz.;4000 Hz.; 8000 Hz.
Early Decay Time (EDT);0,33857828702691445;0,4222874755607257;0,4858240096318295;0,5197547930499583;0,5420833795127399;0,5592561287742693;0,5661902312373542;0,691133453069722
Reverberation Time (T-10);0,34340328410581045;0,3764946669062704;0,4877840173872297;0,5318644188572447;0,5534499487854743;0,5734237719901829;0,6137592814672232;0,7835158138573586
Reverberation Time (T-15);0,3546006823827815;0,3923477478053443;0,5110770949536186;0,5765798606736805;0,6179990528868867;0,5993415252579715;0,6472781340145023;0,8153764840573777
Reverberation Time (T-20);0,362194158021194;0,4118449509318958;0,5307444345388044;0,5966440492197924;0,6625197343539211;0,6513874566022183;0,6594531143156592;0,8490120693435173
Reverberation Time (T-30);0,37850482471226765;0,4321651575430304;0,5641007983184106;0,650605819227595;0,7481289229250081;0,750200525398386;0,75045458067614;0,8745239251245773
Clarity - 50 ms (C-50);9,74698569301276;8,854328947038839;6,983244488735529;6,204065190509401;5,566597193516474;5,701678728827535;5,385320499773536;3,5517061170998376
Definition/Deutlichkeit (D);90,41600168388506;88,48094486493467;83,31267801412136;80,66735421477273;78,2748601415506;78,79913512847317;77,55667767258753;69,3771384369356
Clarity - 80 ms (C-80);15,267971256626804;14,030725050810833;11,33317725559995;10,317827096988983;9,798518367479135;9,464397802107058;9,34720393653621;7,101111731560805
Center Time (TS);17,495737304815194;17,989568826247655;23,787394548988768;26,591133096787832;29,300278173163246;28,985300392422133;30,43460147876436;42,5908020733065
Strength(G);9,710829482958843;8,807237745804088;9,50647394147893;9,692710498262713;9,870521651508966;9,872641031738397;9,936789078645063;11,393363444776838
Lateral Fraction(LF);3,404623772241836E-08;3,5761803914401665E-07;0,00012648003094557376;0,00033779121753094735;0,00037247356978685925;0,00011221100291983064;4,579893017777677E-05;1,7075339633710836E-05
Lateral Efficiency(LE);1,3288308040945138E-08;1,94700598773859E-07;7,385840999242685E-05;0,00020741737061335906;0,0002227597089621712;6,534485680991526E-05;2,707398361067309E-05;1,1260366367648034E-05
Receiver 27;63 Hz.;125 Hz.;250 Hz.;500 Hz.;1000 Hz.; 2000 Hz.;4000 Hz.; 8000 Hz.
Early Decay Time (EDT);0,3652635551199479;0,4208142217170262;0,4835856948939145;0,5347684389200605;0,564514943512264;0,5772261603283035;0,5939515584994207;0,753791955076906
Reverberation Time (T-10);0,36724411496024034;0,4122930404259317;0,5436102893771815;0,6100557935665999;0,6120153672303118;0,6296168520537004;0,670931258083175;0,8273715681981083
Reverberation Time (T-15);0,3795212518179316;0,4296434394824814;0,5606243802005099;0,6316048074992386;0,6570505670886982;0,6697329360895199;0,7210272213746861;0,8584880646072575
Reverberation Time (T-20);0,38516206358213245;0,4427952439558525;0,5787639065249852;0,6639424653272685;0,715886086209616;0,7227536346019493;0,7763202279402502;0,8795650914485127
Reverberation Time (T-30);0,3982784681108708;0,45570546090600983;0,6181181837461207;0,7329898277988759;0,842463177041831;0,8450998915036415;0,8669751327413396;0,9002298266331412
Clarity - 50 ms (C-50);8,691521697187385;7,888528450780487;6,2623393928285145;5,748728596018198;5,259529294608143;5,315677207147276;4,849486674200124;2,8769388901123065
Definition/Deutlichkeit (D);88,09331695356988;86,0133691057657;80,94568010832913;78,97955816962353;77,04956676867647;77,28098572081808;75,43178959237741;65,99673123596249
Clarity - 80 ms (C-80);13,869741260396708;12,834006669598923;10,286250932018156;9,431057688931476;9,009934050192214;8,942910504078196;8,47085868242256;6,057316316127217
Center Time (TS);21,08415350314775;22,015093057891555;28,380912694901255;30,836374711401277;32,78436734708571;32,56521208376251;35,716548549489076;48,83470251435668
Strength(G);10,825334014829615;9,958464164845388;10,634257083353418;10,879749298681034;10,871618533006604;10,827044891851536;11,119872600289682;13,074816227100378
Lateral Fraction(LF);4,3278226129711077E-08;4,980142629198036E-07;0,00016889844006708331;0,0004190978509772311;0,0004448037848673099;0,00013599198599507318;5,7989567347039205E-05;2,141985563288037E-05
Lateral Efficiency(LE);1,8555400346079562E-08;2,692674220936392E-07;9,676898880131599E-05;0,0002549312151884074;0,0002516599046178149;7,49006459493598E-05;3,464501073622213E-05;1,3637228999355389E-05
Receiver 28;63 Hz.;125 Hz.;250 Hz.;500 Hz.;1000 Hz.; 2000 Hz.;4000 Hz.; 8000 Hz.
Early Decay Time (EDT);0,3658072562317702;0,3971902414777795;0,49475882282704736;0,49353833048093404;0,5534281542579936;0,5519701703587161;0,596925226489637;0,7884347778259356
Reverberation Time (T-10);0,3647190946567388;0,4115391854841714;0,5466529385170474;0,6144451749871173;0,648223648146367;0,6459956817909721;0,7203268680300446;0,8467811801435264
Reverberation Time (T-15);0,3851949060988198;0,43552057166261793;0,5594848257793027;0,6546729423603569;0,719262018453861;0,712183530372937;0,7570602954282774;0,8722395917010761
Reverberation Time (T-20);0,3890739815858556;0,44697311600083245;0,583687127659599;0,6996885936208421;0,7886776117469734;0,7833651830219505;0,7996786317868468;0,8883866101026373
Reverberation Time (T-30);0,40072382024036274;0,46532303505957373;0,626556256793354;0,7760028058308842;0,8863600899355634;0,8736467814616339;0,8967718699314382;0,9078157075821086
Clarity - 50 ms (C-50);8,616246847696145;8,316147214940635;6,191478428186596;6,122229694919898;5,55271466395027;5,543870981938412;4,880279883691364;2,765688271348299
Definition/Deutlichkeit (D);87,92405738300776;87,17034856833186;80,62211607928862;80,37179088885702;78,22045229825498;78,26062593622039;75,47737461782941;65,46398061339316
Clarity - 80 ms (C-80);14,011518094095734;13,123432286713676;10,163706924845595;9,953547789091736;9,332179449040888;9,345775229104149;8,52582575969048;5,800420946436917
Center Time (TS);21,00654168298452;21,46897742943685;28,62346192724646;30,320085345647026;32,54468222410712;32,15843340794602;35,634952965752916;50,503728970549865
Strength(G);10,894587947126912;10,228347748234896;10,828591388580413;11,00509937451254;11,152378665956036;10,884451421495207;11,289362618016632;13,080108397235065
Lateral Fraction(LF);4,214697721202991E-08;5,038776698286564E-07;0,00017772739332057075;0,0004726891246063835;0,00044795938660101736;0,00014111929722384952;5,82285456544745E-05;2,105346533171463E-05
Lateral Efficiency(LE);1,770650364571645E-08;2,3459984515616094E-07;8,935651979579215E-05;0,00023253028850145902;0,00022698423375209465;7,111366963824094E-05;3,024943730472036E-05;1,2464723592806751E-05
Receiver 29;63 Hz.;125 Hz.;250 Hz.;500 Hz.;1000 Hz.; 2000 Hz.;4000 Hz.; 8000 Hz.
Early Decay Time (EDT);0,33779798832263885;0,38206001830360165;0,47307694039826576;0,45078091011298405;0,5130545815475677;0,503996300792576;0,531726620191623;0,7416758497461668
Reverberation Time (T-10);0,35152427701475936;0,388771894033773;0,5168833854885345;0,5345274528902388;0,5857345442611107;0,5759518046563767;0,6258684217327896;0,7973973140561326
Reverberation Time (T-15);0,3641032326698713;0,4131319664502331;0,5132732398044311;0,5866335108377364;0,67189180556782;0,6213971319883661;0,6788974730062328;0,8332745369923372
Reverberation Time (T-20);0,37218160680566403;0,42731313846565316;0,5436752000807848;0,6262665095185805;0,7533035174672709;0,6972543291209112;0,7059637783780639;0,8593059222159671
Reverberation Time (T-30);0,3889246902419364;0,4470949750109727;0,5815962687196082;0,7251927287454102;0,8213776016404485;0,7752908986087369;0,8107221241074223;0,8887975292357101
Clarity - 50 ms (C-50);9,943095710683318;9,25375712043363;7,200268081073221;7,012628367995047;6,497393134032883;6,407296586165231;5,952169972259547;3,651984554291872
Definition/Deutlichkeit (D);90,80022215833152;89,38567869451882;83,99589927663209;83,40652993218883;81,69891026922241;81,38668591965101;79,74670269160707;69,86548419050584
Clarity - 80 ms (C-80);15,523143111364675;14,153585018507295;11,066079199016013;11,216201544777002;10,157140959112706;10,321900956443127;9,548963512495325;6,6602422914181405
Center Time (TS);16,96464668405256;18,199437313866603;24,55474690333864;26,214294737670496;28,41282736006522;28,19193121207457;30,86798418939479;43,69325228935041
Strength(G);9,340031462392353;8,894484213569289;9,523605858214012;9,831121942183529;9,830682753799664;9,832699180510247;10,06631164411894;11,15111751449043
Lateral Fraction(LF);3,574830986278623E-08;3,96021129987809E-07;0,00014352613128496613;0,00041480136765532406;0,0003679497626270673;0,00012021058747819431;5,141265027606741E-05;1,691346063588782E-05
Lateral Efficiency(LE);1,1912755676230932E-08;1,6511516548605005E-07;6,459720843445773E-05;0,00018183106791894215;0,00016405020254712456;5,4980740226128865E-05;2,4158427576132206E-05;8,873862710060348E-06
Receiver 30;63 Hz.;125 Hz.;250 Hz.;500 Hz.;1000 Hz.; 2000 Hz.;4000 Hz.; 8000 Hz.
Early Decay Time (EDT);0,2328912715183579;0,3510789416562304;0,3966527638087243;0,4246225004180331;0,44001844617785324;0,4368036229217608;0,43807197228747036;0,42849431922932607
Reverberation Time (T-10);0,27293243316567317;0,32066788654280154;0,3474815080492879;0,3860890474065466;0,4101110266873583;0,41324597509354766;0,4155380731316346;0,40985669292576543
Reverberation Time (T-15);0,2499001303162473;0,30119863319947127;0,39090215283870655;0,45250067168600644;0,47547329904705976;0,4792854594618699;0,4732964169630196;0,4697423769075674
Reverberation Time (T-20);0,25643129801314274;0,33292638361425003;0,40640005031675785;0,441356042829113;0,4561854884468761;0,4534433970231239;0,4543514276758594;0,460195218236276
Reverberation Time (T-30);0,286474088901151;0,33967013220946435;0,3930099902773654;0,42517283746243895;0,4378967949455892;0,4339267880412747;0,43629218314899837;0,4470511549441851
Clarity - 50 ms (C-50);14,27252867884672;12,2328005035801;9,809468692818635;8,688447348795881;8,16170708571988;8,188947261504412;8,150463657316111;8,396852067444161
Definition/Deutlichkeit (D);96,39582910554735;94,35719586944981;90,53995100146976;88,08588984734797;86,75309904192778;86,82501469893053;86,72331888929624;87,36304202468185
Clarity - 80 ms (C-80);21,470451124233;18,39264228129958;15,119758900060846;13,649282956648701;13,058268437892842;13,020691900316866;12,914961277595019;13,252143413814517
Center Time (TS);9,635499909327914;11,235227363085235;15,928031842940674;18,830481456403035;20,110973528733293;20,2211936232486;20,29430548177552;19,724265996178275
Strength(G);6,508359406402054;6,021590983608501;6,783630278655167;7,184330313319435;7,345206710621362;7,405203813343334;7,412566337044453;7,316119501534878
Lateral Fraction(LF);2,4617434461571458E-08;2,620279163034388E-07;0,00010026237146157342;0,00026871208547444273;0,00027751087487889255;8,869772001836234E-05;3,556263048410612E-05;1,1160533637315597E-05
Lateral Efficiency(LE);3,011738301399713E-09;5,00064464364542E-08;2,3473131683695005E-05;7,026786230238917E-05;7,530110438577378E-05;2,3802095431084032E-05;9,541469077961865E-06;2,8639333687665108E-06
Receiver 31;63 Hz.;125 Hz.;250 Hz.;500 Hz.;1000 Hz.; 2000 Hz.;4000 Hz.; 8000 Hz.
Early Decay Time (EDT);0,3117277407408773;0,3665497643789113;0,4277464180759949;0,4507446187891196;0,4657090831482426;0,4633532448777029;0,4753389394625987;0,5738765529210417
Reverberation Time (T-10);0,303425602884818;0,32115473927424293;0,3819584019394963;0,47563100169384426;0,4857139275509463;0,494064433892036;0,5174112945598813;0,7036478972725607
Reverberation Time (T-15);0,30091348216508024;0,3510946884079427;0,47045744953398755;0,5328137396248349;0,559479784248439;0,5311754337000903;0,5885587948364169;0,7593363372840752
Reverberation Time (T-20);0,33436629385012523;0,38430797409921624;0,4901214990649734;0,552044017025814;0,6011783746526741;0,5472858433719378;0,6020810732230873;0,807094152195013
Reverberation Time (T-30);0,3614874221520982;0,404345623240933;0,5094538737339692;0,5976047943511045;0,6935125568293868;0,6442545266907146;0,6984755758667981;0,8534115031962651
Clarity - 50 ms (C-50);11,327135140134859;10,302933017947343;8,14225473820561;7,3697857568865155;6,907628392927477;7,0410071961342515;6,620641516973615;4,962404817733901
Definition/Deutlichkeit (D);93,13854918323689;91,46934699491939;86,70154036178003;84,51367373163121;83,06920941747077;83,49676988698776;82,11941595781624;75,81632712263648
Clarity - 80 ms (C-80);17,85499800038863;16,378240872984577;13,504283161000485;12,296201306969296;11,76147322484955;11,893850921127731;11,439216718341127;8,995647558016692
Center Time (TS);13,733200142023682;14,884089769627064;20,20602253836334;22,99533969618022;24,41770583979073;23,908964388089544;25,439816234455158;33,67107894220958
Strength(G);7,43181906684319;6,933446872050787;7,6629924868430805;7,9932345777568585;8,142352969851345;8,131340404757061;8,27138017913839;8,86491486377843
Lateral Fraction(LF);2,7702130572702587E-08;2,6744766455938297E-07;9,833951836763027E-05;0,00025683047387199903;0,0002676271153568822;8,375383182461212E-05;3,442138758004718E-05;1,096842084296012E-05
Lateral Efficiency(LE);5,248154754517476E-09;7,961488158126987E-08;3,2354425515630864E-05;9,192558302379107E-05;9,583945558292948E-05;2,840571831358323E-05;1,206472268287538E-05;4,319178525741903E-06
Receiver 32;63 Hz.;125 Hz.;250 Hz.;500 Hz.;1000 Hz.; 2000 Hz.;4000 Hz.; 8000 Hz.
Early Decay Time (EDT);0,3382417942733882;0,39151646020925446;0,447652761222533;0,47542239285617;0,5101490796136116;0,5176865118802606;0,5334530738253443;0,7238483519905627
Reverberation Time (T-10);0,3384967306993193;0,3704585888537071;0,5138999894125603;0,6030744723258001;0,5930905336180785;0,6079172762793478;0,6487019852238789;0,8048216224566221
Reverberation Time (T-15);0,357360819715058;0,4105348489474362;0,543612273666514;0,619377770465969;0,6630205015807508;0,6241356248437325;0,6805324164623009;0,8406814716658808
Reverberation Time (T-20);0,3729279334517119;0,41842074757184206;0,552287482361841;0,6236481740724585;0,6902572149441494;0,6646413507104006;0,6907996280478835;0,8688188965484599
Reverberation Time (T-30);0,3873557388771575;0,4378690278792403;0,5760105969166375;0,6813118837592966;0,7717695324450542;0,7604854610333852;0,7763465640344124;0,8840858888542852
Clarity - 50 ms (C-50);9,389882934590979;8,384033971876734;6,5626735130763745;5,845625719456829;5,2480172109415335;5,2968328777979305;4,865876448402667;2,840757812410178
Definition/Deutlichkeit (D);89,67941163064042;87,3304216943389;81,92258608477636;79,34757375968246;77,00158348095648;77,20003381933526;75,40646587016482;65,7935741425461
Clarity - 80 ms (C-80);15,17579390415709;13,747853701912494;10,994667675924607;10,124620061880611;9,442142969576464;9,586339974087934;9,234972151797788;6,492812156441854
Center Time (TS);18,29176641738734;20,255674187627584;26,248375375754634;29,093205903019317;31,74240106318855;31,24681969992248;33,53907822851142;46,698605193815844
Strength(G);8,886425393041677;8,1264038088731;9,013517212785061;9,282022953091385;9,512527600303514;9,345046164946602;9,574328962012174;10,972216833718619
Lateral Fraction(LF);3,3453670970097474E-08;3,45218463293251E-07;0,00012945282092092226;0,0003089784934637319;0,00032985464125703177;9,99121833790353E-05;4,151576358009612E-05;1,541312319251722E-05
Lateral Efficiency(LE);1,01770620412047E-08;1,547524048819428E-07;5,703039411452072E-05;0,00015641149847235654;0,0001623122767065078;4,8507680567835616E-05;2,021585239697477E-05;8,574966432581509E-06
Receiver 33;63 Hz.;125 Hz.;250 Hz.;500 Hz.;1000 Hz.; 2000 Hz.;4000 Hz.; 8000 Hz.
Early Decay Time (EDT);0,36940475788222316;0,42637948358892647;0,4985454268577861;0,5836993220784675;0,5847017088202782;0,6173764438308161;0,6436723512632682;0,7969177018527177
Reverberation Time (T-10);0,37520531167073895;0,4225685508209008;0,5563927305111072;0,6576878229303895;0,6512869086076772;0,660734359509227;0,7439476471844036;0,8527483595057899
Reverberation Time (T-15);0,39045819243662855;0,4429589114286694;0,5797444263254611;0,6666890985653903;0,7130719975690054;0,7067897639245019;0,7545449087142175;0,8739815677470041
Reverberation Time (T-20);0,3956913966474937;0,44828327389195455;0,5925477752789602;0,6852472361904286;0,7724853596033335;0,7808684200051844;0,7975499339640514;0,8925812528577606
Reverberation Time (T-30);0,40345971104937806;0,4626936760507795;0,6296825978450806;0,7457295993749437;0,8703942744028131;0,8602339210891431;0,870636244994127;0,9031380701469143
Clarity - 50 ms (C-50);8,003573558142579;6,661563367032375;5,278667391443213;4,574564851118542;4,214613455459441;4,098314231881933;3,7846895663996856;1,8867138161140247
Definition/Deutlichkeit (D);86,34652393930212;82,25735363112967;77,12632691671166;74,14966947992417;72,52093051137524;71,98407318850674;70,50487742909984;60,73094987580946
Clarity - 80 ms (C-80);13,334317736080854;11,931894684277351;9,567593922943443;8,270212196734544;8,01513353947696;8,00424666740867;7,456594202733485;5,261146349933777
Center Time (TS);23,376666133946145;26,634577612798623;32,77652344041535;36,739253475624395;38,67538918243572;38,92321814588722;41,496744838770375;55,35314636449798
Strength(G);10,704043353726789;9,842149738205965;10,981211473739997;11,111995865842125;11,297599567143806;11,143725873183918;11,531358316966099;13,697366951115796
Lateral Fraction(LF);5,1758193651101837E-08;6,198886927326262E-07;0,0002183651717449897;0,0005220679691660882;0,0005372204643808655;0,00016719372899455517;6,915600618212175E-05;2,4999495394236005E-05
Lateral Efficiency(LE);2,0769790734872804E-08;3,040912581525628E-07;0,00010579631184295115;0,0002709036769009084;0,00026662294838307167;8,337999754875843E-05;3,502811963379418E-05;1,4663648048651112E-05
Receiver 34;63 Hz.;125 Hz.;250 Hz.;500 Hz.;1000 Hz.; 2000 Hz.;4000 Hz.; 8000 Hz.
Early Decay Time (EDT);0,3756574564474202;0,40772436985963195;0,49281073662411523;0,5404292372758637;0,5858549583116943;0,5987056315167049;0,6414285228550963;0,8113270588033165
Reverberation Time (T-10);0,3767735062346968;0,43234633708412185;0,5521785322249431;0,6406171186983751;0,7014368023659866;0,684835725879015;0,7542310037679044;0,8660921385056577
Reverberation Time (T-15);0,3915284854053598;0,4533134278838644;0,5770768250472986;0,6799112782172703;0,7579859585528773;0,7420517171492439;0,7658279566060995;0,8816536454451187
Reverberation Time (T-20);0,3966897238891181;0,4575336845261549;0,597590912131512;0,7122635277370494;0,8039445696308807;0,8074032103666897;0,8153279626849231;0,8963846003377502
Reverberation Time (T-30);0,40434568523619985;0,46980830912943616;0,6322920513948913;0,7770732921340667;0,8851801611994757;0,8799940450445527;0,8927061717423489;0,9071678508018726
Clarity - 50 ms (C-50);7,820696980293038;6,96681052493488;5,162100362455941;4,898323083829397;4,242099529241;4,193270995179533;3,8970474141697564;1,8320116192171847
Definition/Deutlichkeit (D);85,82441042363558;83,26159311730265;76,64937201686726;75,54475539915177;72,7217392924689;72,42288999184643;71,05226880931384;60,44863477164928
Clarity - 80 ms (C-80);13,17083673520443;11,823279826828575;9,399932076979507;8,720551582354775;8,056960015270347;8,071389575733205;7,468966018699726;5,0183116063133495
Center Time (TS);24,06872663038233;27,000446937286647;33,73772849944205;36,21274526130254;39,56230785086659;39,542443664352085;41,93394188518809;56,52491643656762
Strength(G);10,957364818296831;10,309427979293474;11,517757606035346;11,727387779701118;11,903360960552554;11,696855662814912;12,09976606988306;14,143216655900929
Lateral Fraction(LF);4,951868610160615E-08;6,21553752320701E-07;0,00021456822186556316;0,0005479949299248602;0,0005270502984303093;0,00017119199860673982;6,930991544531398E-05;2,4192243587018562E-05
Lateral Efficiency(LE);1,9768164286128783E-08;2,9354757114647826E-07;0,0001063570304098401;0,00024426174587626544;0,000264122099287723;8,139418391679701E-05;3,3637133042685216E-05;1,3808383832105403E-05
Receiver 35;63 Hz.;125 Hz.;250 Hz.;500 Hz.;1000 Hz.; 2000 Hz.;4000 Hz.; 8000 Hz.
Early Decay Time (EDT);0,34813185192992274;0,38192702667263995;0,4663455359803326;0,4783800386042731;0,5399031238786429;0,5188521145492868;0,5593999699102625;0,7630905303738066
Reverberation Time (T-10);0,3504082802505856;0,4018221542598761;0,50321206479192;0,5676909483145433;0,6456000151095476;0,6103246622198927;0,655161981479661;0,8289940141376472
Reverberation Time (T-15);0,3688715610428449;0,4232499785987977;0,521407102050372;0,6345082186193299;0,7259750237574296;0,6898700529772627;0,7043129882893643;0,85242242121712
Reverberation Time (T-20);0,37872984614201155;0,4371941776664805;0,5606114098826976;0,6607425395228151;0,7664012605411168;0,7404305678704198;0,7474178451487878;0,8733192915670966
Reverberation Time (T-30);0,39350970455259404;0,45150708359953706;0,5909350043911455;0,7208318562240494;0,805997776218833;0,7987093218726347;0,8385933809317806;0,8927069576652393
Clarity - 50 ms (C-50);9,306853343329916;8,386430911555344;6,28868468229221;6,186703704156632;5,537775185661421;5,51524388270119;5,108324397706588;2,826769199396555
Definition/Deutlichkeit (D);89,50111645504907;87,33652705086885;80,9694009993549;80,6049341985656;78,16179235015053;78,07310789398124;76,42702005631197;65,74929760257108
Clarity - 80 ms (C-80);14,74056707209154;13,120506870201659;10,45776061488354;10,195611071854689;9,055249021866883;9,458631518192975;8,53148440671345;5,91789149461791
Center Time (TS);19,02501318577369;22,070100030671036;28,64794619616011;30,09379234169814;33,9404235319269;32,86483899198358;35,78208205920702;49,090235389627864
Strength(G);8,943431662948786;8,569053467545768;9,563557638177912;9,886165527418207;9,965179605516916;10,039190798525432;10,326674286993061;11,481348180627315
Lateral Fraction(LF);3,335411948545144E-08;4,1963957249727933E-07;0,00014969438003985562;0,0004090718447236031;0,0003704743472679633;0,00012244517653923454;5,029483385611567E-05;1,6406075943147446E-05
Lateral Efficiency(LE);1,0095043931058082E-08;1,6430904691566964E-07;6,226340447523755E-05;0,00015490650674338454;0,0001678612853966759;4,988932282580799E-05;2,2238614730678602E-05;7,81717181896765E-06
