Pachyderm Acoustic Simulation Results
Saved 23.12.2024 00:18:55
Filename:ORASE_FlatCeiling_Rough_Concrete (2).3dm
Source 0;
Receiver 0;63 Hz.;125 Hz.;250 Hz.;500 Hz.;1000 Hz.; 2000 Hz.;4000 Hz.; 8000 Hz.
Early Decay Time (EDT);0,2748333428958594;0,37901782518534133;0,3363717382037846;0,37821597806033347;0,44791732044278537;0,4409928231374901;0,4852633630689618;0,4755825171368348
Reverberation Time (T-10);0,28033898624838244;0,338245817988545;0,3742135851617912;0,3840951890609344;0,3893432372952129;0,3840085691670347;0,4371117125283168;0,43271900278662695
Reverberation Time (T-15);0,25247256684484665;0,29264214201757244;0,3446039486666651;0,38703995140028546;0,4070293367679133;0,4022767404490548;0,4775949385072095;0,4867124723495732
Reverberation Time (T-20);0,2533847402733056;0,3018294434946447;0,3663770993963031;0,4067822307076193;0,43228569049561805;0,4297049512870998;0,4999946623036975;0,5368986418118802
Reverberation Time (T-30);0,26464853118529547;0,32024341525737027;0,3987159040249925;0,43964520873121354;0,45876240176345545;0,4631034368359987;0,5181016025360897;0,6189088872368854
Clarity - 50 ms (C-50);18,644800063487324;17,795403585916173;15,294148300371909;14,163617476591956;13,62443034102016;13,668783583017564;11,99863472543387;12,007167910148695
Definition/Deutlichkeit (D);98,65219596993802;98,36580531657427;97,12963627822045;96,30768130440066;95,83990415393748;95,88043247425422;94,06315039075072;94,07411331535505
Clarity - 80 ms (C-80);25,014137842385253;23,453905797778035;20,102561404847915;18,53730721186432;17,83361165562553;17,91661054059704;15,739312710632323;15,652802570094833
Center Time (TS);4,258274184130219;3,8874883843440537;5,642102538043921;6,817157182540514;7,367869432458477;7,376839200475393;9,716279305109717;9,959709705350262
Strength(G);12,398747805953427;12,161909950432587;12,3853390190584;12,522343159303652;12,571496106324808;12,580817497090642;12,805849732905756;12,82459674071044
Lateral Fraction(LF);1,5074083882754613E-08;1,6955090462794277E-07;6,696374141810816E-05;0,00018967910029206962;0,0001966280995276418;6,264435044537666E-05;2,8466829113052138E-05;9,040893618829077E-06
Lateral Efficiency(LE);4,439249407302543E-09;5,355831790517357E-08;2,3905492352321645E-05;7,048605006280576E-05;7,444162759147082E-05;2,3573128252800896E-05;1,1519105921209576E-05;3,6405898084560885E-06
Receiver 1;63 Hz.;125 Hz.;250 Hz.;500 Hz.;1000 Hz.; 2000 Hz.;4000 Hz.; 8000 Hz.
Early Decay Time (EDT);0,3181171960702174;0,2957756053541838;0,26860580515118504;0,34187295917995153;0,4018334094012276;0,3806878803354585;0,42143808244978814;0,6221983910075316
Reverberation Time (T-10);0,3185892663823524;0,34452504768866365;0,3858709266059517;0,4254125884771519;0,4480422192291706;0,42758698331575135;0,5583594853052383;0,7661132714847885
Reverberation Time (T-15);0,3037759618638386;0,32725586709476545;0,4179727604450848;0,45604359574532943;0,4644136254997219;0,4509915766742454;0,5908188967029457;0,9411419167329633
Reverberation Time (T-20);0,3183076650301808;0,3401341318109172;0,4401324038980249;0,46792181576799063;0,4897595626351591;0,47511894924438997;0,6995701343751602;1,0754281768296947
Reverberation Time (T-30);0,33472702389270437;0,3714282414578862;0,49186684664562724;0,5439084282362336;0,5735290927146963;0,5630755139083089;0,9499095837791763;1,2020829364138352
Clarity - 50 ms (C-50);17,56383733242635;17,385778812161497;15,635048050809237;14,617432663780479;14,336705235022212;14,55606351206377;12,040696431598805;10,01994866630016
Definition/Deutlichkeit (D);98,27784634561036;98,20706376108942;97,34056692194848;96,66180550579519;96,44681857608607;96,6159070418247;94,11700530435473;90,94698121449275
Clarity - 80 ms (C-80);22,843699134758047;22,47771577557513;19,341222440329346;18,155506562066932;17,91030196062543;18,254262779677;15,176376207322162;12,390389099894817
Center Time (TS);3,8107518280266213;3,5488596531855063;4,622670440805275;5,422343563001584;5,700322087709408;5,525273546145642;8,789015159210107;14,396797174327663
Strength(G);15,65717972015113;15,56536501818476;15,673090465161266;15,697375422415604;15,678219425254497;15,679907910923319;15,924980085639476;16,295575106752352
Lateral Fraction(LF);1,0292060963761042E-08;1,2782011631773666E-07;4,5303820881595543E-05;0,00012251931793865045;0,00012133082347231401;3,8879242623340545E-05;1,8586779310127807E-05;6,779605232517727E-06
Lateral Efficiency(LE);3,6585062531504456E-09;4,771088394699376E-08;1,5986046331012675E-05;4,590618920798863E-05;4,996228488815475E-05;1,5594592623391136E-05;7,90738771441849E-06;3,2142941588335457E-06
Receiver 2;63 Hz.;125 Hz.;250 Hz.;500 Hz.;1000 Hz.; 2000 Hz.;4000 Hz.; 8000 Hz.
Early Decay Time (EDT);0,4460230513134666;0,3512614742558282;0,49249636932210494;0,7317996832909923;0,8904471205662386;0,8917497179676074;0,416906181537554;0,6860139708592791
Reverberation Time (T-10);0,28926474321569856;0,30670165108923;0,40016414571986486;0,440617824407089;0,46900802023738136;0,4410977951405674;0,5813768306431544;0,9084757731393486
Reverberation Time (T-15);0,3292678058092159;0,35199805476298485;0,4291960711358987;0,46572380366332894;0,49064533933724813;0,49561948982736986;0,6762246365822742;1,0672393518618999
Reverberation Time (T-20);0,34398592774660147;0,3624181081735116;0,45845451475380017;0,5040808146564614;0,5409861155925997;0,5421121947650955;0,7713856052188576;1,1674037046423882
Reverberation Time (T-30);0,3595201251146893;0,3951594501627608;0,5163025315818253;0,5877036562149002;0,6327257771455956;0,6300841235290308;1,0349755867975765;1,2538071667426216
Clarity - 50 ms (C-50);18,259693717111027;17,998823477015417;16,454884831651885;15,844747049713959;15,460500326546498;15,693952229127445;13,169096233857498;10,169385742385463
Definition/Deutlichkeit (D);98,52905996771923;98,43941765941022;97,78794044028717;97,46274604220862;97,23452049537865;97,37545350786027;95,40120311733318;91,22632384413923
Clarity - 80 ms (C-80);22,998459655809036;22,784414884918572;20,029116291325508;19,516058824567843;18,751710274772176;18,825236911579136;15,842675778755545;12,28609043976559
Center Time (TS);2,9758875263416784;2,859080325768974;3,717587949241536;4,028833767900965;4,426138371218469;4,2364085735568535;7,129903661138947;13,958520587481543
Strength(G);19,596359055788817;19,56242245119126;19,626547555134387;19,603218405964576;19,608343538651667;19,59364522470915;19,77728751637879;20,196579535576404
Lateral Fraction(LF);6,0363847466039096E-09;7,694680734709448E-08;2,7925215688241096E-05;7,285518837306183E-05;7,255762502433538E-05;2,2090015844449976E-05;1,0925597573519382E-05;4,503031939547107E-06
Lateral Efficiency(LE);2,1892760187368904E-09;2,8865065425212827E-08;9,598202856832403E-06;2,607699150563586E-05;2,9457632951435065E-05;8,33884926829518E-06;4,861345691230485E-06;2,1308622076372454E-06
Receiver 3;63 Hz.;125 Hz.;250 Hz.;500 Hz.;1000 Hz.; 2000 Hz.;4000 Hz.; 8000 Hz.
Early Decay Time (EDT);0,2817369170438993;0,2259811509008803;0,2594165235935855;0,27698840714932793;0,295218844286538;0,28544267720799715;0,43064171057232753;0,8397752075384318
Reverberation Time (T-10);0,32951292772198604;0,3254949879195614;0,3984157050810459;0,4399003245711406;0,45898972262790483;0,4437028607475863;0,6275381909570448;1,0637816014033643
Reverberation Time (T-15);0,34696900963120675;0,35907455833577434;0,45077138606624856;0,49828639588430756;0,5340126853903475;0,5299521315940203;0,7698419969809953;1,1740072308835727
Reverberation Time (T-20);0,3605216549365094;0,3835329915446834;0,49000030399469824;0,5518624542138396;0,6011497577351139;0,5708591054691314;0,9118978016130908;1,2337807729713752
Reverberation Time (T-30);0,3798845373288957;0,4252921966202588;0,5558816495942277;0,6481693615084021;0,7028764360050984;0,6914311133253377;1,1354213929657737;1,2898675438719145
Clarity - 50 ms (C-50);16,043438639614816;16,212180230064853;14,690925799099315;14,271260682350457;13,738492449814983;14,11177274613641;11,630102613802254;8,134933094620733
Definition/Deutlichkeit (D);97,57565559411971;97,66586342918957;96,71845964935251;96,39671156229639;95,94450057478946;96,26612991770756;93,5747438771229;86,7014280869659
Clarity - 80 ms (C-80);20,927796518392586;20,767657611819715;18,276809419685055;17,688441205406377;16,93938961467413;17,3277972672743;14,215963991526797;10,186475035960921
Center Time (TS);4,515279976884197;4,28912941771933;5,471180499190309;5,818922069664741;6,472269510800885;6,014772101221488;10,275361125119222;21,284769238233835
Strength(G);19,961502560383664;19,96869035815372;20,00350220951504;19,951222269530938;20,00265276490751;19,93332395502304;20,190921830215686;20,926661627182355
Lateral Fraction(LF);8,274487840104974E-09;1,0316891804280381E-07;3,726354877779809E-05;9,274978479802595E-05;9,531181483522801E-05;2,898358965235737E-05;1,3478666388831956E-05;5,6032090377390376E-06
Lateral Efficiency(LE);3,2255844189841116E-09;3,639964395614422E-08;1,2854205108028544E-05;3,3367372601250825E-05;3,622487387353925E-05;1,0497077710176393E-05;5,749396684552815E-06;2,6485601304419745E-06
Receiver 4;63 Hz.;125 Hz.;250 Hz.;500 Hz.;1000 Hz.; 2000 Hz.;4000 Hz.; 8000 Hz.
Early Decay Time (EDT);0,2973334325069376;0,2714134632305513;0,34189253512313555;0,383128674519091;0,3919309587740944;0,39942560522318543;0,5661217630363986;0,9761269427811445
Reverberation Time (T-10);0,3475896618013503;0,36984919841705927;0,4681478169887719;0,5006601093941108;0,5180813794867214;0,5162417653571606;0,7593104339258332;1,1750283824476833
Reverberation Time (T-15);0,35943119714287064;0,3858463602108347;0,5192167396105855;0,5539277065273056;0,6117031833354165;0,5834721379300999;0,9027889939684803;1,2430813955877151
Reverberation Time (T-20);0,37245958783485705;0,4103051407698957;0,5418969239104258;0,6139713682864678;0,651369093485987;0,6543137757838093;1,021952593400632;1,2848011638487422
Reverberation Time (T-30);0,3902953476613161;0,440808831693269;0,5913488117357839;0,6861148074030504;0,7495109067456142;0,7500497562554281;1,223369573030132;1,3177663353893065
Clarity - 50 ms (C-50);13,03594269348749;12,783110218390483;11,517155492554137;10,841917930326758;10,656052509057787;10,645739216578004;8,466105761085732;5,161439143517112
Definition/Deutlichkeit (D);95,29273363309245;95,02627158640324;93,44425670868752;92,41083551699411;92,09437675687944;92,08049673297238;87,57702712921574;76,84051552029743
Clarity - 80 ms (C-80);18,144625575136956;17,71887411258702;14,99060691524101;14,220853013817106;14,037708491648273;14,105110336934118;11,156086688440766;7,369940709012647
Center Time (TS);8,735149859193578;8,864003385002055;11,016333852124822;12,205044905568137;12,949663898344994;12,629966384921254;19,8626148697623;37,16497505538055
Strength(G);16,931862294314307;17,16227809589585;17,244520333644118;17,17113780133662;17,296539540900966;17,16396046313224;17,60029498971504;18,803851349659595
Lateral Fraction(LF);1,7032431677044355E-08;2,223185195790652E-07;7,358170870965688E-05;0,00018367024142628457;0,0001899758074536979;5,790080005663268E-05;2,5802529347073683E-05;9,986370804279323E-06
Lateral Efficiency(LE);6,623729037152961E-09;7,193721290781976E-08;2,5296596983249818E-05;6,729626959602118E-05;7,020517265961912E-05;2,223430277846887E-05;1,049971607614773E-05;4,6610720462198006E-06
Receiver 5;63 Hz.;125 Hz.;250 Hz.;500 Hz.;1000 Hz.; 2000 Hz.;4000 Hz.; 8000 Hz.
Early Decay Time (EDT);0,3069657953710476;0,2876764873558759;0,3709844943491112;0,41787163864644034;0,4384503523631861;0,4403178015783935;0,5939348303558379;0,9113167517663097
Reverberation Time (T-10);0,33345300121785854;0,3855617635825213;0,48245462886370216;0,5149041110081027;0,5010602506645949;0,5352783351451497;0,7322951192311625;1,153720276430981
Reverberation Time (T-15);0,34845179266078924;0,3890074866236861;0,5111171289304842;0,5305792927732247;0,5669860041639222;0,5533325267003681;0,8484160249180528;1,2272135535380368
Reverberation Time (T-20);0,3591608491595017;0,40419880406873115;0,5281850528566218;0,5972514467002376;0,6277714128455877;0,6140917054341956;0,9644652450814379;1,2658662904880007
Reverberation Time (T-30);0,3789798735762213;0,429341260969747;0,5608466712166411;0,6644978940850006;0,7356859250406859;0,6941928035946284;1,2001239017823997;1,298623432407904
Clarity - 50 ms (C-50);12,981849885832666;12,258923719514598;10,885934566054356;9,86625043332809;9,77281195053484;9,688110215710836;7,571518543441832;4,913672341469688
Definition/Deutlichkeit (D);95,21513005443434;94,40637188484318;92,47250033985128;90,66018855185625;90,47315303940259;90,30333982930202;85,12449597019254;75,64671082678571
Clarity - 80 ms (C-80);18,129181664100837;17,163943641722625;14,50046638608233;13,573255116593593;13,670448755185339;13,165067730407609;10,371058028493653;7,294302639868583
Center Time (TS);9,585246975531208;10,010353133919738;12,706652936529164;14,593780326510169;15,329052074066881;15,436818989687888;23,156978832488306;38,94758923114055
Strength(G);13,739739643271175;14,014128309125553;14,261812576691902;14,27398160806753;14,330046688919737;14,316275661722102;14,789165738795731;15,70270001701195
Lateral Fraction(LF);2,341664909540339E-08;3,0065758239188277E-07;9,966235394758916E-05;0,00026853667122068677;0,0002734373979244227;8,558913396621805E-05;3,778673645582708E-05;1,346484085175196E-05
Lateral Efficiency(LE);8,774682094758235E-09;9,506628295184724E-08;3,523645017840289E-05;9,952197763746596E-05;0,00011078565671935292;3,179224113615438E-05;1,577405605897992E-05;6,653842461307554E-06
Receiver 6;63 Hz.;125 Hz.;250 Hz.;500 Hz.;1000 Hz.; 2000 Hz.;4000 Hz.; 8000 Hz.
Early Decay Time (EDT);0,3336859621407253;0,8639378756816312;0,6672225332968069;0,6596915424081204;0,662650817241721;0,657708399617114;0,5371037017527124;0,5310621571711901
Reverberation Time (T-10);0,3072614646888042;0,38279013655661615;0,384476159597363;0,38848767861873745;0,39262496724302465;0,3921298850544334;0,4306221789860182;0,4307913351480894
Reverberation Time (T-15);0,262039085187491;0,2905055484613862;0,3419067928853804;0,3751805044782038;0,3910200024186149;0,38924866779460604;0,467354874125492;0,4798657821271678
Reverberation Time (T-20);0,2541024114962529;0,2943887482164383;0,3479746471256619;0,403796181630957;0,422219147930802;0,42059791620291465;0,5051220271610078;0,5522086510610191
Reverberation Time (T-30);0,25593995162332256;0,3100538113504549;0,39120029784644184;0,43843136468891186;0,46011188634869715;0,45698674171714987;0,5209949128535686;0,6420836121846709
Clarity - 50 ms (C-50);17,795656982387737;17,355967841300696;14,822226790715723;13,70209809507865;13,150800535938528;13,23603320120512;11,4999658854532;11,464046398489243
Definition/Deutlichkeit (D);98,36589910558244;98,19493721415589;96,81066226007813;95,9106252355021;95,38268513999742;95,46835262428165;93,38854536597789;93,33729520195926
Clarity - 80 ms (C-80);24,58695056356012;23,11097735332174;19,636401576783264;18,058591071981958;17,342665640426535;17,424703621678184;15,196572264031008;15,096452443934927
Center Time (TS);4,932120807573207;4,368172887022274;6,498424288998729;7,8863878303907855;8,611822181646145;8,528812015346839;11,348482617025505;11,662865901319229
Strength(G);10,880029304198345;10,565555499960798;10,812168324593742;10,963694209810399;11,039453852676573;11,029305845613337;11,296751104066963;11,305384347366385
Lateral Fraction(LF);1,55381206515515E-08;1,4693962044488663E-07;6,113153168471929E-05;0,00017454071943619605;0,00018538393318856753;5,816625474835189E-05;2,7355246324256563E-05;8,771825246213434E-06
Lateral Efficiency(LE);6,2709444772604386E-09;8,065674326089626E-08;3,5684343253069305E-05;0,00010495981589616517;0,0001120527357873782;3,493445198643397E-05;1,6924475019633233E-05;5,31004959608695E-06
Receiver 7;63 Hz.;125 Hz.;250 Hz.;500 Hz.;1000 Hz.; 2000 Hz.;4000 Hz.; 8000 Hz.
Early Decay Time (EDT);0,3787532173300808;0,49639761746692446;0,44132891525675566;0,5046240296519049;0,6177702109710986;0,5662880340357147;0,6127040891723815;0,6784623983720004
Reverberation Time (T-10);0,33934756227268575;0,36650447243725814;0,40461912552685575;0,42785302141530607;0,4521106424840785;0,42422683881241036;0,5558328768915496;0,8717798730336699
Reverberation Time (T-15);0,3187771741023784;0,3376939777189205;0,4247509469937696;0,4364345449778259;0,4767891056955159;0,4626970155600941;0,6148334172636928;1,0414572784810916
Reverberation Time (T-20);0,3240403993425592;0,35036114970428306;0,4313214709686015;0,46557632942943566;0,5011975737331626;0,48861915158889807;0,7324256137169722;1,1401712400668391
Reverberation Time (T-30);0,3400172929302181;0,38464631504260094;0,48398373737357825;0,5712214917108015;0,6015777871066881;0,6032441183955646;1,053843236180022;1,2333018268603684
Clarity - 50 ms (C-50);15,396829691883202;15,913250797452768;14,152843713257697;13,300332038584646;12,96991183669296;13,287998240007559;10,833722810163728;8,298603909722539
Definition/Deutlichkeit (D);97,1948236615742;97,50146150005548;96,29884964731521;95,53197541286363;95,19574181421149;95,51983765397141;92,37593539053468;87,11117102484282
Clarity - 80 ms (C-80);20,822015954162048;20,74632716085369;17,92245487223304;17,52644043952346;16,363696045340262;16,563023759765215;13,815939610376804;10,511405124090121
Center Time (TS);5,822044233784742;4,955341072040472;6,508083876993744;7,326275321796893;7,8770151528234855;7,7484945971763795;12,145403544139196;20,972230891919402
Strength(G);13,046946596453818;12,86539996845731;12,982478928632915;13,035817355304722;12,99999557319289;13,024967198622335;13,388892558194811;13,873029022819132
Lateral Fraction(LF);1,4614300354619076E-08;1,5160687890894743E-07;5,647429429503678E-05;0,00015233969148334905;0,00014586164812661125;4,885081689982466E-05;2,3851814422767276E-05;8,698976062483317E-06
Lateral Efficiency(LE);6,359475532024871E-09;7,133796096816566E-08;2,623498839754457E-05;7,256809670877907E-05;7,697329238918269E-05;2,4402684608432594E-05;1,2401800805282292E-05;4,926922066710185E-06
Receiver 8;63 Hz.;125 Hz.;250 Hz.;500 Hz.;1000 Hz.; 2000 Hz.;4000 Hz.; 8000 Hz.
Early Decay Time (EDT);0,37348918316513097;0,40221813842820964;0,4737125909556457;0,5110229376420632;0,5618133509626655;0,5407644940779245;0,61868248911268;0,90144693035581
Reverberation Time (T-10);0,35331365483958915;0,3783662526442367;0,4425090823895174;0,47981939461826517;0,4910224015458828;0,4859773948932746;0,6739939764800773;1,0824744648145133
Reverberation Time (T-15);0,3426780237645215;0,36210591162418937;0,46108782653333397;0,4924457966758832;0,5228697703562022;0,528578833001508;0,757822766301413;1,1759861458170713
Reverberation Time (T-20);0,34844414615438085;0,37693872599402417;0,474583019903;0,5386929578630872;0,5781348031087896;0,5471956982329257;0,901406147572321;1,2295470345544748
Reverberation Time (T-30);0,36687896734474834;0,41416504708442275;0,5367103104233137;0,6318223946705647;0,7121697532793817;0,6628843608715093;1,1466250349903746;1,2737389655751108
Clarity - 50 ms (C-50);13,886510223650536;14,147089557621687;12,513674118540088;11,840887574349841;11,589612283968936;11,958737250333959;9,467487883667701;6,280418987201651
Definition/Deutlichkeit (D);96,07396043845297;96,29412443258583;94,69182682053953;93,85703457339902;93,51485939071222;94,01163996039453;89,84363024609513;80,94005665692285
Clarity - 80 ms (C-80);19,379472777380983;19,45562028803493;16,569684038776508;16,24778238788233;15,57223677504285;15,480383112533886;12,496388108236376;8,618234232945735
Center Time (TS);7,187072791678558;6,414287963181608;8,183488010364014;8,941569740275089;9,504934941322315;9,130771662926726;15,362891200557058;29,537732400741113
Strength(G);14,928719804171493;14,800810408225146;14,86362465938403;14,859767854508263;14,857972396353432;14,820930554741963;15,250742290358737;16,06406319589773
Lateral Fraction(LF);1,4049265458502022E-08;1,7591959365902452E-07;5,8725125595428525E-05;0,00015854032740511217;0,00015448392865524994;4,749563014269652E-05;2,3657561421055913E-05;8,492475356462773E-06
Lateral Efficiency(LE);6,3163779938965046E-09;7,519560064476648E-08;2,6435051501722626E-05;7,095949350091065E-05;7,54318397715215E-05;2,202104626004303E-05;1,1958271579437883E-05;4,9511090919305885E-06
Receiver 9;63 Hz.;125 Hz.;250 Hz.;500 Hz.;1000 Hz.; 2000 Hz.;4000 Hz.; 8000 Hz.
Early Decay Time (EDT);0,36574596547100063;0,36008266362634084;0,4627018077517725;0,4744490004660382;0,4852311750496551;0,49380986481979494;0,5891149154636276;0,9768921266515818
Reverberation Time (T-10);0,35019266183456327;0,38259152136482705;0,45183593362480157;0,4759038270448448;0,5210914947823736;0,50911267265057;0,7259076655532701;1,163343912447523
Reverberation Time (T-15);0,35302318675765376;0,38452985564890424;0,487583517395972;0,5218038282816273;0,5873301671876806;0,5565794205191041;0,8857971829961844;1,2407989773642973
Reverberation Time (T-20);0,36500695032750086;0,40261273416461146;0,5147437483448047;0,5779932320325909;0,6376582182430179;0,6067400277615002;1,035254708700626;1,2811458464076666
Reverberation Time (T-30);0,38486888157446;0,4357879542015593;0,5894546973605124;0,6752071735257492;0,7356559444839613;0,7311278032673928;1,2035320451384524;1,3104429783376594
Clarity - 50 ms (C-50);12,483232715134196;12,589782094298121;11,27135519799616;10,97335189398487;10,48903623013185;10,707881496000113;8,59100401547874;4,976138902711745
Definition/Deutlichkeit (D);94,66333551941676;94,79209166906728;93,06476534528512;92,60391429484119;91,8028551218646;92,17162620436797;87,85695515943502;75,9428742250283
Clarity - 80 ms (C-80);17,80781171717936;17,723477759439245;15,281103507496152;14,90999975946841;14,120982634128403;14,385860297189021;11,44974833086514;7,349084877781584
Center Time (TS);9,609312839730642;8,591260893719053;10,708687140505187;11,21635178402267;12,232442755259763;11,663814423771768;19,178283562823058;37,66399215073482
Strength(G);15,569497694912894;15,404424667898489;15,396470443534;15,428893784233296;15,495153991653751;15,374921368795107;15,866845990797906;17,14784456869112
Lateral Fraction(LF);1,5977589808120555E-08;1,9732929300518004E-07;6,235471107630462E-05;0,0001672365894937423;0,00017166308281534482;5,0293374906108885E-05;2,4768136981042832E-05;9,545134418751272E-06
Lateral Efficiency(LE);7,415866424920291E-09;7,953563153328738E-08;2,9267553372895734E-05;7,097946667766613E-05;7,618675501269264E-05;2,3033908224388882E-05;1,2532589896128718E-05;5,400137156234026E-06
Receiver 10;63 Hz.;125 Hz.;250 Hz.;500 Hz.;1000 Hz.; 2000 Hz.;4000 Hz.; 8000 Hz.
Early Decay Time (EDT);0,3522754697686563;0,34820763724744525;0,4041699648610841;0,44082159461926773;0,4813290817193039;0,4605489454229287;0,5693220277165025;1,0066829361497693
Reverberation Time (T-10);0,3534950974394124;0,38358842905124163;0,48752298231387836;0,5033731186708048;0,5460541307118875;0,5439063306710504;0,7487870338066949;1,1994180004555124
Reverberation Time (T-15);0,36293954772664716;0,3987813901163137;0,5245138437196498;0,5494446925354728;0,6187227340846397;0,5973986605270193;0,9302628699687646;1,26197110338427
Reverberation Time (T-20);0,3739030679091856;0,41782921842904036;0,557783271524427;0,6261559681909011;0,669022636491963;0,6933580968853151;1,0575783275752986;1,3013173255500008
Reverberation Time (T-30);0,3929107592762168;0,44788682216230985;0,6034987610003802;0,702184724941925;0,7725299267149647;0,7697799263208596;1,261867483765185;1,3323992845039707
Clarity - 50 ms (C-50);11,707138085078117;11,504676749902414;10,33546515690231;9,747915224559396;9,180978047048734;9,76830189640123;7,6416297325276705;4,137451146922963
Definition/Deutlichkeit (D);93,69254207686996;93,42856174504368;91,56226840496761;90,4242814886569;89,23189205112982;90,46741950226259;85,34745197368039;72,3095843556987
Clarity - 80 ms (C-80);16,810740820411777;16,471822943280298;13,955968952968732;13,315738126806647;12,923769280827182;13,102236771573203;10,411528194381095;6,369774805871945
Center Time (TS);11,680177440673889;11,141392383096722;13,77025988724914;15,078312909427776;16,255896922094628;15,271906339604543;23,69296307345407;44,56024943041086
Strength(G);14,618363818958326;14,662786486267027;14,756506859237604;14,698513901483935;14,774430072006872;14,644235029339328;15,277887419735947;16,71839164345007
Lateral Fraction(LF);2,2353232049326894E-08;2,330474030398099E-07;7,612305309486096E-05;0,00021190789578252463;0,00021951286859043666;6,289324945703002E-05;3,0346522726615252E-05;1,1141969242903521E-05
Lateral Efficiency(LE);9,625580820730743E-09;9,463920730332511E-08;3,437830284307597E-05;9,620277370495054E-05;9,467615104765366E-05;2,8533021348005875E-05;1,4725087526941606E-05;6,021611245103505E-06
Receiver 11;63 Hz.;125 Hz.;250 Hz.;500 Hz.;1000 Hz.; 2000 Hz.;4000 Hz.; 8000 Hz.
Early Decay Time (EDT);0,3341140834525548;0,3468086735396269;0,40602235536509934;0,44571625128131576;0,4664227374304343;0,48530050958139975;0,5903854707133552;0,9327475136113652
Reverberation Time (T-10);0,3341415991627873;0,38196042521675133;0,4669422053063856;0,4893044181443384;0,4947162934011403;0,5348802993102993;0,7043478717935978;1,1583842069181505
Reverberation Time (T-15);0,344770025622614;0,38073828643430585;0,4967072337337029;0,5067001981078899;0,570605648022007;0,5463666289549666;0,856549600885287;1,2248027865114006
Reverberation Time (T-20);0,355415601014456;0,39996605109546823;0,5315669262806403;0,5882823019610116;0,6457573965000722;0,6197835587291172;0,9921864929939405;1,2681963637997467
Reverberation Time (T-30);0,37959703125183264;0,4315210391870496;0,563396822697862;0,6664645038160891;0,7575526956912664;0,7061225661082191;1,2224705883136606;1,3116592157595666
Clarity - 50 ms (C-50);12,263109257734133;11,761852916296597;10,369069806355306;9,452113918819228;9,258618538547298;9,117785855006073;7,079829789359909;4,40704990619072
Definition/Deutlichkeit (D);94,3976505545899;93,76121675120064;91,59166387344794;89,81128280724484;89,40092957345934;89,0880901674117;83,62611505472077;73,41970753568972
Clarity - 80 ms (C-80);17,664597798951416;16,94687932778118;14,204574944880349;13,260665247841752;13,358124084399222;12,792136901468606;10,386094294397347;6,866072113462809
Center Time (TS);11,017893424745063;10,971960837720246;14,091764930611838;16,26769977597003;16,61176182789701;16,629212217776974;24,681100749375453;42,20480327497624
Strength(G);12,350174616946887;12,42664903250457;12,723472049816216;12,761310208459534;12,709500872994894;12,700350424716795;13,323199315318071;14,312899404440728
Lateral Fraction(LF);2,4840199672156603E-08;2,67160574699961E-07;9,50114688634847E-05;0,0002508749590655847;0,00025727781107891864;7,549471884082186E-05;3,6331498535433186E-05;1,3263422549450323E-05
Lateral Efficiency(LE);1,0304705952289638E-08;1,1364654057041111E-07;4,244770904568767E-05;0,0001236287192667778;0,00012077705204172745;3,71861052747918E-05;1,8105470654687678E-05;7,2789419368385156E-06
Receiver 12;63 Hz.;125 Hz.;250 Hz.;500 Hz.;1000 Hz.; 2000 Hz.;4000 Hz.; 8000 Hz.
Early Decay Time (EDT);0,3731974057620904;0,6582172624393314;0,5400570359096338;0,4812518505145556;0,4952754207352593;0,48852188694017623;0,5230705286555668;0,5214674064011442
Reverberation Time (T-10);0,30449880282676284;0,3734582820528901;0,37706414310097786;0,3947632430547921;0,40972814297451643;0,40751964497698706;0,4498664214161095;0,4535617100976544
Reverberation Time (T-15);0,26923194543449325;0,3144496970272281;0,3623917734501354;0,3928947396639788;0,4160428982798913;0,4072975996643548;0,5085357127823686;0,5243428345794218
Reverberation Time (T-20);0,26266581229787717;0,30932394306344696;0,3845370295878512;0,43052999901596584;0,44730392741405384;0,4434992174856485;0,5021242842466906;0,5415631350507212
Reverberation Time (T-30);0,2678885623820369;0,3281468689666352;0,38451773947385093;0,4185731961264998;0,43268713977106754;0,4264886941256192;0,48257603277515176;0,6609836708802512
Clarity - 50 ms (C-50);15,812340273565045;15,483997784199213;12,995965813861561;11,901438877025033;11,419366407583267;11,436915101721407;9,808602369053247;9,753199139376358
Definition/Deutlichkeit (D);97,44422809154777;97,24903218407202;95,22310435007698;93,93693140776833;93,273030671403;93,2983397723012;90,53824230595738;90,42839219281763
Clarity - 80 ms (C-80);23,487975849207263;21,846166428942976;18,437795266094458;16,893172687923656;16,24559029937415;16,27153883222195;14,11029899149445;13,99928043461527
Center Time (TS);6,102301505415933;5,371692894652677;8,167758823603636;9,844575769249118;10,687305957311501;10,710708505671885;14,127040117398545;14,492217150003034
Strength(G);9,403226633440482;8,969257433948904;9,315238023477242;9,507324541329453;9,572309762710141;9,592422083979457;9,926482271304437;9,92308173723049
Lateral Fraction(LF);1,809434643864149E-08;1,642513385237992E-07;6,955389290825877E-05;0,0001962649185014808;0,00020629227802888126;6,591842141716607E-05;3,0383055867963525E-05;9,709881075423384E-06
Lateral Efficiency(LE);6,540182255283213E-09;8,204155857386342E-08;3,7301235017991065E-05;0,00010709074960967757;0,00011442635864707914;3,612428961395982E-05;1,732384736884909E-05;5,44701333738526E-06
Receiver 13;63 Hz.;125 Hz.;250 Hz.;500 Hz.;1000 Hz.; 2000 Hz.;4000 Hz.; 8000 Hz.
Early Decay Time (EDT);0,4127365368919571;0,5079260282809718;0,5109959601986035;0,5303843212171124;0,5329172910759338;0,5330212247439471;0,5392520365564193;0,7729943988803657
Reverberation Time (T-10);0,3408127548631475;0,36001644889276146;0,4053671518062917;0,4365516899645884;0,4484414797900428;0,4563271400000859;0,5727952915366764;0,9172212959704683
Reverberation Time (T-15);0,3315252340281846;0,34798795942585503;0,4290344043209818;0,46088017283816674;0,47422087116977235;0,48542122887042866;0,6240393184581718;1,0396682056464337
Reverberation Time (T-20);0,3311608503908181;0,36113249280746074;0,4422905060967653;0,47852494468058543;0,48413409880694797;0,49888167863860133;0,6948655628037532;1,1256680757436388
Reverberation Time (T-30);0,3455859445063836;0,3807006159538629;0,4673135488688447;0,5147662323345883;0,5450519039850672;0,5292055507824897;1,019733054724429;1,2372636235558192
Clarity - 50 ms (C-50);13,525154477439001;14,47887433657116;12,665288787648132;12,025471881812011;11,786445069388643;11,768942115659641;9,675031796898866;6,907075675680846
Definition/Deutlichkeit (D);95,74780306488239;96,55731148105814;94,86458850982127;94,09756520679062;93,78435920475006;93,76082444328677;90,27146772516438;83,06741941224946
Clarity - 80 ms (C-80);19,257746574834076;19,41787218891844;16,741204967560385;16,05283784480934;15,569962170964667;15,3968157000018;12,702622587867188;9,063842559725172
Center Time (TS);8,074085846067524;6,6871407030715835;8,899469757156071;9,733465664954181;10,235654884804447;10,279547600285257;15,492150877509467;27,049936700534353
Strength(G);10,842162481986652;10,573800031450968;10,748769178809717;10,732989591295947;10,759388246354064;10,74639081327328;11,180913321731438;11,912793766174566
Lateral Fraction(LF);1,8485975258329494E-08;1,8489450824892856E-07;7,098133264590637E-05;0,00017588867869630808;0,00017885945532478467;5,6024869281091504E-05;2,780634964594659E-05;1,060840160076253E-05
Lateral Efficiency(LE);8,548381511581062E-09;9,551679526056372E-08;3,611337967239842E-05;9,335551063421402E-05;9,562848599827988E-05;2,9575735880544215E-05;1,5270296019765237E-05;6,1206568582434E-06
Receiver 14;63 Hz.;125 Hz.;250 Hz.;500 Hz.;1000 Hz.; 2000 Hz.;4000 Hz.; 8000 Hz.
Early Decay Time (EDT);0,383436016777649;0,4534697688834709;0,5261231265586981;0,5266629458680551;0,5500768901231684;0,583549631824797;0,6999839264373748;1,0415494629978854
Reverberation Time (T-10);0,3458199487357307;0,3952390425380916;0,4919361255013612;0,5134749772113112;0,5481297767806238;0,5573006447385322;0,8294372416945195;1,1707214173918292
Reverberation Time (T-15);0,3549369880228022;0,4031065746396177;0,5121932296619846;0,5545528152550353;0,5882783691142516;0,5706194188364745;0,9012368773470744;1,2398724039545959
Reverberation Time (T-20);0,36313884401575497;0,41739055892881943;0,521217916753492;0,6032348524451838;0,6426648697379915;0,6046754910836246;1,0300357473683497;1,276622020484641
Reverberation Time (T-30);0,378150202255426;0,4352527590583814;0,5722659811257631;0,6825202461753668;0,750799619346834;0,7283774387883922;1,1945104228339773;1,2968748286955993
Clarity - 50 ms (C-50);11,668778185525321;11,53447125652215;10,185881965604981;9,627088108421972;8,986066171081465;9,246278978037669;6,965021531085634;3,8650261610519516
Definition/Deutlichkeit (D);93,62453514744831;93,43743268080419;91,25667826280461;90,17408641879811;88,78651990406222;89,36933071384752;83,25426102929659;70,88809195412445
Clarity - 80 ms (C-80);16,76770168857281;16,41612669849643;13,607503171168172;13,336201540184298;12,54341691162837;12,509088211225691;9,561218428145175;6,064204316612926
Center Time (TS);11,651065382390438;10,698968535649882;13,632642280377778;14,594657162053954;16,29941659148652;15,525472683448541;25,597072164200007;45,90902993749703
Strength(G);12,38037812927313;12,028474363999063;12,11763573889867;12,158420968053136;12,287313668319833;12,092253772081428;12,776284486079973;14,121431236317882
Lateral Fraction(LF);2,1439738541024452E-08;2,6251574853744307E-07;8,342945996729054E-05;0,00022069502440448272;0,0002300656336756978;6,679135111952475E-05;3,314498363685699E-05;1,248080274080504E-05
Lateral Efficiency(LE);1,1102007059462601E-08;1,2860114449039594E-07;4,704007820612818E-05;0,0001157423584878944;0,0001165861793882719;3,759149426544904E-05;1,819220153404658E-05;7,812040950498456E-06
Receiver 15;63 Hz.;125 Hz.;250 Hz.;500 Hz.;1000 Hz.; 2000 Hz.;4000 Hz.; 8000 Hz.
Early Decay Time (EDT);0,36907755295497213;0,42471505807488014;0,5081810076410288;0,5509788073935528;0,5855625792234365;0,5647544343908799;0,7221223244328221;1,090769893638421
Reverberation Time (T-10);0,3632168295024925;0,41846059356229354;0,5222499105321021;0,5670201689141757;0,6607539876902343;0,6011497283382651;0,9628287646227172;1,2603922121516309
Reverberation Time (T-15);0,37334435603526217;0,42910035081370773;0,552099675838625;0,5912233564885099;0,7151196956603839;0,6570072909417785;1,1320666043151424;1,310213636289762
Reverberation Time (T-20);0,38274724775831404;0,44143931697862576;0,5726549259666401;0,6708401033419977;0,7486344438698339;0,7432917852878208;1,2149979000486255;1,3305978032836225
Reverberation Time (T-30);0,39944132974213514;0,46563776320057604;0,6210140960611752;0,7407505140844745;0,8363120389575425;0,8146232770715763;1,3067555812892737;1,3415620644427033
Clarity - 50 ms (C-50);10,370685751890926;10,112863210031723;8,629603593213359;8,1319927917137;7,752296498462783;8,111535902552603;5,946210324392423;2,6484336311274275
Definition/Deutlichkeit (D);91,60044198711788;91,13621659642988;87,95698864518215;86,67591124139643;85,63670431973695;86,62279358895371;79,73388316405465;64,83252818488515
Clarity - 80 ms (C-80);15,466246574602708;14,598899250090591;12,178681904947501;11,787140991586266;10,848177109723217;11,347379738252595;8,6638274382266;5,037324200003947
Center Time (TS);14,879538821831158;13,96060809761899;17,833806190845706;19,14466595176976;21,211186738821016;19,762558267750013;31,786279585652053;55,62079483240367
Strength(G);13,327018545322424;12,837355206979524;12,946326421347479;12,990743715267698;13,052837293094498;12,957051867350756;13,614400141657086;15,595880307253438
Lateral Fraction(LF);2,381829665627306E-08;2,792854481463358E-07;9,004460910724886E-05;0,0002278396160795543;0,00023385740746588058;6,864626323565741E-05;3,4579121110157E-05;1,3279602498666124E-05
Lateral Efficiency(LE);1,1856789957571047E-08;1,3180431618453107E-07;4,9498478444200456E-05;0,00012307619679608912;0,00012636705654508535;3,88678876653139E-05;1,9827718391073247E-05;8,126430802210821E-06
Receiver 16;63 Hz.;125 Hz.;250 Hz.;500 Hz.;1000 Hz.; 2000 Hz.;4000 Hz.; 8000 Hz.
Early Decay Time (EDT);0,3710408936434646;0,40984685908220775;0,4689081082745089;0,5231385795735327;0,5801623832017342;0,5340796025116096;0,6979390604086362;1,1229067452967259
Reverberation Time (T-10);0,37400713245432343;0,41157777289207254;0,5436770685032799;0,5535849348927908;0,6673145867793687;0,6128145206967341;0,9813420493935693;1,2756820546052496
Reverberation Time (T-15);0,38125822030754825;0,42416510860607826;0,5622954200219299;0,6178907893981122;0,7135777594912033;0,6959526116150785;1,1478156115361666;1,3213016258038384
Reverberation Time (T-20);0,3900798223836428;0,4412439494015889;0,5982808393293958;0,6835206013459295;0,7634672019358976;0,7591295325046479;1,2803419409100485;1,342949780316749
Reverberation Time (T-30);0,40463959666388716;0,46821886309400246;0,6484343708848005;0,7653309410999952;0,8898243675685226;0,8276485922544359;1,3731029724739099;1,3506502762833215
Clarity - 50 ms (C-50);10,003583329423236;9,527918882889512;8,27369390402949;7,4045428128219415;6,947969675095685;7,435351034353158;5,551016013468962;2,2559961279139227
Definition/Deutlichkeit (D);90,92626702835011;90,00328814136189;87,06756290466106;84,63065479141301;83,21076680970965;84,71932082332077;78,24457865744075;62,74598219160268
Clarity - 80 ms (C-80);14,963184627695437;14,29773023004435;11,97466513874163;11,287261714307537;10,371586864533244;10,866251443930743;8,482381495532183;4,659525786448931
Center Time (TS);15,838433864798908;15,834666237437897;19,637890691761367;21,841066958504786;24,40552557877442;22,956697613857994;34,450191127268646;59,20242912286034
Strength(G);13,017068614492466;12,762655230606434;13,050274049012359;12,996357274650869;12,925117498052288;12,910950977650934;13,786324595687859;15,661586340943408
Lateral Fraction(LF);2,7060576348803953E-08;2,7502347427031906E-07;9,473256143512428E-05;0,0002383698510396925;0,0002369525250262248;7,494564898796189E-05;3,5379836249513356E-05;1,3222762806595162E-05
Lateral Efficiency(LE);1,2970394142189971E-08;1,329804136145762E-07;4,667798322958869E-05;0,0001245016587104402;0,00012810903687117961;4,2678447797338246E-05;1,9823517845079822E-05;7,88806903379464E-06
Receiver 17;63 Hz.;125 Hz.;250 Hz.;500 Hz.;1000 Hz.; 2000 Hz.;4000 Hz.; 8000 Hz.
Early Decay Time (EDT);0,3521893426806139;0,3863798148885853;0,4143335373647579;0,4515551215201376;0,4884497223812277;0,45928835003902896;0,6034711441688995;0,9771178737365388
Reverberation Time (T-10);0,33962233205981274;0,40087258758389877;0,45659637135637654;0,4947862408213495;0,5284520113917076;0,5058715683546612;0,7410874447013267;1,1897588692848668
Reverberation Time (T-15);0,34872464420701177;0,40678341459141143;0,5150530677802246;0,5369404230930744;0,6323350423462414;0,5806852405281738;0,9199028443508174;1,249758179720188
Reverberation Time (T-20);0,3595572334659561;0,4139441458657659;0,5497092553024573;0,6008677457001277;0,6786980327960015;0,6240067654237984;1,051278118818471;1,293085840672032
Reverberation Time (T-30);0,38132208473344964;0,4409377500694346;0,5714894212391896;0,6670233100794757;0,7553231918067429;0,7210192507448859;1,2469810894209623;1,3232939021504149
Clarity - 50 ms (C-50);11,12520006934545;10,605106436494525;9,264229654270578;8,328061632784065;7,773132453679152;8,307248506236775;6,044376137046919;3,4531411311004936
Definition/Deutlichkeit (D);92,83537461759283;92,01498909856092;89,40853547991127;87,18969756127157;85,69064194390879;87,1365510293628;80,0963567730935;68,97890654260421
Clarity - 80 ms (C-80);16,550178756542525;15,297261162555083;13,249921344655133;12,249917013663138;11,780577289660306;12,050128008012011;9,33683079708042;5,960798633598162
Center Time (TS);13,304282842821813;13,367350792537163;17,222762821282508;19,82739183918762;20,97470928567815;20,21136388006644;29,962312137361806;48,77698868398276
Strength(G);11,165402745696802;10,934202165872293;11,499085334123322;11,590535211075093;11,481711427722978;11,529988370118858;12,203400632494457;13,30772516042861
Lateral Fraction(LF);2,8590536078034543E-08;2,9871921533092913E-07;0,00010921274355973338;0,0002879676679168278;0,0002968669857345056;9,162648759616571E-05;4,210174541343841E-05;1,4510712160889876E-05
Lateral Efficiency(LE);1,2390672821516579E-08;1,3933404833718157E-07;5,022197754016242E-05;0,0001461340139204694;0,0001436390012418104;4,7226114723920276E-05;2,3203184833466083E-05;8,461094165081156E-06
Receiver 18;63 Hz.;125 Hz.;250 Hz.;500 Hz.;1000 Hz.; 2000 Hz.;4000 Hz.; 8000 Hz.
Early Decay Time (EDT);0,30028280743824215;0,4342382227441258;0,40148457963292977;0,42778430760503106;0,43893660859398426;0,4337741042357983;0,4791147374254448;0,4711507465989977
Reverberation Time (T-10);0,27969559573244357;0,3347799035797974;0,36578680260110125;0,3852216603161668;0,42459600282305754;0,42199877938097013;0,5466310371381001;0,557747393853632
Reverberation Time (T-15);0,2627093835560108;0,3053472799388099;0,40069737665826616;0,4435941201707633;0,460481085456406;0,4580667938431828;0,551241062480088;0,5677155071037401
Reverberation Time (T-20);0,2709119145894676;0,3346712721228813;0,40957090522505907;0,44862633506488275;0,46159051809355583;0,4587045520642465;0,5113768881848769;0,5579296541682544
Reverberation Time (T-30);0,2797715901375153;0,3352289456514191;0,3878267990682033;0,42051917376791975;0,4249908021017998;0,4247184977960505;0,4655472369049396;0,6990326011668297
Clarity - 50 ms (C-50);15,472044486332969;14,50738272287271;11,951056800059343;10,754514662170147;10,260073164184266;10,27569945133051;8,647986228200601;8,604627851303228
Definition/Deutlichkeit (D);97,24165927118094;96,57906574609552;94,00167604685473;92,24648946353831;91,39202523918851;91,42028926267051;87,98776880838511;87,88184799908977
Clarity - 80 ms (C-80);22,244183429998206;20,38299211868842;16,77662105746397;15,188170045859458;14,537715726143487;14,578711593054418;12,407271312379464;12,318041054707585
Center Time (TS);7,585152825522135;7,097876989429714;10,666801452793557;12,884523553437724;13,92505957970717;13,943524303545107;18,23913578721554;18,686724419463754
Strength(G);8,17377603955785;7,666905786604524;8,124949089569924;8,378002757553737;8,484315857509472;8,509274721162981;8,955051113653624;8,954057963833748
Lateral Fraction(LF);2,3038749339730762E-08;2,2675897895085536E-07;9,48210515708751E-05;0,0002681734112643875;0,0002804083774129639;8,936245259131618E-05;4,1133937154187275E-05;1,3104114258590625E-05
Lateral Efficiency(LE);8,555776324437465E-09;1,182738716192856E-07;5,266833881589016E-05;0,000152465349255554;0,0001619760335470192;5,110710792238238E-05;2,442109556500807E-05;7,646152636276539E-06
Receiver 19;63 Hz.;125 Hz.;250 Hz.;500 Hz.;1000 Hz.; 2000 Hz.;4000 Hz.; 8000 Hz.
Early Decay Time (EDT);0,37293488143112147;0,510659008136987;0,5198365656799622;0,5425961457931151;0,5463071917798968;0,5616940862240578;0,631599980290492;0,8901678906048971
Reverberation Time (T-10);0,3391818348636771;0,3997311424409011;0,4584717936407875;0,47966315996456604;0,4956759554766046;0,492030923734554;0,7437424005061092;1,0488174802834023
Reverberation Time (T-15);0,3454419418460346;0,3770900117233048;0,4756356537335459;0,5081238646324205;0,5224619016656482;0,5335406079584107;0,8165436368834553;1,1323670986040093
Reverberation Time (T-20);0,3415049180915895;0,383103859694117;0,4861181661397353;0,522955411976186;0,5614123543473306;0,5449647127641478;0,8948279740613738;1,1922360256463607
Reverberation Time (T-30);0,35498896475575714;0,3962175117984563;0,5115001669739283;0,5678702578281708;0,6539920034254998;0,6146940198578884;1,0427644023979312;1,2640753929128468
Clarity - 50 ms (C-50);12,15257701831173;11,855876522173439;10,210668501339637;9,55070030132462;8,949490299354423;8,949183345969852;6,845533389535201;4,437230667691478
Definition/Deutlichkeit (D);94,25803326776253;93,87690350121022;91,3021090281427;90,01713586560062;88,7023966193552;88,70168831212727;82,86716794361702;73,53055760275673
Clarity - 80 ms (C-80);17,32846938724002;17,29776168374175;14,117163006325946;13,28381589401661;12,81274647467068;12,737178463694349;9,907042811017227;6,873495650177224
Center Time (TS);10,838749706218117;9,992585226010346;13,554283378998324;15,350404441161716;16,743240405977634;16,88407525328414;25,887579580511552;40,93466366257662
Strength(G);9,222449590602743;8,764149342758188;9,070316665562096;9,179855036277473;9,325020238153087;9,27780811638069;9,910097911944774;10,754626005419148
Lateral Fraction(LF);2,3215958472643297E-08;2,4031382420960827E-07;8,904826459609192E-05;0,00023906309663653146;0,00026086725429340623;7,952561699597372E-05;3,7987410993206814E-05;1,4258390606440638E-05
Lateral Efficiency(LE);1,1625055698291898E-08;1,5272725567841634E-07;5,693776458967341E-05;0,00015977465133605638;0,00016955721374781413;5,37655096512312E-05;2,6135981282866605E-05;1,012077518916177E-05
Receiver 20;63 Hz.;125 Hz.;250 Hz.;500 Hz.;1000 Hz.; 2000 Hz.;4000 Hz.; 8000 Hz.
Early Decay Time (EDT);0,38952791913557533;0,49249486488299116;0,5223561812445975;0,5643853092667521;0,5792533542298997;0,5995367016228429;0,744563420409937;1,0475886526300613
Reverberation Time (T-10);0,35725180437378184;0,3955981671788744;0,503511557100261;0,5342926526673675;0,5523999081110011;0,559239485264961;0,8475414627521747;1,1910991638425243
Reverberation Time (T-15);0,3650388629136699;0,4115408165098382;0,5350953228028915;0,5618061812966604;0,5973601371914455;0,5895615062155412;0,9465794692618915;1,2524793746393457
Reverberation Time (T-20);0,36832088400624485;0,42199132491659574;0,5368121327968859;0,5997092218685129;0,6347616949593616;0,6215828969712519;1,0676542059103253;1,2863912883448108
Reverberation Time (T-30);0,37923127142626983;0,4277705861593498;0,5764313300637809;0,6831410711206273;0,7416918479008417;0,7512700029129661;1,184442696488421;1,3077538533637036
Clarity - 50 ms (C-50);10,335204605368835;9,967118668670121;8,527216055589754;7,923170091417891;7,4615081153828395;7,427705658532451;5,331691349941376;2,416030451850225
Definition/Deutlichkeit (D);91,52715069735308;90,84632484968297;87,69073541813381;86,10905438843955;84,7880812890138;84,6874210219355;77,34100368484896;63,55986800358223
Clarity - 80 ms (C-80);15,439564759441913;14,625173814054786;12,120688478589104;11,399930615934197;10,953943369129862;10,973446317864067;8,000654662870437;4,760303107579932
Center Time (TS);14,74427520977939;14,055764903243277;18,495908273091683;19,728287445396493;21,722228404591156;21,61089499995639;33,978362477570606;56,140203272321386
Strength(G);10,50089828330659;9,920039508768397;10,215307393202266;10,281236282880464;10,453753128689044;10,254030190564748;11,096269940746168;12,7717798221503
Lateral Fraction(LF);2,6416001312943344E-08;2,9702826816714493E-07;0,00010396915575370508;0,0002711471286059104;0,0003000256128627217;8,380114843559866E-05;4,086086708647499E-05;1,561288015869253E-05
Lateral Efficiency(LE);1,4494715845988505E-08;1,716603222766703E-07;6,397044038557161E-05;0,00016165366824238118;0,000182196756187825;5,730343311395874E-05;2,746117371809457E-05;1,079279036902962E-05
Receiver 21;63 Hz.;125 Hz.;250 Hz.;500 Hz.;1000 Hz.; 2000 Hz.;4000 Hz.; 8000 Hz.
Early Decay Time (EDT);0,3650922556044625;0,4347164750598481;0,4969712677123995;0,5548941299542052;0,578794270334737;0,5609197792269314;0,7419485806466899;1,0771172966653233
Reverberation Time (T-10);0,36864355779256786;0,42254667178043837;0,520311114607343;0,5532429250498815;0,6529642351417779;0,6177990222233779;0,9271991337395488;1,2452431205188383
Reverberation Time (T-15);0,37593682949352647;0,4324951291776268;0,5481717517157778;0,5862140446598806;0,7043873796801617;0,6747159692843614;1,0763478896309044;1,2965948912195313
Reverberation Time (T-20);0,3820886815272295;0,44777853902094655;0,5670565611109526;0,6597366736864124;0,7395152265692259;0,7486417749473863;1,1669341403382925;1,3194285132397716
Reverberation Time (T-30);0,39518443365550204;0,4581882157232833;0,6073777903202321;0,7439289587474782;0,8250413891884383;0,8042718685312774;1,2838701285820184;1,3319348959863848
Clarity - 50 ms (C-50);9,493522564503388;9,058303489280974;7,718064750300654;7,03010517044643;6,641258265521789;7,027961442468481;4,81166335844045;1,6897264580281968
Definition/Deutlichkeit (D);89,89820054908186;88,99213966647434;85,55203474268816;83,48836234118227;82,19264105209531;83,45617516370639;75,18250813326888;59,649371037072086
Clarity - 80 ms (C-80);14,545011357630123;13,701121304755963;11,639638438671888;11,025173776556203;10,272428021673086;10,580556476225787;7,726748416458809;4,153687567998708
Center Time (TS);17,85059683675587;17,018594761020104;21,58843188467009;23,163060529918955;25,496439334127633;24,205547733275484;37,889213894045085;63,39156216904981
Strength(G);11,743213828143645;10,908934942440172;11,26373291666799;11,184028902358719;11,304887700395142;11,076063995687917;12,046412045960771;14,39541046913996
Lateral Fraction(LF);2,9010972495545464E-08;3,3727735049333627E-07;0,00011326286970936496;0,0002831317277600249;0,0002962172987130174;8,28519852316898E-05;4,0631641019570227E-05;1,5699024309517635E-05
Lateral Efficiency(LE);1,4405123420760669E-08;1,6133207522628097E-07;6,160894384593954E-05;0,00015559003540703176;0,00016262134388902715;5,116695237016713E-05;2,535696754057515E-05;1,0053717299698696E-05
Receiver 22;63 Hz.;125 Hz.;250 Hz.;500 Hz.;1000 Hz.; 2000 Hz.;4000 Hz.; 8000 Hz.
Early Decay Time (EDT);0,3587417252001929;0,39749786975520257;0,4615211034335682;0,5218753238577095;0,5304974002220273;0,4827004808485566;0,7008918996377071;1,1190694381252828
Reverberation Time (T-10);0,3718672780345434;0,40933739295966143;0,5037884082826996;0,549856979277584;0,6554878821741499;0,6018408723496703;0,9916532011972192;1,2690131703906868
Reverberation Time (T-15);0,37893603130039455;0,4250067979110332;0,5426186591509122;0,6089793319508394;0,7143253968086227;0,6761558343454571;1,1134135329582822;1,3127686407095862
Reverberation Time (T-20);0,3858926476040395;0,43921086129943565;0,58017882737398;0,6728883546659471;0,7629126486335613;0,7375478801531423;1,2370156185682981;1,326247702030642
Reverberation Time (T-30);0,3996552110161706;0,46340763305460336;0,6281312131380052;0,7452800456870312;0,872496027040124;0,8073045189982523;1,3322492510702695;1,335587154734249
Clarity - 50 ms (C-50);9,459980133593453;9,114657461792186;7,737218000595631;7,117661148859792;6,864619228141967;7,316203894264024;4,983264821042637;1,5974802536023682
Definition/Deutlichkeit (D);89,84317871371147;89,12064738275042;85,63490815367942;83,78946317683885;82,93545652777364;84,3898686176812;75,92219751786395;59,23221971753346
Clarity - 80 ms (C-80);14,538821685695249;13,845722667738736;11,807789532178823;11,175861641673329;10,451543219938804;10,983284537061106;8,024870679043767;4,142671051377013
Center Time (TS);18,154162679188094;17,984053801928166;22,09691286474827;23,942223453546884;25,62100372448291;24,846041408905563;37,95522203616636;64,93007153307516
Strength(G);11,759621375858185;11,17034190747686;11,667662201262857;11,551383502735519;11,605795080736712;11,568828626437622;12,469736000147428;14,57731953954692
Lateral Fraction(LF);3,250219211348582E-08;3,2246062714097486E-07;0,00011624398331969484;0,00028683726268136805;0,0002972214913912928;9,130152858425257E-05;4,125965212104347E-05;1,5348415112183993E-05
Lateral Efficiency(LE);1,5527861413898776E-08;1,651271597330874E-07;5,8455763306986616E-05;0,00014842943437404755;0,00014894110550011665;4,624517409924954E-05;2,2537659485086998E-05;9,525653836881104E-06
Receiver 23;63 Hz.;125 Hz.;250 Hz.;500 Hz.;1000 Hz.; 2000 Hz.;4000 Hz.; 8000 Hz.
Early Decay Time (EDT);0,3352595572581504;0,3858839241770063;0,4150721475856678;0,4464488825638794;0,5033272456824023;0,47943916994923436;0,6319743469352598;1,037666953865975
Reverberation Time (T-10);0,34886929989674387;0,41252649416527687;0,47194823048219625;0,5108231378836636;0,5844634116186295;0,5789116360951989;0,7909235707066626;1,2253673996058652
Reverberation Time (T-15);0,35968187865231277;0,41079378948088713;0,5248598653298916;0,5781419832530726;0,6395710598279624;0,6091916904972509;0,9666487732037989;1,2924918914547068
Reverberation Time (T-20);0,3708121270598897;0,42126992819410874;0,5461283421089378;0,6122594717962494;0,6884134646078106;0,6491035422665922;1,0485565193215658;1,3118551749103182
Reverberation Time (T-30);0,38541602877819264;0,45076968875810103;0,5928901059988115;0,6978806888714235;0,7732666722824887;0,7318482402484494;1,2222453604910712;1,3237473531779365
Clarity - 50 ms (C-50);10,575432824548232;9,724749900931538;8,590282513248443;8,193516649436297;7,612490474099487;7,921151350636552;5,592330659140323;2,5478180474017202
Definition/Deutlichkeit (D);91,94637626872459;90,38253732347175;87,85397167594226;86,837045663523;85,23392556375843;86,10349342846713;78,38857013752548;64,30201328029125
Clarity - 80 ms (C-80);15,847618253154439;14,510190289907307;12,92417633539941;12,117759018460088;11,222498872613048;11,441858962032999;8,828196975372862;5,054407332238519
Center Time (TS);15,098639079741012;15,972570726912396;19,717940667933338;21,374876050148455;23,015460342711993;22,218265977357945;33,82717085872411;56,90263780148137
Strength(G);10,03371052853753;9,540407365216161;10,206914473579694;10,300706556797564;10,290832597702178;10,394904051243628;11,02449155285997;12,532343243363776
Lateral Fraction(LF);3,243994762599904E-08;3,5559277200274615E-07;0,0001181913526583155;0,0003099795244871237;0,0003166451200266651;9,897514251637619E-05;4,6886623800537725E-05;1,569978463469222E-05
Lateral Efficiency(LE);1,4448831444346883E-08;1,7727063606371403E-07;5,9605245616911944E-05;0,00015904275933986418;0,00015922306067219156;5,063802023554172E-05;2,612904030927932E-05;9,684613293864684E-06
Receiver 24;63 Hz.;125 Hz.;250 Hz.;500 Hz.;1000 Hz.; 2000 Hz.;4000 Hz.; 8000 Hz.
Early Decay Time (EDT);0,2544523283506547;0,3936173845648021;0,36711102726370237;0,4065491880562871;0,4211320797905225;0,41762479172187544;0,4865886441631538;0,48939610034945813
Reverberation Time (T-10);0,27450871364648055;0,31601319200078337;0,35649302977439745;0,43209333162106917;0,4683021689099383;0,4639276292897805;0,5670969872468139;0,5771942702318014
Reverberation Time (T-15);0,26059928720006054;0,3222885016881176;0,39962703678285844;0,4437373449321396;0,46522738547850234;0,4593773497676045;0,5677054730433948;0,5946368354908521
Reverberation Time (T-20);0,2794171589779391;0,3348302100178169;0,4100083497683998;0,4603907949511011;0,4831443099978986;0,4816697963915951;0,5583929100958142;0,6014425947217014
Reverberation Time (T-30);0,2762195555366057;0,3498580625204435;0,41046004367573835;0,4344800097467915;0,44428571810282014;0,4435145451280039;0,5035720882709611;0,7343960092640478
Clarity - 50 ms (C-50);14,914836098500919;13,938059756609375;11,299677528312968;10,072967290997044;9,58277907575947;9,605322769343793;7,964099447778173;7,909531381324007
Definition/Deutlichkeit (D);96,87584973017427;96,11848781391473;93,0980348662148;91,04699386683177;90,08331636371221;90,12959152336438;86,22139909647295;86,07144796595882
Clarity - 80 ms (C-80);21,081625564792994;19,151275468286386;15,764280020713464;14,139728535476868;13,468632357456887;13,53708962261041;11,398225933767465;11,23686957997877
Center Time (TS);8,553603181550315;8,328445073555972;12,456689275935371;15,03290567796145;16,261952089935505;16,2969529969487;21,14009186345624;21,812975592471435
Strength(G);7,178455329280009;6,472226838283362;7,0509726238420285;7,366302798866585;7,505395034148179;7,540381188635109;8,076117759684486;8,101445340529175
Lateral Fraction(LF);2,510113662970958E-08;2,7046599368021143E-07;0,00011164046310115831;0,0003132740168175743;0,00032752278062677146;0,00010441093014545333;4,75207515589038E-05;1,5051994607950035E-05
Lateral Efficiency(LE);1,0302556157537786E-08;1,4703076961708857E-07;6,494977334740252E-05;0,00018706405193285005;0,00019749702840472395;6,261513475149762E-05;2,969256008655488E-05;9,333956855711949E-06
Receiver 25;63 Hz.;125 Hz.;250 Hz.;500 Hz.;1000 Hz.; 2000 Hz.;4000 Hz.; 8000 Hz.
Early Decay Time (EDT);0,3467748750876165;0,413366993407237;0,4676573243085794;0,5020657973139482;0,5007248500891109;0,5123422774604072;0,6356983112587655;0,8854941550624045
Reverberation Time (T-10);0,31324060001477405;0,3342957405716736;0,4295481320195076;0,49682986352422975;0,48596435080112843;0,5101805355524673;0,75908369191372;1,1094144386677351
Reverberation Time (T-15);0,33067709199623047;0,3512061214784205;0,4669465751475676;0,5445953440414851;0,5615197167393419;0,5779277634569454;0,7957234613706905;1,180451172908018
Reverberation Time (T-20);0,3342863136674473;0,37012765075410425;0,48893579202396964;0,5589139183104098;0,5867342919125543;0,5806587844220295;0,9144370973961392;1,2332781677282045
Reverberation Time (T-30);0,3573284537162466;0,4000352750036465;0,509116051724446;0,6063270668324459;0,6681315524605755;0,6252485968061019;1,2389627133067045;1,2790819811948813
Clarity - 50 ms (C-50);11,309086448249515;10,79926300686181;8,78620838776988;8,064303011311992;7,75019257111591;7,666165125035247;5,623010116202343;3,5077811857888292
Definition/Deutlichkeit (D);93,11194282036169;92,31986490193174;88,32010976594017;86,49322166072604;85,62575177174081;85,38596972975472;78,49494032580388;69,16184182340965
Clarity - 80 ms (C-80);17,00235268510341;16,36438179167717;13,55380237957515;12,093222934876382;12,121754139537714;11,74291685650201;8,7460809178104;6,246872263063051
Center Time (TS);13,1392875542875;12,723554867408321;17,192186318121582;19,355195565453226;20,448718503732735;20,84382863677062;31,288130566153463;47,35052193833771
Strength(G);8,197023757294858;7,58721573815815;8,0400590412073;8,176400009403501;8,338407306416642;8,310923653223377;9,130761560916675;10,131103268916114
Lateral Fraction(LF);3,1032449858464944E-08;3,4603788462447133E-07;0,00012340075192399257;0,00031717867943145;0,00034248143759460595;0,0001058515901916235;4,870263415777475E-05;1,8101151844835894E-05
Lateral Efficiency(LE);1,565798200276451E-08;1,9998271117842755E-07;7,91835714464561E-05;0,00019595639824859884;0,00021765916597249547;6,851616065222367E-05;3,2523398261605416E-05;1,2816410777586653E-05
Receiver 26;63 Hz.;125 Hz.;250 Hz.;500 Hz.;1000 Hz.; 2000 Hz.;4000 Hz.; 8000 Hz.
Early Decay Time (EDT);0,36019038441683715;0,4250122055798025;0,48671624024620314;0,5278513858397293;0,522805934788215;0,5270051835865778;0,7716628588275614;1,0822008358644508
Reverberation Time (T-10);0,34989864823333977;0,38573554251564196;0,5059091850218893;0,5605943294872863;0,5630147562452952;0,5892408241396778;0,8931744517336777;1,2393022991961173
Reverberation Time (T-15);0,3603822839276122;0,4056264742311812;0,5316585808030426;0,6035114388710612;0,6424598490151365;0,6225301778087039;0,9744741432164826;1,2677293806601035
Reverberation Time (T-20);0,36821749127022096;0,41672418441767395;0,5398203870366483;0,6470940505131089;0,698353073836119;0,6542940817990934;1,0936662723961519;1,2932005497380648
Reverberation Time (T-30);0,3827844125073258;0,4303828941405233;0,5759037163584582;0,7015060412049106;0,7671464796513012;0,7529560120002271;1,237107773298334;1,3050999804301229
Clarity - 50 ms (C-50);9,63621494209878;9,149635014106266;7,292329723754129;6,816165653857075;6,36733165021962;6,342559469349586;4,084444323330629;1,5204472063051298
Definition/Deutlichkeit (D);90,19269116924349;89,15605420177035;84,27880981659733;82,77094858541022;81,24688018428905;81,15981716639875;71,91962134369777;58,66408359683991
Clarity - 80 ms (C-80);14,990549342781343;13,925999727636476;11,489235247625926;10,478297094731237;10,397810635357455;10,226185183956849;6,985044246776528;4,098936845005636
Center Time (TS);17,58172268530265;17,71992103508041;23,31056020444112;25,098746963747928;26,988797960917374;27,279132485792292;42,015625310075066;65,39803085229782
Strength(G);9,498423405120548;8,720938243240994;9,286583862236512;9,265658956675054;9,536521276646297;9,490525068668177;10,478462165543462;12,375793746038873
Lateral Fraction(LF);3,6869358324095445E-08;4,27935317805458E-07;0,00015947150503007657;0,00039162119983416276;0,00042268805542835196;0,0001311606708906395;5,772804238611265E-05;2,0659625227228145E-05
Lateral Efficiency(LE);1,7805165766904692E-08;2,356863803274992E-07;9,268086859801316E-05;0,00022012743043346567;0,00025698526405200183;8,229753143518544E-05;3,768378428268063E-05;1,4539591435358974E-05
Receiver 27;63 Hz.;125 Hz.;250 Hz.;500 Hz.;1000 Hz.; 2000 Hz.;4000 Hz.; 8000 Hz.
Early Decay Time (EDT);0,3566039043842527;0,4335149830620693;0,5040758686219563;0,5568928441019777;0,6032444379882689;0,569432545978406;0,8237385792739158;1,1480141390602518
Reverberation Time (T-10);0,3771222373618544;0,43394304307841386;0,5815658170479036;0,600664749852039;0,7119273843140684;0,6891791037549473;1,0544470777572037;1,2943724138196053
Reverberation Time (T-15);0,3850464398466995;0,4464468777409173;0,5872178816419635;0,648822774867166;0,7344508339323361;0,7269140711379724;1,1612559428498836;1,317004745891594
Reverberation Time (T-20);0,3924980592349754;0,4576391491058424;0,5955539912545721;0,7099635522059138;0,7838430287265505;0,7830087910313082;1,2288945763661852;1,3256901648345598
Reverberation Time (T-30);0,40247242190764154;0,4665191739141855;0,6282965076737226;0,7706400331243605;0,8665226042481123;0,8251630745028327;1,3272907642108203;1,32993961370676
Clarity - 50 ms (C-50);8,851467230532888;7,969371183366287;6,53570502767621;5,961840411275351;5,285438586554215;5,704239474920665;3,453056137158672;0,4738718804639546
Definition/Deutlichkeit (D);88,48275122892673;86,25251009749913;81,8957817129213;79,78264306664228;77,21798749057368;78,8737601083687;68,89243972930778;52,81170063778021
Clarity - 80 ms (C-80);13,93293454043999;12,35424276889323;10,326156050659666;9,655957194019594;8,826604361562762;9,238060407668453;6,274244653531071;3,1253278927550783
Center Time (TS);20,645753879983413;21,57460122595823;27,425775016073672;29,267193202232185;32,70633260485717;31,54989164078979;48,23537969968172;74,57757204996241
Strength(G);10,91974722574638;9,805106300856014;10,374426961827169;10,348602770646892;10,510247489906234;10,420370353268105;11,552115919821745;14,2487397344631
Lateral Fraction(LF);3,5146212805307446E-08;4,0097776292370533E-07;0,0001408829381189212;0,00034293276583095513;0,00036336856057619563;0,00011305116929039297;5,095530698181838E-05;1,790706285121632E-05
Lateral Efficiency(LE);1,636606974429915E-08;2,1264528987252488E-07;7,840593878690122E-05;0,00018498942850132065;0,00020762668629829996;6,630350742850844E-05;3,1148531287690254E-05;1,1845820377485833E-05
Receiver 28;63 Hz.;125 Hz.;250 Hz.;500 Hz.;1000 Hz.; 2000 Hz.;4000 Hz.; 8000 Hz.
Early Decay Time (EDT);0,35519042870431233;0,42193004341247475;0,5057448926352075;0,537322744641055;0,6005491994727735;0,5460246189896835;0,8003516364243485;1,1925618511225478
Reverberation Time (T-10);0,3860799823606595;0,43390927717393224;0,5565813138641806;0,6184304252398257;0,7110501777796716;0,6988972561999125;1,1112844213247102;1,3058261152300337
Reverberation Time (T-15);0,39463797358500785;0,45162961170768784;0,5872145981349708;0,6716950545028769;0,7537763183612862;0,7474094389571933;1,187094246707765;1,3259871621473394
Reverberation Time (T-20);0,39847810447444376;0,4572204701658523;0,6041659425363092;0,7147535240746694;0,7940063224828335;0,7828342637772061;1,2859048525600696;1,3287967435559984
Reverberation Time (T-30);0,4059119963473221;0,4762364412079738;0,6426250418827268;0,7637196223560966;0,8796245096951522;0,8328281667314578;1,365246386536055;1,3313849662371244
Clarity - 50 ms (C-50);8,733317566661206;7,837506683594687;6,299641217363089;6,01744925693807;5,290784901912177;5,7999493979479;3,4513112539010304;0,5148982432551054
Definition/Deutlichkeit (D);88,23208849711493;85,88431230966013;81,04445801412233;80,02534854216245;77,21439534168132;79,19983718817211;68,96113156898053;52,96052549887044
Clarity - 80 ms (C-80);13,809838668303396;12,58261331264701;10,287474473256191;9,834515687917392;8,763797781536782;9,434575847082801;6,495064898536102;3,140388265473729
Center Time (TS);20,973803313654262;22,26050682175532;28,156461739450467;29,695412405340708;32,994189111092226;31,708838995934318;48,67836936094874;75,18374342571335
Strength(G);10,943549299553098;10,156923415603657;10,756620076461893;10,811814817823553;11,024496067166503;10,750634125256482;11,944209089910643;14,518732351569291
Lateral Fraction(LF);3,598530668835292E-08;3,901727857462841E-07;0,00013206135304214402;0,0003412556010914933;0,0003446084309376179;0,00010755328332889643;4,7295363925424864E-05;1,6959757855125943E-05
Lateral Efficiency(LE);1,6522153214173214E-08;1,952059610839036E-07;6,91042285021207E-05;0,00016880818367776237;0,00017471160623298853;5,6264289940976544E-05;2,759926748767524E-05;1,0625774290428568E-05
Receiver 29;63 Hz.;125 Hz.;250 Hz.;500 Hz.;1000 Hz.; 2000 Hz.;4000 Hz.; 8000 Hz.
Early Decay Time (EDT);0,33974987237184856;0,38704118384774067;0,45681616932121416;0,48494330851713013;0,5311873360084569;0,5235836750947762;0,6797595458423914;1,1070890648558565
Reverberation Time (T-10);0,36504042366884976;0,41658657712299346;0,4958671562493332;0,5702647000781068;0,6048827890949701;0,6240099026262784;0,8866053316595802;1,2679873093059788
Reverberation Time (T-15);0,37291115522554735;0,43406950788112236;0,5454481769319168;0,6216940701862546;0,6601391535638192;0,6667128825356697;1,0403941695280516;1,3108937078843013
Reverberation Time (T-20);0,3810059450563605;0,44373231985652156;0,564004630302723;0,6492982892389785;0,7162724452922402;0,7092624028241113;1,1242703937125003;1,323185298778965
Reverberation Time (T-30);0,39232245162208634;0,4612549458451046;0,6078134131389723;0,713436999251459;0,793712278680048;0,7747488882469291;1,2586467497418576;1,3230498654990273
Clarity - 50 ms (C-50);9,766903224752559;8,919534923730302;7,350642609158541;7,212441382439802;6,452329072043302;6,638972806892749;4,253091214191416;1,5313251081253056
Definition/Deutlichkeit (D);90,45566949455545;88,63309054419152;84,46814350333868;84,03354359980331;81,5484756359156;82,18130976982627;72,69914591286886;58,72480841467874
Clarity - 80 ms (C-80);15,010991781762733;13,55651335932031;11,62798315142783;10,930338157935932;9,885433887607997;10,353983480738888;7,678828171784232;4,17108937377816
Center Time (TS);17,457726997459428;19,25740844337133;23,939265370142625;25,381712564373927;28,358250309700804;26,979717178012038;40,81049790105259;65,69872492785964
Strength(G);9,09670966757195;8,668182862838378;9,483040636214056;9,599236151204963;9,686991967307378;9,627583015744307;10,73500112942348;12,423274751120502
Lateral Fraction(LF);3,582034844785879E-08;4,066423376915666E-07;0,00013558428450999524;0,000344323164409155;0,00036309952864469353;0,00011630666159137457;5,281394802238772E-05;1,8247389670137883E-05
Lateral Efficiency(LE);1,643156668144332E-08;2,0714626479411229E-07;7,154591788311846E-05;0,0001759264525697947;0,0001875183721596988;5,86157319997985E-05;2,921172025816023E-05;1,1337990063850712E-05
Receiver 30;63 Hz.;125 Hz.;250 Hz.;500 Hz.;1000 Hz.; 2000 Hz.;4000 Hz.; 8000 Hz.
Early Decay Time (EDT);0,23468861446172395;0,3313636688221581;0,38153301283237834;0,4178688740085553;0,4281161727054783;0,4266696225248692;0,4832180506069435;0,4886824024279618
Reverberation Time (T-10);0,2901340796622851;0,31258072625142946;0,3981671324824237;0,4698488917528726;0,49396414796207944;0,49062812221053703;0,5552737937224607;0,5703431665454619
Reverberation Time (T-15);0,25954662160991004;0,344262662146917;0,406884192278596;0,44332175167687965;0,4514213990441373;0,44860468399783626;0,5427161630888796;0,5726576728349997
Reverberation Time (T-20);0,28315722791834846;0,3365441492182334;0,40608490247995016;0,44111041054967715;0,4604605013496382;0,4578373212235552;0,5223834317922477;0,598239706101269
Reverberation Time (T-30);0,2777391088283355;0,33607663072501676;0,4045205935748209;0,43559728564379113;0,4578669340498333;0,45314775843702226;0,49505766712421984;0,767426183048322
Clarity - 50 ms (C-50);14,439874594181388;13,156799730625242;10,636641249636128;9,286047426490827;8,931809755646075;8,89911933641396;7,371446394913419;7,358182276312299
Definition/Deutlichkeit (D);96,52733525730785;95,3887650259975;92,05012571517693;89,45601444247926;88,66153484686974;88,58564401006548;84,51867763295033;84,47867278757688
Clarity - 80 ms (C-80);20,126023908411987;17,292220388922303;14,253451486167597;12,686382920197957;12,138013370779039;12,163148522206374;10,303030313269153;10,217810822980116
Center Time (TS);9,000930221821495;9,70289599574324;14,11105840705847;17,05423346410849;18,22604123878331;18,29016311523285;23,240434373758298;23,75279920550689
Strength(G);6,301585212493826;5,551900944821188;6,2311582832880035;6,629258876089949;6,7703372133802375;6,803951984680282;7,4364424674821805;7,442420152184802
Lateral Fraction(LF);3,532649998992623E-08;3,9495217121154294E-07;0,00015757175507555247;0,000436952358445762;0,0004516152467972888;0,00014387258727745062;6,402352461299978E-05;2,0163805549378958E-05
Lateral Efficiency(LE);9,056113213487605E-09;1,4598045551237348E-07;6,33665444195448E-05;0,00018511372863610486;0,00019415553097635262;6,149630751743033E-05;2,860681758651871E-05;8,937811240687691E-06
Receiver 31;63 Hz.;125 Hz.;250 Hz.;500 Hz.;1000 Hz.; 2000 Hz.;4000 Hz.; 8000 Hz.
Early Decay Time (EDT);0,31159366160186214;0,3839756348925202;0,4393651026086918;0,46393559977570986;0,46386644727961257;0,4639777207376563;0,6455041971037365;0,9160265085049548
Reverberation Time (T-10);0,31576905454221266;0,37787370506539325;0,4538393584471815;0,5141654089099933;0,5362210017835973;0,5224049770569695;0,7948349856279505;1,1533492677111787
Reverberation Time (T-15);0,333663781769607;0,3890005038719536;0,48795835981986335;0,5434651932386474;0,591536927636496;0,5662995009876721;0,8741163006505198;1,2404805705241393
Reverberation Time (T-20);0,3377491281207012;0,39772754815715633;0,5127981239181236;0,5610594232688879;0,6403752798716599;0,5976994827999652;1,015682958719055;1,275891396162668
Reverberation Time (T-30);0,3640140315932994;0,4162453012015978;0,5539768775735964;0,6100302597895464;0,7131451994357839;0,6749127077342808;1,206011426151654;1,3026155126319277
Clarity - 50 ms (C-50);11,323943102032246;10,353044077882531;8,376160821406645;7,731948071520706;7,586575828067469;7,431611410331213;5,369620849344651;3,132792521346312
Definition/Deutlichkeit (D);93,13385060047578;91,55895137110639;87,31034991627973;85,57396879597891;85,15580426677343;84,69907977464565;77,49369162063259;67,29046970930966
Clarity - 80 ms (C-80);16,772340129193005;15,063512903211318;12,619994505005259;11,415284036157248;11,216264014798758;11,0016311317995;8,270231907233125;5,755514162290193
Center Time (TS);13,508887293997919;14,038094954772811;19,145519590185952;21,50796534764328;22,481173917991388;23,21142122114818;34,36529456734438;50,93712441979265
Strength(G);7,321219931900636;6,638278888180988;7,333431676679368;7,605165287142192;7,703762352007871;7,821550910996521;8,658358980937237;9,70257138524407
Lateral Fraction(LF);4,190012944826003E-08;4,643263470631424E-07;0,00017084816255733706;0,000460002971920872;0,0004593474404637659;0,000150712887027523;6,692669321570389E-05;2,2801746031165908E-05
Lateral Efficiency(LE);1,5228537397105035E-08;2,0008359763144917E-07;8,051041510909251E-05;0,0002152142840190131;0,00021878668402128807;7,327266853346711E-05;3,559051049781823E-05;1,301299730539071E-05
Receiver 32;63 Hz.;125 Hz.;250 Hz.;500 Hz.;1000 Hz.; 2000 Hz.;4000 Hz.; 8000 Hz.
Early Decay Time (EDT);0,3386356301105163;0,40834258635985227;0,46957716002808336;0,5308716957463085;0,5145647408040394;0,5231552561883298;0,7938246451713881;1,1295192239503553
Reverberation Time (T-10);0,34758591499009767;0,40945109429805404;0,5280445103374387;0,5736726850691579;0,6151071720868325;0,6056996936020431;0,9798681454680088;1,2618350107842347
Reverberation Time (T-15);0,3598919574694656;0,413843869409986;0,5419162788945789;0,6235389526153938;0,7052052908327544;0,6709876878879628;1,031712586795299;1,2920133916139935
Reverberation Time (T-20);0,373339734940517;0,4247103018404946;0,5501873765858408;0,6530225266271814;0,7456825104065812;0,6984003490574087;1,1506367243227411;1,3132195955882462
Reverberation Time (T-30);0,39043769644456344;0,4417129196601198;0,591655677877718;0,722224088869535;0,8088242360746892;0,7694696845448649;1,3111173890735148;1,3136745070147158
Clarity - 50 ms (C-50);9,523209389525578;8,397130481520772;6,555504532918974;5,989947774009434;5,811088528192604;5,834360295080359;3,5802241441162463;0,9338680312061537
Definition/Deutlichkeit (D);89,96010824736476;87,36374975331368;81,89812690796315;79,88683420104147;79,2169506829312;79,30503366307997;69,51646807648017;55,355157927572826
Clarity - 80 ms (C-80);14,979437405424036;13,318791965222578;10,71207731179786;10,041192609323733;9,929949598686862;9,713066080886403;6,447711049404511;3,6685826228270297
Center Time (TS);18,452852092096155;19,925364489839318;26,377669894991797;28,478391849054805;30,00406936238216;29,970149850257332;46,31103777542504;70,19664918426622
Strength(G);8,935556632186746;8,075244248360448;8,76471758515246;8,836224119738205;9,059356628593711;9,108868156727532;10,256165491744298;12,318471233801347
Lateral Fraction(LF);4,362589294224117E-08;5,574201179739134E-07;0,00019604848039619582;0,0005028458217524594;0,0005170715377396999;0,0001644262582303389;7,114515843581138E-05;2,4623382024887383E-05
Lateral Efficiency(LE);1,879855267081499E-08;2,645163806465452E-07;9,870975702768676E-05;0,00025407524865788224;0,0002745880391212348;8,514446024635719E-05;3,9984708506504214E-05;1,550643451927452E-05
Receiver 33;63 Hz.;125 Hz.;250 Hz.;500 Hz.;1000 Hz.; 2000 Hz.;4000 Hz.; 8000 Hz.
Early Decay Time (EDT);0,3637543767737411;0,4264138884947041;0,5261116828262309;0,5818745592141974;0,6247922194240099;0,5985816978801829;0,8992867540185836;1,2134885989740545
Reverberation Time (T-10);0,3864389617833568;0,43951718889961106;0,5891702349863492;0,6451305046708372;0,7289628127273214;0,7120363821680652;1,1234981342663928;1,3143611242823194
Reverberation Time (T-15);0,38907288346664665;0,44853661899938924;0,5854152426681553;0,6935948267833782;0,7622402483012719;0,7432991122567013;1,196595952388216;1,3300372337883895
Reverberation Time (T-20);0,39628062420342186;0,4591959439279453;0,6008033163564318;0,7234371035300085;0,8045780148975196;0,7878228285618013;1,2653187514573638;1,3347201204603436
Reverberation Time (T-30);0,40609106855681415;0,47062625277073966;0,6382374359326448;0,7777478314544543;0,8758743271779489;0,8290178597761694;1,3562739614101302;1,3290680892540017
Clarity - 50 ms (C-50);8,050831261244726;6,9854489575560965;5,209332032020062;4,689782782493303;4,163740439524753;4,421462377062698;2,3356382570682706;-0,38606018547925386
Definition/Deutlichkeit (D);86,45694184189814;83,31973377655919;76,84345837459395;74,6467941500217;72,28687934688766;73,45983085727312;63,13006291978366;47,77912120066644
Clarity - 80 ms (C-80);13,199977210804029;11,769734927812367;9,260912549605294;8,505054556474835;7,836745310845256;8,148780470668223;5,336973351301112;2,4367698169802496
Center Time (TS);23,437318756311683;25,953154633802534;33,28109418699876;35,842765984978136;39,414629636504785;38,03788918202125;56,59996377214489;82,83563454433765
Strength(G);10,820851841949768;9,979613162587455;10,773061534268876;10,731020887566693;10,964260416076968;10,999333947997812;12,412397923759698;15,228598428977243
Lateral Fraction(LF);4,2162963968220674E-08;5,17431453437541E-07;0,00018452814352696355;0,00045942029598018984;0,00048416868499546675;0,0001533625204827889;6,356578065320104E-05;2,0758724810652E-05
Lateral Efficiency(LE);1,912525583437192E-08;2,559804912424608E-07;9,372876200514734E-05;0,0002358819122371393;0,00025853193464819147;7,974424479487933E-05;3,6071485392192335E-05;1,3424082873164752E-05
Receiver 34;63 Hz.;125 Hz.;250 Hz.;500 Hz.;1000 Hz.; 2000 Hz.;4000 Hz.; 8000 Hz.
Early Decay Time (EDT);0,3708903832463547;0,43081643160016186;0,5090863330382266;0,5766459768475878;0,6368702187931934;0,5848210725690779;0,8713576643485342;1,2323387218126027
Reverberation Time (T-10);0,39337050508261406;0,4389707758669152;0,5709543284775941;0,6558548076115199;0,7341793238474049;0,7321934713462339;1,1364794121947834;1,321969603075637
Reverberation Time (T-15);0,3972013235232518;0,45010456682420774;0,5940737046692156;0,706990091978106;0,7610150175029177;0,7702099019343016;1,193135833741637;1,3321528716577287
Reverberation Time (T-20);0,40104528015651475;0,4579206768860297;0,6151404314968927;0,7336913712248626;0,8005331160152511;0,8034457820021363;1,2858163560815603;1,3334315802494292
Reverberation Time (T-30);0,4086391154234739;0,4762296096251581;0,646486407135737;0,7721426685230725;0,8673544674473311;0,8401714568407171;1,352883118943978;1,327193030116069
Clarity - 50 ms (C-50);7,890327853057197;6,698410524262198;5,203732869180935;4,6462473113705505;4,0018090051426665;4,356426218085661;2,232903722534971;-0,4434212232123562
Definition/Deutlichkeit (D);86,03018665541362;82,38186580347516;76,82142816689955;74,45661028354363;71,53375783445465;73,16684648070073;62,577767475834655;47,44967740183312
Clarity - 80 ms (C-80);12,965886130969611;11,54789312183479;9,319671777954536;8,3908329887226;7,551645757449355;8,168574725681088;5,391860623793006;2,4021952902911075
Center Time (TS);24,026242461089257;27,211074311476285;33,82564795701331;36,90419308170475;40,596720032699615;38,65926999372992;56,91272519946918;83,67743205666359
Strength(G);11,041195747737639;10,501747152414353;11,34959094660585;11,369297433492072;11,681805342314462;11,503346028625508;13,122959773551706;15,892424709164686
Lateral Fraction(LF);4,4542314737628144E-08;5,205568984101832E-07;0,00017804100308185542;0,00043909986393110236;0,00045557452229387973;0,0001415061863496967;6,158153876960198E-05;1,967335958616122E-05
Lateral Efficiency(LE);1,8699661400903235E-08;2,642994739395261E-07;9,017603718596423E-05;0,00022606833908115406;0,00024429972147451247;7,568926775339716E-05;3,430767376746573E-05;1,2512125089675127E-05
Receiver 35;63 Hz.;125 Hz.;250 Hz.;500 Hz.;1000 Hz.; 2000 Hz.;4000 Hz.; 8000 Hz.
Early Decay Time (EDT);0,348770139833868;0,4157656686941719;0,4608415237779477;0,5142842797534705;0,5744112702327977;0,5539172976183239;0,7613656586684725;1,1805190106669743
Reverberation Time (T-10);0,369059546652447;0,4135019198315417;0,5201962359936738;0,6344924601726634;0,6780509425818338;0,6840070624112363;1,0241872547435416;1,286763504400633
Reverberation Time (T-15);0,3767333395776394;0,4326810386562058;0,5615694381511274;0,6757433763498494;0,7036161338039363;0,723883719417898;1,08480503719973;1,3119832488067174
Reverberation Time (T-20);0,3842432984111237;0,44881431194882077;0,5881263512262429;0,6890146854411207;0,7339867578755802;0,7476917645157249;1,162497074320355;1,3211313653214432
Reverberation Time (T-30);0,397989599657336;0,46548887088559715;0,6184347856608361;0,7314837460621452;0,7918567148483919;0,7945501799736702;1,279262960520532;1,3193940807097562
Clarity - 50 ms (C-50);9,187932554555362;7,696768256032794;6,510319441445907;6,022744406107861;4,980624632445222;5,335026828019075;3,2037182959865023;0,3819923785082747
Definition/Deutlichkeit (D);89,24101624493639;85,4736808588119;81,74337068358902;80,00789943319691;75,89316474105485;77,35446021363622;67,64890718242792;52,19750833393708
Clarity - 80 ms (C-80);14,36672109084473;12,558596687580705;10,750541768401815;9,563151848074435;8,772702011944522;9,065568862534212;6,531375482586754;3,2391577867677985
Center Time (TS);19,431012625415125;22,608665409652417;27,918863174669614;30,77343569220487;34,273154641761785;32,72407088389651;48,23402152097145;75,12473759873677
Strength(G);8,858084360402657;8,40067366961912;9,375153188848891;9,337370220566157;9,573063847011014;9,409401099460638;10,89704174238635;12,892047337970652
Lateral Fraction(LF);4,9585870295566016E-08;5,932098414078471E-07;0,00019960322348725167;0,0005059379532595833;0,0005086205914791035;0,00016348247721054463;7,070291884255151E-05;2,4719713682557132E-05
Lateral Efficiency(LE);2,0025647859146855E-08;2,7259193391082036E-07;9,957810328925965E-05;0,00025326397595424883;0,00026674126290962297;8,362122084224388E-05;3,989482845903954E-05;1,556158865213282E-05
