Pachyderm Acoustic Simulation Results
Saved 22.12.2024 15:35:22
Filename:ORASE_FlatCeiling_Rough_Concrete (2).3dm
Source 0;
Receiver 0;63 Hz.;125 Hz.;250 Hz.;500 Hz.;1000 Hz.; 2000 Hz.;4000 Hz.; 8000 Hz.
Early Decay Time (EDT);0,2580484678907789;0,38909105710399056;0,34763331420626614;0,37184446663055376;0,40930719427544554;0,41039000128383013;0,40586519415463085;0,38768229922537556
Reverberation Time (T-10);0,2701409073916352;0,31676274229698154;0,37286142499072417;0,40279464385856373;0,42057849998565877;0,4161167125113613;0,41875879268802485;0,40032002017456597
Reverberation Time (T-15);0,2588725179142134;0,3276994126369022;0,39564377790493804;0,43181760741691383;0,44204738362285995;0,43543250260580074;0,4367122273540859;0,4215328353638299
Reverberation Time (T-20);0,27807682849231874;0,33799804717410503;0,38414999350946294;0,4226709194881446;0,44801753877664324;0,44184900815804967;0,44294911618218774;0,43263069807692917
Reverberation Time (T-30);0,271169038294183;0,3331207330134374;0,40954981060721485;0,44040319963690183;0,45701508070888763;0,4561851667058417;0,4557531519013433;0,464369986166827
Clarity - 50 ms (C-50);18,446650170219634;17,354336454268775;14,835498811670893;13,480512649868261;13,102685982495624;13,081074606036236;13,002746372253956;13,116437876734642
Definition/Deutlichkeit (D);98,59016407685269;98,19427127779188;96,82008452443242;95,70575528376476;95,33364679622727;95,31145962868506;95,23020115097597;95,3477130577651
Clarity - 80 ms (C-80);24,270384937095844;22,11622706319311;18,846568491823724;17,204660218857803;16,70138316542984;16,730251039341212;16,668231339096533;16,95162176537545
Center Time (TS);4,240524929312856;3,8886838363475484;5,937591175202316;7,256844639912671;7,783343702314852;7,912820414410969;7,9966048179520905;8,073198848343926
Strength(G);12,414164788291515;12,152129977796424;12,418312429680213;12,556062785564812;12,605838079876115;12,642489022372303;12,65678073098642;12,70609508680137
Lateral Fraction(LF);8,017525644602868E-09;7,662761084687408E-08;3,227655201979556E-05;9,031500378138222E-05;9,441540861447758E-05;3,062575129435841E-05;1,238674434915559E-05;4,07892708555939E-06
Lateral Efficiency(LE);4,022023268503466E-09;3,840767264766152E-08;1,794376864419002E-05;5,2636777819616294E-05;5,630712882885334E-05;1,8025599526135074E-05;7,251940412554627E-06;2,3214778936396004E-06
Receiver 1;63 Hz.;125 Hz.;250 Hz.;500 Hz.;1000 Hz.; 2000 Hz.;4000 Hz.; 8000 Hz.
Early Decay Time (EDT);0,3203225689057839;0,32355573336940247;0,30274552606872274;0,3678727103586713;0,39277956645211676;0,3596247301156992;0,3875995353564282;0,35727754690115415
Reverberation Time (T-10);0,29646542502092443;0,33250339632469766;0,374849095185308;0,4036144967187475;0,4267719081172736;0,41824359093651103;0,4269331514940924;0,490109016690941
Reverberation Time (T-15);0,2912300030238727;0,3307374515006418;0,38757958433189665;0,42667597419582265;0,47449033918855565;0,4456207599887223;0,4794562209180305;0,5587501316421093
Reverberation Time (T-20);0,3084184386913377;0,34861751056888646;0,4102721086782;0,44573191339733476;0,49923643962590514;0,47617728096181516;0,5196563614983376;0,6330769933220458
Reverberation Time (T-30);0,3289887183464005;0,3818066048739231;0,47828254234299483;0,5121468755982561;0,5776644426267098;0,5536826201624199;0,5862002689119195;0,7274059474098494
Clarity - 50 ms (C-50);17,831596287718224;17,730532685673804;15,938728827593739;14,902365722930789;14,452522122825368;14,513523946017488;14,151970514694117;12,647995115051991
Definition/Deutlichkeit (D);98,37914775367761;98,34161985685806;97,5157132733275;96,86714756511985;96,53708394530733;96,5837346212776;96,29813296455757;94,8451546847345
Clarity - 80 ms (C-80);23,10200005784226;22,382852081375773;19,822619873205948;18,740128164152367;17,73558575038122;18,082562663150448;17,20187366403978;15,556150041956913
Center Time (TS);3,834166313712123;3,4063839164589345;4,752934882182437;5,483819982826481;5,907316106726704;5,884777963208696;6,327964680275628;8,50257708815643
Strength(G);15,69804225252347;15,558488964951081;15,716715426740897;15,738182793707729;15,729462887061246;15,75557060994852;15,770496323778872;16,086296355583016
Lateral Fraction(LF);6,186740267632144E-09;6,586078885858716E-08;2,5965670276064642E-05;6,947416806635095E-05;6,829228048741148E-05;2,2512297830214264E-05;9,165327189797966E-06;3,3119689259157642E-06
Lateral Efficiency(LE);2,4792883847357644E-09;2,6287271068065913E-08;1,1436445688996551E-05;3,272039691707902E-05;3,3943712356319396E-05;1,0975269791907232E-05;4,554250812862813E-06;1,5337668077450362E-06
Receiver 2;63 Hz.;125 Hz.;250 Hz.;500 Hz.;1000 Hz.; 2000 Hz.;4000 Hz.; 8000 Hz.
Early Decay Time (EDT);0,3993689046223816;0,40872509356078796;0,5412671500816383;0,7219080946988711;0,8090453197746682;0,8544471091581088;0,6333746168787666;0,35377160742797154
Reverberation Time (T-10);0,27386176163322923;0,2740027225419041;0,36552972956186075;0,44386471124013394;0,4400428499417481;0,4198888949563368;0,44866500943823195;0,5355555444978931
Reverberation Time (T-15);0,31940796413532624;0,3336722034037217;0,4029076797473736;0,44569705731624215;0,4886088970883993;0,45182147274811174;0,5000601872093163;0,6480954952067219
Reverberation Time (T-20);0,3333779181121877;0,3578114907662461;0,4402862387518408;0,4865053187454756;0,5570149642481149;0,5234618131252327;0,5727371562135118;0,7145449201571111
Reverberation Time (T-30);0,3574394913388077;0,39955378521806284;0,5112554847230663;0,5739247363117681;0,6770822612522324;0,6129733711296579;0,681221390174163;0,7875667918224207
Clarity - 50 ms (C-50);18,43732324790594;18,34369633791382;16,703886804926952;15,655797560444082;15,866647806346453;15,789575925834969;15,43715701119529;13,266485122113966
Definition/Deutlichkeit (D);98,58717587812575;98,55683130949375;97,90862330833626;97,35290718607456;97,47518655390601;97,43114141113055;97,22003037107976;95,49859122907233
Clarity - 80 ms (C-80);23,489717321388525;22,908422440058985;20,526147789054733;19,582596559257894;18,91693992984579;19,339084018874843;18,439531818427447;15,764767740392493
Center Time (TS);2,8798042775921737;2,8381262634562945;3,713067972824712;4,167916425944408;4,21932727661272;4,221013201298397;4,605343095655732;7,173528824557922
Strength(G);19,596555715943186;19,58567709163541;19,641150721319192;19,61683840601755;19,59321295803838;19,622333058597036;19,639052918972453;19,956148615983068
Lateral Fraction(LF);5,1230910961800335E-09;6,398087329521181E-08;2,21175170186155E-05;5,5800235472444265E-05;5,3775017780101826E-05;1,7872347434996667E-05;7,257284047459032E-06;2,78913574235403E-06
Lateral Efficiency(LE);1,6965077801785471E-09;2,2210518314868224E-08;8,525746016714612E-06;2,397976786228732E-05;2,2758883456984226E-05;7,602443325229856E-06;3,1389970064275774E-06;1,1811514975417971E-06
Receiver 3;63 Hz.;125 Hz.;250 Hz.;500 Hz.;1000 Hz.; 2000 Hz.;4000 Hz.; 8000 Hz.
Early Decay Time (EDT);0,28606396587923083;0,22216914708407473;0,2614962641994218;0,2798701449742516;0,2912957772586911;0,254752218878413;0,3274021673430731;0,42837813880753645
Reverberation Time (T-10);0,3293535096130112;0,31392409074868083;0,38291599426422757;0,4341495771541483;0,4382679837933922;0,4217000143387671;0,4671868460034258;0,6319309582694309
Reverberation Time (T-15);0,34394451821612304;0,3591919424545261;0,4500003975770425;0,48147680203760196;0,5163850070535826;0,48209304350713694;0,5485888728106948;0,7203547181390075
Reverberation Time (T-20);0,35667976916449645;0,38220787673533324;0,49034748984402843;0,5560708560211909;0,5849119608082356;0,5617081419657313;0,6360019846703827;0,7676916671607315
Reverberation Time (T-30);0,37608570792294743;0,421983914257597;0,5588315904954223;0,6501372242412838;0,7001824069827342;0,6807514929185433;0,7624514754476887;0,8327607225096836
Clarity - 50 ms (C-50);16,108419410088924;16,070937017837203;14,698691808921536;14,207951749345575;14,092409661196552;14,412657431975461;13,466715722811104;11,103839717717022
Definition/Deutlichkeit (D);97,61132500446945;97,59094754279828;96,72581738710379;96,34470209901717;96,25057938020052;96,50728094194929;95,69657854967292;92,81448918832147
Clarity - 80 ms (C-80);21,189594013983744;21,028370586306167;18,546235310045137;17,97430904221557;17,510305159153017;18,150990555626354;16,853847825540438;13,828743661761752
Center Time (TS);4,421774565826977;4,337346048550317;5,423568656476242;5,7831496754478;6,098543502538051;5,619522428809667;6,745427766337441;10,833575439475974
Strength(G);19,93840705409863;20,00738171306793;20,013423157583482;19,939941954330756;19,952430232178635;19,93432679936972;20,01910101546857;20,53355775987673
Lateral Fraction(LF);8,81258962187113E-09;1,1623522124276094E-07;3,8673572830492446E-05;0,00010037516316202664;9,886666765415592E-05;2,986323191365054E-05;1,3208770370169077E-05;4,974537506757697E-06
Lateral Efficiency(LE);3,0150600273589935E-09;3,701484401043354E-08;1,2934104634234759E-05;3,562391100482938E-05;3,810425151852445E-05;1,0521512925730807E-05;5,022967083888611E-06;2,0814127263309094E-06
Receiver 4;63 Hz.;125 Hz.;250 Hz.;500 Hz.;1000 Hz.; 2000 Hz.;4000 Hz.; 8000 Hz.
Early Decay Time (EDT);0,2828295280232151;0,2610205636391165;0,32806514573649675;0,36918464299408293;0,3903154141750586;0,38032641002693535;0,4369000104833467;0,5943332585601108
Reverberation Time (T-10);0,34770857765141305;0,3651367083996712;0,4502833802510408;0,47140045072214515;0,483346185267217;0,47105079010496453;0,5328957308419451;0,7257348491952499
Reverberation Time (T-15);0,35829164076893777;0,3904408211618236;0,4863160729391856;0,5537892425947728;0,5750415749881365;0,5592514028773289;0,605436573009835;0,7776777036483792
Reverberation Time (T-20);0,36977331182720097;0,4137192405650908;0,5251715099834103;0,6068963605258407;0,6520711257376554;0,6212828182752936;0,6717173085906826;0,8106404331473009
Reverberation Time (T-30);0,3884198151806329;0,44070575950823204;0,5927119030705801;0,6919186787195861;0,7550620529488503;0,7196999477492313;0,8106564009796967;0,8563142649695253
Clarity - 50 ms (C-50);13,260246395180923;13,080576133459472;11,562046030806798;11,095818501051408;10,849189728541882;11,247088012149064;10,19964436511287;7,983514455826812
Definition/Deutlichkeit (D);95,51652116106621;95,3435048536283;93,50185805525135;92,81165196988402;92,41272517399327;93,03496119221157;91,31667685736001;86,39986656364404
Clarity - 80 ms (C-80);18,281138751468898;17,729896785604552;15,53263631071382;14,8999256959159;14,490411186831693;14,847007644443405;13,798140285708236;10,867141871516644
Center Time (TS);8,546723723601357;8,727989558275594;10,813728693801107;11,66781281664382;12,622971561131417;11,660525651005061;13,44503752400327;20,529292773847587
Strength(G);16,993533377290678;17,225879775684987;17,283512613999136;17,256168345648568;17,268285452715645;17,150288107708782;17,352439291847034;18,02206844874268
Lateral Fraction(LF);1,8991506871328155E-08;2,586167941708395E-07;8,489890508942948E-05;0,0002158086107719368;0,0002046688987608685;6,622193753908677E-05;2,9081571117106222E-05;1,0332536920205892E-05
Lateral Efficiency(LE);7,035248197684691E-09;8,54843913990338E-08;2,9178037176004792E-05;7,953395260229602E-05;8,73557094463002E-05;2,56519039092447E-05;1,1415996813984596E-05;4,659565325821308E-06
Receiver 5;63 Hz.;125 Hz.;250 Hz.;500 Hz.;1000 Hz.; 2000 Hz.;4000 Hz.; 8000 Hz.
Early Decay Time (EDT);0,28228292781074926;0,29302199249120514;0,3540802350832636;0,363903463368784;0,41925406571417667;0,3914404752422974;0,45075088482957437;0,5579365988068282
Reverberation Time (T-10);0,325983370064563;0,3509935739269499;0,44115853555082024;0,4742981562351806;0,4978010930399438;0,46749889616733764;0,5340103947742807;0,6944446157712061
Reverberation Time (T-15);0,34006280712649256;0,38305625147293904;0,48981393693685094;0,5420117121444396;0,5887480927072941;0,5352411199291169;0,5755738980046821;0,7543600849121895
Reverberation Time (T-20);0,35611456224411553;0,4100257493218735;0,5254759612988712;0,5783036527576503;0,640712427932133;0,5845056768813909;0,6207721349972428;0,7857796097558348
Reverberation Time (T-30);0,37866427140293146;0,43350537967796626;0,573102373699036;0,6598232107651913;0,7446435066397634;0,6924483408118556;0,7507992258568544;0,836139153660447
Clarity - 50 ms (C-50);13,455694401161288;12,866824420362779;11,227839736546994;10,7974663818854;10,039177746450502;10,711813428873162;9,589332398889564;7,841737599565173
Definition/Deutlichkeit (D);95,68932704113311;95,10229432227105;93,01040617310107;92,32236312856162;90,98807680402268;92,1787117521716;90,11125969317962;85,9107016292765
Clarity - 80 ms (C-80);18,536418713001712;17,241313957503984;15,10125493705347;14,4447012602487;13,750743564762288;14,256071675708327;12,995233053540874;10,713179821804658
Center Time (TS);9,184169838390554;9,945213973991402;12,145301586392794;13,403705017054556;15,068093795035175;13,783839124058723;15,952247223661828;21,850701932054818
Strength(G);13,819372435982714;14,063624957543613;14,241539114541894;14,398763885736088;14,342792244549457;14,27785525510177;14,458618475132923;14,91492456104703
Lateral Fraction(LF);1,9516444010742797E-08;2,860163893895706E-07;9,597926919769689E-05;0,00024123505445079992;0,00025939337848464436;7,799718416102248E-05;3,133662046520717E-05;1,0987375246407857E-05
Lateral Efficiency(LE);7,594824990300864E-09;1,0460387359450288E-07;3,608535674579828E-05;9,652802864932573E-05;0,00011483901362365241;3,3390378584216294E-05;1,4698923490241433E-05;5,391027672900537E-06
Receiver 6;63 Hz.;125 Hz.;250 Hz.;500 Hz.;1000 Hz.; 2000 Hz.;4000 Hz.; 8000 Hz.
Early Decay Time (EDT);0,33649244040655635;0,6292614247283213;0,5666815573183603;0,5925774491994119;0,5530690117801118;0,5519529178326343;0,5320282960500511;0,5026692737914027
Reverberation Time (T-10);0,3001738840391503;0,39048755330485974;0,39396845651583184;0,4263541528311296;0,4379678339398504;0,4319649423966711;0,43774517241046296;0,42194999956357176
Reverberation Time (T-15);0,27649751111193954;0,34328009337646237;0,37353010937638087;0,4092898457230263;0,4131212143392394;0,41145012704439876;0,4106442185144917;0,4048552386054593
Reverberation Time (T-20);0,26935764924250905;0,32127301147127774;0,3596674095589439;0,3990859280409322;0,41784425514474116;0,4130691421668125;0,41429906825546126;0,4104194654612724
Reverberation Time (T-30);0,2600053247429874;0,3137190694154809;0,39292947411706447;0,43235566483551546;0,4463463595114015;0,44587979540383454;0,4459036748414001;0,4538871010522409
Clarity - 50 ms (C-50);16,915974652706293;16,086885726188434;13,736408932151132;12,462362353331988;12,053553068475004;12,043094958077097;11,916801128312386;12,072002353935185
Definition/Deutlichkeit (D);98,00631475897725;97,59703172663924;95,94149945619318;94,63212543145492;94,13337507069217;94,120062483926;93,95704661475378;94,15679109035388
Clarity - 80 ms (C-80);24,652941804467705;22,6219816964487;19,294429221490432;17,486902663339535;17,01213420737767;17,070301165583746;16,949453935193365;17,051151166894698
Center Time (TS);5,172210932594023;4,6421258005905495;6,978553540048795;8,554903802531989;9,175695928163488;9,287940254810822;9,4865232821963;9,506654624731627
Strength(G);10,928577671361715;10,609804752323093;10,877818209004865;11,033991008103143;11,107042337713722;11,125916071306136;11,150056286339613;11,203744848298854
Lateral Fraction(LF);1,0013391432868323E-08;9,381194030015101E-08;4,062476381327369E-05;0,00011578614571967399;0,00012124443534514881;3,904290628654049E-05;1,5940860339301862E-05;5,259622741487077E-06
Lateral Efficiency(LE);6,408089651408642E-09;6,188704985918022E-08;2,754759114831948E-05;8,085757260807398E-05;8,497259699929361E-05;2,7446569970814755E-05;1,1114052849947064E-05;3,5167008427366904E-06
Receiver 7;63 Hz.;125 Hz.;250 Hz.;500 Hz.;1000 Hz.; 2000 Hz.;4000 Hz.; 8000 Hz.
Early Decay Time (EDT);0,37486224922436784;0,4718204695397192;0,4591281728425011;0,5695741564574939;0,6168736244393929;0,6035163704717886;0,5898775196172108;0,5273802587006317
Reverberation Time (T-10);0,33433002323286987;0,388270147215883;0,400766054400415;0,4343211537207305;0,4513221785693931;0,44407682836924905;0,4458975922997503;0,5271164726777786
Reverberation Time (T-15);0,3215757679608668;0,3530479003363979;0,40475373557052163;0,4294218678057463;0,4527034863485725;0,42922018781879556;0,45198288794480723;0,5854596269323961
Reverberation Time (T-20);0,3176098428594883;0,34616497638182914;0,41852130874390364;0,45432182052575826;0,4848987543194183;0,4587906093942505;0,5221452041737771;0,6614732837483992
Reverberation Time (T-30);0,3360817690970475;0,37589791600315803;0,4804730868443743;0,5501497633366828;0,6203685407443078;0,5972753006014829;0,6362831431006841;0,7559357339831145
Clarity - 50 ms (C-50);15,338802952076595;15,684415012268673;13,728779525365663;13,090268927481505;12,781453988006767;12,597498910461047;12,449494077517604;10,783403238174383
Definition/Deutlichkeit (D);97,158164047107;97,36983536212477;95,9346535789661;95,32091114703374;94,99334372958505;94,78801067270771;94,61705410755185;92,29393219951174
Clarity - 80 ms (C-80);21,213786590623762;20,96826869637713;18,167687735990683;17,293952713398397;16,793465939493693;17,153358750769726;16,30115216368032;14,037451180270924
Center Time (TS);5,920982154932441;5,099338559445039;7,1415118097708765;7,847871027683906;8,298036476079554;8,339561195319652;9,057396598516117;12,260246873109626
Strength(G);13,063757092159392;12,862207667115214;13,075974894161554;13,054163197766513;13,047654365110326;13,08241962880632;13,180287619759852;13,576588198285002
Lateral Fraction(LF);9,687361841614764E-09;9,591846149278082E-08;3,8581288247333976E-05;0,00010086574650959531;9,670620948937404E-05;3,278559951074452E-05;1,3750376766634868E-05;5,0299354951116114E-06
Lateral Efficiency(LE);5,180660813190411E-09;5,538646264306015E-08;2,3193858446798557E-05;6,58643438260232E-05;6,854292602135788E-05;2,2500018683783678E-05;9,271510582122126E-06;3,0842983872041786E-06
Receiver 8;63 Hz.;125 Hz.;250 Hz.;500 Hz.;1000 Hz.; 2000 Hz.;4000 Hz.; 8000 Hz.
Early Decay Time (EDT);0,36063021403005496;0,3421526050724347;0,429904124553974;0,5263017097405117;0,5070761413521961;0,496172226208826;0,551397510408096;0,5992109391510623
Reverberation Time (T-10);0,3462918924320726;0,3824071399266779;0,4548985337561827;0,48402978556168696;0,5083354705299736;0,4827952148692544;0,514214990994705;0,6531077702820155
Reverberation Time (T-15);0,3434444321411441;0,36865383604496904;0,45817216606009165;0,49208284376451045;0,5469699796994322;0,4965887953167512;0,5701507154328822;0,7194208805446997
Reverberation Time (T-20);0,3514048658555257;0,377109361783209;0,489699164643924;0,5535254820647455;0,5984490035387741;0,5721485369290483;0,6421986644460401;0,7558729083838531
Reverberation Time (T-30);0,3668929141659515;0,41255596299959724;0,5349357555277672;0,6276401745503328;0,7088492391427714;0,6552943273076376;0,7260429037364738;0,812333582784374
Clarity - 50 ms (C-50);14,128569787128562;13,953151719679266;12,4152961870739;11,81601980681082;11,702675963620637;11,75939673898415;11,33675704631468;9,165966118381823
Definition/Deutlichkeit (D);96,27887690403944;96,13143196008164;94,57680736962017;93,82393760647825;93,67096635632683;93,74795454476101;93,152694320807;89,192356148567
Clarity - 80 ms (C-80);19,58245754627478;19,4625551199293;16,787324349006244;16,04728399012251;15,426257170323245;15,965004639193898;14,916614449505637;12,13445803389362
Center Time (TS);6,888845848082184;6,350948922664523;8,18638685911807;9,02979222138352;9,486817103599936;9,1338950537249;10,360257762614618;15,741932351866613
Strength(G);14,906201162813534;14,851257354567323;14,867684102131314;14,870458613118565;14,871116481597248;14,884779107071829;14,965673044443946;15,552106481447836
Lateral Fraction(LF);1,1177847536644838E-08;1,2698133469495772E-07;4,33677430623248E-05;0,00011628211892760275;0,00011096114981526121;3,654225528863151E-05;1,4425351653152276E-05;5,472462871655722E-06
Lateral Efficiency(LE);5,070624085549876E-09;5,864773120942375E-08;2,234132831994338E-05;6,336686174649666E-05;6,005518925612291E-05;1,949856022814615E-05;8,420988299826006E-06;3,202029129422633E-06
Receiver 9;63 Hz.;125 Hz.;250 Hz.;500 Hz.;1000 Hz.; 2000 Hz.;4000 Hz.; 8000 Hz.
Early Decay Time (EDT);0,3574748007595365;0,34452038998948853;0,41718016263646235;0,48140706251213883;0,48587012212172886;0,4823653058436299;0,5207622501657265;0,6065496134474947
Reverberation Time (T-10);0,35067104145550576;0,3827000785422729;0,4580382044669803;0,4520296131301311;0,4974155573100116;0,47036625237427404;0,5302388183057829;0,7031780149361969
Reverberation Time (T-15);0,3530264877347253;0,3851194024687824;0,4793632328749423;0,5223428625686898;0,549581685950587;0,5240396961633845;0,61671753738342;0,7605461952855723
Reverberation Time (T-20);0,365090279032576;0,40268653724148695;0,5093878612379344;0,5931366523742685;0,6147714091914082;0,6164863649496483;0,6786171590028842;0,8058025546687515
Reverberation Time (T-30);0,38293847870228054;0,432422137938718;0,5922684646552483;0,6879704550258331;0,7333410061893562;0,7180241359370705;0,7981807120099432;0,8586217097069009
Clarity - 50 ms (C-50);12,422336377783633;12,650933864250733;11,254597191625997;10,997028330357828;10,66439440850852;10,92106866847981;10,068490746965564;7,816101391026554
Definition/Deutlichkeit (D);94,5939364057959;94,85705156704995;93,04107050770598;92,64182129775394;92,10082384698836;92,51955308234413;91,04618632219486;85,83123381321597
Clarity - 80 ms (C-80);17,86404575849358;17,789372346758423;15,380215091826237;14,989565139151729;14,446938704115777;14,927770120394415;13,791393469123562;10,86613131505661
Center Time (TS);9,47082452854071;8,458384661558313;10,479494076595776;11,20766522400613;11,741022260109872;11,225987406691534;13,047163563379716;20,59649523518235
Strength(G);15,506548124750248;15,484329748699977;15,448163160603443;15,391013739855602;15,389697715895004;15,386714771004975;15,515126574074529;16,43748936029246
Lateral Fraction(LF);1,831780218448255E-08;2,0648286731221084E-07;6,757548595396614E-05;0,00017538503998944165;0,0001677430407048822;5,265501791203676E-05;2,2895627933500326E-05;8,942758928830684E-06
Lateral Efficiency(LE);7,68878257702639E-09;8,81181084942098E-08;3,0085568099978275E-05;8,498060273568969E-05;8,366319423516662E-05;2,5083895218713402E-05;1,1459959385743532E-05;4,674360661245447E-06
Receiver 10;63 Hz.;125 Hz.;250 Hz.;500 Hz.;1000 Hz.; 2000 Hz.;4000 Hz.; 8000 Hz.
Early Decay Time (EDT);0,3576287031411178;0,34931851788400636;0,4029045541109658;0,436673634103299;0,4652599487936017;0,46308634793273606;0,49400965575686245;0,6217909986940066
Reverberation Time (T-10);0,34644789632501743;0,3742926720672568;0,4540159378848802;0,469179921384974;0,5119357283108293;0,47231739182788546;0,5550594876670248;0,7207655034582982
Reverberation Time (T-15);0,35549347990406727;0,3943928926159151;0,4951842571768618;0,5564986132839815;0,5997935489397626;0,5495616884355395;0,6264148357042421;0,7761944713292129
Reverberation Time (T-20);0,37081620988769587;0,41474836388826375;0,5340927237255432;0,5987877749957005;0,677279302613784;0,6063575229424055;0,6848060958557889;0,8198212769488837
Reverberation Time (T-30);0,3898458108845295;0,4471493797628293;0,6037939448968688;0,7128565152743278;0,775976558584289;0,7430221383000766;0,8400864984876228;0,8696354796731338
Clarity - 50 ms (C-50);11,666315547401515;11,731735566136782;10,32832097934799;9,951741983788931;9,721443952574482;9,975243685884239;9,102815620145543;6,693855087726423
Definition/Deutlichkeit (D);93,64335972425019;93,74615406173605;91,54244185793317;90,83360858830754;90,37980533913611;90,87141200922368;89,07706828416983;82,44747319522013
Clarity - 80 ms (C-80);16,926809793904226;16,76077647999166;14,526489655493116;14,052542854314014;13,370389160663015;13,897131106070852;12,83227280273201;9,878167931649909
Center Time (TS);11,673611732676166;10,948518417666222;13,413922595608694;14,437264242495043;15,412795331805413;14,543608792240981;16,502647386275225;25,716396646923467
Strength(G);14,625339469769255;14,68510538494455;14,771465210164237;14,736055072422971;14,680140844364757;14,658062761218282;14,85609139267661;15,784606592499017
Lateral Fraction(LF);2,4763582188770568E-08;2,991065929144381E-07;9,974444772687761E-05;0,0002601063141625711;0,0002464118335474688;7,795726515825783E-05;3,412091551436162E-05;1,2723825533211387E-05
Lateral Efficiency(LE);1,0754420221848753E-08;1,2207190323419275E-07;4,169768673012695E-05;0,0001135739377262497;0,00012164559916584521;3,621671370897327E-05;1,5269697173428508E-05;6,576838868711698E-06
Receiver 11;63 Hz.;125 Hz.;250 Hz.;500 Hz.;1000 Hz.; 2000 Hz.;4000 Hz.; 8000 Hz.
Early Decay Time (EDT);0,3372087735160955;0,36054703016914136;0,41748359654804895;0,41259679621433676;0,4704222464483146;0,46240016042400783;0,4945887679937552;0,5887749417384218
Reverberation Time (T-10);0,3267557541666286;0,3752044240181065;0,43397440074865556;0,4776893035948019;0,5029612752227814;0,4666744960670316;0,5347368588162;0,691081217768627
Reverberation Time (T-15);0,3407305330312198;0,3913579683084847;0,4885713420530773;0,5384306481126067;0,5810801724089769;0,5247144732671192;0,5749307893585975;0,7451015637452353
Reverberation Time (T-20);0,3593718768082683;0,41206142832221143;0,5214717753687287;0,5629621990512731;0,6170388969730813;0,5650755254156921;0,6112851285780825;0,7831659402973989
Reverberation Time (T-30);0,37647086048074696;0,432152590502108;0,5711207998031013;0,6679691983052309;0,7574816506729158;0,6874998701487645;0,7656362729138346;0,8358258961935398
Clarity - 50 ms (C-50);12,556932326095467;11,768790861908446;10,491589437838453;10,060090998095546;9,296613108618839;9,68308906141761;8,904182723343459;6,898514512757064
Definition/Deutlichkeit (D);94,75103173297651;93,7763662027256;91,80806168386624;91,02505039821588;89,4830969462171;90,28911611074875;88,61067511993032;83,05854783710573
Clarity - 80 ms (C-80);17,707269699178713;16,84389545376719;14,77294827355923;14,014370892205916;13,152238226669423;13,785546097691999;12,687114785769795;10,116659080416072
Center Time (TS);10,71864501712216;10,7638789217283;13,443583898997273;14,51562675108681;16,642378987462983;15,570066208716083;17,688467104300454;24,98433514868549
Strength(G);12,334914074549758;12,363308835499712;12,643819103395664;12,78278068703014;12,760916578031072;12,698325947732549;12,796536489007067;13,39820065586111
Lateral Fraction(LF);2,08163516471312E-08;2,796919743041863E-07;9,949053633937611E-05;0,00026063738921675543;0,0002645668637527019;8,182365588718749E-05;3,3253846027716344E-05;1,1957049282754858E-05
Lateral Efficiency(LE);1,0046753065343271E-08;1,2631747425648653E-07;4,4346916778274E-05;0,00011569713216134208;0,00013603611953066642;4,316463860954276E-05;1,825393115305122E-05;6,761352035549019E-06
Receiver 12;63 Hz.;125 Hz.;250 Hz.;500 Hz.;1000 Hz.; 2000 Hz.;4000 Hz.; 8000 Hz.
Early Decay Time (EDT);0,36584091605731717;0,6340651595274865;0,5537089198095063;0,4952420880107115;0,5125304377901687;0,5067590857294269;0,5005824741888475;0,4719781706367063
Reverberation Time (T-10);0,2889597380570074;0,37141433215316033;0,4011837061267336;0,42655220061173404;0,43618659438806306;0,4325680307378119;0,43536887966223;0,41139836865206997
Reverberation Time (T-15);0,27986070805084734;0,3414026210908272;0,3703091633710858;0,40226939591057015;0,4079988806378069;0,40713653648067044;0,407385505472285;0,3904322359974279
Reverberation Time (T-20);0,2619616571781474;0,3158467030149187;0,3726060901092505;0,4175352695072172;0,4313592510496709;0,42854207305240466;0,4299800766763077;0,41713433201275224
Reverberation Time (T-30);0,2660242380943372;0,32303772724881064;0,39617084042963735;0,43053856321760536;0,445076972959945;0,44591226399671785;0,45021477696751344;0,44481621782236447
Clarity - 50 ms (C-50);15,451882701946452;14,624656773897776;12,26171181894522;11,09059050772808;10,690552709338846;10,635525682674363;10,557230816132375;10,681174393187478
Definition/Deutlichkeit (D);97,22917975731112;96,66716877412969;94,39253626506796;92,7821881053458;92,14049374025433;92,04824577993426;91,91528599855614;92,1248413172906
Clarity - 80 ms (C-80);23,63505948783486;21,537588383969045;18,216621692316508;16,462197840797256;16,018615195645985;16,02297555970784;15,855527515387497;16,187545838825027
Center Time (TS);6,590968986496052;6,022542428285005;8,982331255684503;10,944030795002833;11,70309127836752;11,867422035530023;12,075188443131477;12,056679221567089
Strength(G);9,517995766643892;9,034911041602275;9,408115951525893;9,614357880016655;9,68229411863038;9,71351676975668;9,75574409538666;9,80967648169613
Lateral Fraction(LF);1,4892922448590626E-08;1,3300183317167954E-07;5,668379937842047E-05;0,00016243962233677427;0,00016849742214447995;5,435812848177095E-05;2,2054737669164382E-05;7,244026412235056E-06
Lateral Efficiency(LE);6,363207731898077E-09;7,98205008161133E-08;3,5500674349880667E-05;0,00010291885197890512;0,00010943314525812738;3,514989474162107E-05;1,4042397610130539E-05;4,43549031531567E-06
Receiver 13;63 Hz.;125 Hz.;250 Hz.;500 Hz.;1000 Hz.; 2000 Hz.;4000 Hz.; 8000 Hz.
Early Decay Time (EDT);0,3965180901988055;0,47790087017034516;0,5315146320142717;0,5138483830339249;0,5728342625045126;0,5315696143302586;0,5640543113611974;0,536899876031992
Reverberation Time (T-10);0,3303903136740811;0,3702019302601855;0,4072578931178996;0,4330331580806565;0,43969657768938186;0,4343838473437811;0,4412928774352763;0,5211660423073283
Reverberation Time (T-15);0,3129134552899984;0,3420952191899728;0,3901971457877455;0,41797422475964885;0,44833313700084076;0,42207900261304737;0,4267474986269128;0,5862019876902687
Reverberation Time (T-20);0,3154543773659112;0,3467007190038219;0,41236912580194357;0,42125009352695564;0,4626789676082221;0,4504091990212339;0,47272508859238693;0,657396107453643
Reverberation Time (T-30);0,33408755158854314;0,3773698646446833;0,46432575438228363;0,4766518343578505;0,5272852859263927;0,529557416802773;0,6156656945958087;0,7441191788530471
Clarity - 50 ms (C-50);13,366275452794625;13,901390730434857;11,840214217203272;11,172993387604906;10,66899618184031;10,793633942382456;10,356318069773629;8,95215243755155
Definition/Deutlichkeit (D);95,59634058589937;96,08686396111477;93,8561405773632;92,90822688244185;92,10447332202978;92,31066985060622;91,56477581461692;88,70853798465969
Clarity - 80 ms (C-80);19,655902292896716;19,634437563395913;17,18726046911269;16,066662732912953;15,315927631124644;15,761709045469734;15,291687644368517;12,77295086775471
Center Time (TS);8,7665706896224;7,313800242151576;10,093614975670777;11,227885410913169;12,450576325686528;12,080733499012107;13,206928331035696;17,11081166181682
Strength(G);10,993334645544614;10,652897142892297;10,880567634874595;11,020619819112909;10,990950461379981;11,048018806313813;11,099506469452777;11,6558710019495
Lateral Fraction(LF);1,5124084813167154E-08;1,543614676972583E-07;5,824207241533077E-05;0,00016909835784335148;0,00016839516851972696;5,419826024038157E-05;2,2085975938128227E-05;7,505497274911763E-06
Lateral Efficiency(LE);8,240407277005107E-09;9,690697116901089E-08;4,133000469702495E-05;0,00011431240785608194;0,000129731427899976;3,943898991575726E-05;1,6657288170807434E-05;5,279190618579025E-06
Receiver 14;63 Hz.;125 Hz.;250 Hz.;500 Hz.;1000 Hz.; 2000 Hz.;4000 Hz.; 8000 Hz.
Early Decay Time (EDT);0,3793705818235607;0,44522264434486486;0,4957098700585074;0,5370305875527928;0,5546949575848832;0,5375999706724114;0,5684896279927631;0,6563926281055004
Reverberation Time (T-10);0,34308903418409414;0,39896008947454475;0,46939418356596796;0,5127682737973608;0,5708561918091486;0,528827139409727;0,5568547368312012;0,7183284190304683
Reverberation Time (T-15);0,3513448913185701;0,39824337027052864;0,5087780346638195;0,5537025836729601;0,5861998676121347;0,5659589596450469;0,6178240877983255;0,7615092868301195
Reverberation Time (T-20);0,3652577364798623;0,41018838929269114;0,5274354024523286;0,5884183316092292;0,6475414481656114;0,6235890064773575;0,6846782017608122;0,7961007279294094
Reverberation Time (T-30);0,3767054600315097;0,4262420411140754;0,5764067105643954;0,6715506400259434;0,7382797075604686;0,6986318046799076;0,786775681099547;0,838232544933638
Clarity - 50 ms (C-50);11,682127488478562;11,4957068906803;9,918504597446299;9,318188946981472;8,670016668066792;9,13838333825672;8,550222349396954;6,48748282668455
Definition/Deutlichkeit (D);93,64285801742041;93,38248779899732;90,75281308680373;89,52561747296205;88,0412803956147;89,13098089408213;87,74780187333295;81,6647666073131
Clarity - 80 ms (C-80);17,068046496047884;16,286752253085098;13,957627362264148;13,204445471814504;12,178251395692726;12,654238893737539;12,11786202508334;9,543571692038583
Center Time (TS);11,293303444510705;10,65565516964735;13,871063798265785;14,931479171151286;17,095836441078795;15,813896336896505;17,62513685101725;26,129007375083614
Strength(G);12,322998008206174;12,108940663257851;12,240323433551794;12,25162955969963;12,295750990012735;12,258340574912133;12,344457730388626;13,285149997126837
Lateral Fraction(LF);1,9285363080344093E-08;2,2011399620103686E-07;7,288570953996714E-05;0,0001977413328042322;0,0002007790194145594;5,829013213528056E-05;2,5093201758441275E-05;9,408254499183452E-06
Lateral Efficiency(LE);9,732134037201927E-09;1,2884488222891802E-07;4,5642414092349705E-05;0,00012084496809789286;0,00013770311228449613;3,8724889759784165E-05;1,7261842202001298E-05;6,597941381516783E-06
Receiver 15;63 Hz.;125 Hz.;250 Hz.;500 Hz.;1000 Hz.; 2000 Hz.;4000 Hz.; 8000 Hz.
Early Decay Time (EDT);0,36501521005292514;0,4135434219510255;0,48053075671406226;0,5085053717488441;0,5192729396850458;0,516726682479279;0,5702715715718898;0,6810027003921826
Reverberation Time (T-10);0,3596741843580114;0,39815568110107574;0,5271802282619388;0,5342429080105923;0,5809922497316654;0,540029600675916;0,6161591024727351;0,7785885742126801
Reverberation Time (T-15);0,37544999562759035;0,4211564651119924;0,5475173939118101;0,6017415308390579;0,6593315749015908;0,61975346996011;0,6983191398847374;0,8263780512203415
Reverberation Time (T-20);0,38624441976102836;0,4380057302531079;0,5858457745622131;0,6710515764779551;0,7231543009071629;0,7006630583704494;0,7883348724583095;0,8604293554797937
Reverberation Time (T-30);0,3971504330229985;0,46286083513527243;0,6468470483262818;0,7551731629654397;0,8211064740146884;0,8021337744689293;0,8685308759579312;0,9020677396569391
Clarity - 50 ms (C-50);10,354075590288712;10,4444833846841;8,969164934693772;8,51312750622543;8,388707910821175;8,559722821647883;7,498843339227603;5,395604043957959
Definition/Deutlichkeit (D);91,56672332583854;91,72110852788381;88,75648088127969;87,65873100496671;87,34578177522904;87,77498111934413;84,89969565361999;77,63012144617
Clarity - 80 ms (C-80);15,609527774269868;15,173642141205903;12,556182044796415;12,17677018597151;11,731769346623672;12,16216679445984;11,00525837201394;8,466656604898677
Center Time (TS);14,607788004707816;13,430523655732665;17,125224828417103;18,40002662413618;19,32641586961418;18,46233501416519;21,747422159720337;32,154848769580774
Strength(G);13,268604427702023;13,005193742083172;13,007669244671092;13,027817936469894;12,955698156343928;13,054346932924865;13,251798969277296;14,472014896779712
Lateral Fraction(LF);2,9327219993909697E-08;3,1163672876436766E-07;0,00010617355934384124;0,000267376843265473;0,000269688434196511;8,433253002693245E-05;3,564090043355574E-05;1,3658932815715244E-05
Lateral Efficiency(LE);1,3714909237814606E-08;1,6752106643213716E-07;5,725091185811955E-05;0,00015396098158935984;0,00016140846512684948;5,021030162118869E-05;2,192745679422758E-05;8,829273213887267E-06
Receiver 16;63 Hz.;125 Hz.;250 Hz.;500 Hz.;1000 Hz.; 2000 Hz.;4000 Hz.; 8000 Hz.
Early Decay Time (EDT);0,3693857580672679;0,3922979724004795;0,4672567999118989;0,487500657427503;0,5100861139383345;0,4813923370184394;0,5277162226579817;0,6849800442553948
Reverberation Time (T-10);0,3574717785204621;0,40019278097764527;0,5167008048887564;0,5450498024855215;0,5879560073947704;0,5636172125709662;0,6528571343749633;0,7949966820855654
Reverberation Time (T-15);0,37171778806540184;0,42574550801549543;0,5628694852420931;0,6306887294451632;0,702152903767403;0,6430862640898075;0,7190552752470843;0,8345463600213638
Reverberation Time (T-20);0,3838974837143714;0,44514929803925574;0,5978093621006925;0,6616590692747467;0,771096464726989;0,703820102821027;0,8063612393150753;0,8654664755019004
Reverberation Time (T-30);0,4005960963831522;0,47615050949273363;0,6486514340501899;0,7717990935726854;0,8448921917302614;0,8256698875058938;0,9074158344375018;0,9022865132014262
Clarity - 50 ms (C-50);9,919561414512302;9,807474596183349;8,414634724133437;8,023939844235668;7,797510624355275;8,164920828728183;7,343837140280833;5,034607345100046
Definition/Deutlichkeit (D);90,76912867131439;90,56089408854304;87,42611198723085;86,39657521770029;85,7824720054471;86,76537791906888;84,44494679539287;76,1626120790241
Clarity - 80 ms (C-80);15,193060339215751;14,527524586459212;12,229556510314481;11,778480056960042;11,305058501435267;11,830508192178272;10,812707308358778;8,125609030695307
Center Time (TS);16,07988098704315;15,497240188161225;19,42330789479731;21,106858695242558;22,079367084160943;20,40235108670618;23,837833633630847;34,63515257990328
Strength(G);13,000670033648774;12,911128485297013;12,927619696633542;13,065481664094094;13,136744697361486;12,934323279440534;13,407727621387131;14,556067005781543
Lateral Fraction(LF);3,330534452656033E-08;3,852402414956389E-07;0,0001302811908368248;0,0003266320276783047;0,00032891190860029947;0,0001001687221069726;4,34659019680857E-05;1,6075190373494446E-05
Lateral Efficiency(LE);1,6074422452526715E-08;1,962861887701816E-07;6,875796763921526E-05;0,00018497056997708952;0,00018405750663097253;5,6010802512261824E-05;2,4953391058840776E-05;9,448766173760995E-06
Receiver 17;63 Hz.;125 Hz.;250 Hz.;500 Hz.;1000 Hz.; 2000 Hz.;4000 Hz.; 8000 Hz.
Early Decay Time (EDT);0,34342788646265343;0,3952807183249021;0,45631028015724334;0,4754278444038631;0,4735590594266883;0,4568348187795999;0,4927742624970727;0,5983424122592236
Reverberation Time (T-10);0,3300535892446994;0,37391014306047027;0,43072342334321745;0,4835034741059106;0,5065353629451917;0,46120393407090376;0,5805094286714235;0,7120830685814264
Reverberation Time (T-15);0,3458681468037638;0,3921025530699132;0,4829793854678496;0,551775144979856;0,5703934051427337;0,5348153663406446;0,6066121241416539;0,7502912997832468
Reverberation Time (T-20);0,36101882124510076;0,4115179781813584;0,5227170497582755;0,5628125900665576;0,6491854979892345;0,5940656919443246;0,643361361553247;0,7952021836730273
Reverberation Time (T-30);0,37854933472705304;0,43491508684689195;0,5839443518665555;0,6817639298953232;0,7899908083771646;0,7256418837860011;0,799458038804796;0,8508392995249281
Clarity - 50 ms (C-50);11,100748556896647;10,379789000272703;8,742917419642314;8,255586406620433;7,884448052180084;8,420739983154327;7,514084516741643;5,821594614375163
Definition/Deutlichkeit (D);92,7978362050724;91,61000281403382;88,22312164710154;87,00085960416206;86,00206218643656;87,42875043383134;84,94356857247213;79,29495936381254
Clarity - 80 ms (C-80);16,805163248541042;15,619839866560653;13,399460042918225;12,665040340948515;12,207744949855623;12,917314341208089;11,500426134936134;9,343889599272625
Center Time (TS);13,02954036666448;13,55855135860592;17,62312002895138;18,820129443663184;20,22254343598572;18,88593406367071;21,758286390527548;29,43222370164095
Strength(G);11,138591599416507;11,018166390395024;11,231753755745352;11,510453255741488;11,69932258641176;11,34933371810861;11,676001652931461;12,344766772276671
Lateral Fraction(LF);2,4277170048616218E-08;3,175068084242647E-07;0,00011385694505494363;0,0002960260773389608;0,00029853523703842583;9,601089485246323E-05;3,799200201366645E-05;1,3340974988077528E-05
Lateral Efficiency(LE);1,1144280310840995E-08;1,6562318622520294E-07;6,0482712870754595E-05;0,00015343081901410995;0,0001709742344263831;5,502365338040919E-05;2,1090382294753603E-05;7,88314272493774E-06
Receiver 18;63 Hz.;125 Hz.;250 Hz.;500 Hz.;1000 Hz.; 2000 Hz.;4000 Hz.; 8000 Hz.
Early Decay Time (EDT);0,31607195533352533;0,4548436960389909;0,4733794080145039;0,48733476935852105;0,5036218385745829;0,4950875614039264;0,4917922681715985;0,4729495501216341
Reverberation Time (T-10);0,2816573963193192;0,3577113960676813;0,37637385528064315;0,41770400131316376;0,43272375655184225;0,4291357796922427;0,4305890413316774;0,4260660914298257
Reverberation Time (T-15);0,26689386773038837;0,33741932370060895;0,38415807450832595;0,4170934784532723;0,42336631157186455;0,41869812098703013;0,42074080970872296;0,41327512501060387
Reverberation Time (T-20);0,2692975696577222;0,33469763020972215;0,37941128647799144;0,41442136090599;0,42742763316814564;0,417287964040198;0,41907521732500297;0,4112272465127428
Reverberation Time (T-30);0,269197773715821;0,31732370797296683;0,36883266582925467;0,3981741808653385;0,4085711807116672;0,4124470856442309;0,4154237356967578;0,427360794748807
Clarity - 50 ms (C-50);14,160005719623943;13,108268593046425;10,656015932518761;9,555903503075378;9,089280648313746;9,075204614375293;9,010746056821274;9,113939736709556
Definition/Deutlichkeit (D);96,30472287252287;95,33936189537515;92,08271090647585;90,02789701067331;89,02096357350521;88,98924586977162;88,84297315077309;89,07633515168055
Clarity - 80 ms (C-80);21,73788860351944;19,249195266948643;16,02298592905481;14,455179774465881;13,891334715652281;13,935916028065842;13,858012571887574;14,012451858888452
Center Time (TS);8,64599994258188;8,474429879314004;12,514510292882333;14,998118259390612;16,0965052458749;16,197802065309613;16,451160552935043;16,3618157412513
Strength(G);8,324365074067295;7,794030400681933;8,290525467409445;8,592395327190225;8,689251730194975;8,733557696830644;8,786880816128985;8,835226201247536
Lateral Fraction(LF);2,1589266132150356E-08;1,9396601583396464E-07;7,999036890422998E-05;0,00022525252655311668;0,00023266078753331212;7,470135901509828E-05;3,0432910738291195E-05;9,817135942781921E-06
Lateral Efficiency(LE);6,000847406309415E-09;8,169673075740768E-08;3,7425624492525815E-05;0,00010728648595767128;0,00011402053155556689;3,635823467795048E-05;1,4673034710447188E-05;4,518081455870665E-06
Receiver 19;63 Hz.;125 Hz.;250 Hz.;500 Hz.;1000 Hz.; 2000 Hz.;4000 Hz.; 8000 Hz.
Early Decay Time (EDT);0,3875443774598514;0,5283479673011321;0,48745304123288985;0,5086074917174639;0,5247266448808251;0,5093389428111629;0,5121589843543689;0,5717928858329956
Reverberation Time (T-10);0,3062248459662631;0,3858593903497069;0,3880493577140435;0,42417880983189976;0,46110069996412134;0,4280114452669776;0,4545820957271051;0,5825866244470074
Reverberation Time (T-15);0,3095657569610244;0,3673149363563757;0,4095909269956407;0,4445764878440694;0,4827351673258212;0,4469103654425643;0,4869282520979997;0,6418931981990031
Reverberation Time (T-20);0,3213227782390992;0,37782526614525225;0,4356899752540613;0,45931504466064405;0,5548672806072349;0,4856512463867797;0,5452391040541764;0,7058360186193461
Reverberation Time (T-30);0,34375216845290896;0,3891436672873448;0,48404256988279704;0,5420494309206078;0,6329878850352133;0,6015073757713999;0,646327090629737;0,7809255109121358
Clarity - 50 ms (C-50);11,943261097061937;11,463652400708831;9,746577572827558;8,807810446519913;8,170671132697908;8,394658500235595;7,979664003457101;6,598758828451245
Definition/Deutlichkeit (D);93,99154674459615;93,33673100294794;90,41518733166583;88,37132289293525;86,7768012940822;87,35746479050687;86,26392061192638;82,04531114274836
Clarity - 80 ms (C-80);17,93943683913517;16,988784402230163;14,458664983732133;13,49620645137399;12,574558772630871;13,070462366958289;12,47639500903638;10,268087648424762
Center Time (TS);11,829789690294326;11,230935510613342;15,14267666698046;17,085047556859383;18,92332468965097;18,4625738615074;19,97062250076045;25,436277765611717
Strength(G);9,459873826958827;9,001254759815051;9,400359313634773;9,578163373473664;9,617041407591039;9,67400542312059;9,812089502622499;10,292751297174817
Lateral Fraction(LF);2,1709403153603978E-08;2,1580114023877472E-07;8,73889007553845E-05;0,00023300119929330326;0,00024158085785378093;7,890526947942249E-05;3,2634130687929526E-05;1,0592622153553944E-05
Lateral Efficiency(LE);9,261566479474214E-09;1,3305649698163447E-07;5,640491583010225E-05;0,0001526670234005295;0,00016469634722068415;5,223959666037427E-05;2,2034391030607226E-05;6,910173554605077E-06
Receiver 20;63 Hz.;125 Hz.;250 Hz.;500 Hz.;1000 Hz.; 2000 Hz.;4000 Hz.; 8000 Hz.
Early Decay Time (EDT);0,3688316284079529;0,4344658442085555;0,4738597783019297;0,5249546612412498;0,523517642306166;0,5183255701418685;0,5231988025510971;0,6709796349438909
Reverberation Time (T-10);0,31810573867219755;0,3763026018451276;0,47975177534897706;0,5093302328140283;0,5596775739466138;0,5152429020981504;0,5610175012142273;0,7214643932454191
Reverberation Time (T-15);0,3433411042416608;0,39149696399322587;0,49959473390877357;0,5326688910857753;0,6250809485247998;0,5468888006899354;0,5943245037429388;0,765404661241082
Reverberation Time (T-20);0,35782371963410564;0,4072061995847597;0,5158217602018316;0,5768943885020452;0,6659799578625105;0,5943441263494268;0,6677694345475234;0,7961788080812405
Reverberation Time (T-30);0,37504761306097517;0,41965639412928674;0,5720194838238617;0,663294373625748;0,7471768704725319;0,7064309882314135;0,8084615124220524;0,8421912623436866
Clarity - 50 ms (C-50);10,621801113351397;10,002869830750619;8,58944813425819;7,924522643116745;7,422519569291074;7,571538107152929;7,218289974516736;5,069315710970802
Definition/Deutlichkeit (D);92,02508410329605;90,91455061438803;87,84457537962446;86,11277917467501;84,67192918912512;85,11198176298207;84,05160407483282;76,26481379531846
Clarity - 80 ms (C-80);15,974997552933685;14,718951324597878;12,128442006658402;11,74221542915015;10,727025837895702;11,239218310360204;10,680394849724703;8,107131769451772
Center Time (TS);14,824634198899348;14,641800981290883;18,77533360311336;20,26663376526279;22,821475626469542;21,670155862653363;23,641736632724182;33,641621865342174
Strength(G);10,64822091409917;10,204712877517387;10,449337393973622;10,467373720278786;10,677076286360972;10,634854206238472;10,791904750072504;11,800439022701774
Lateral Fraction(LF);2,6407677078384406E-08;2,8724734719263323E-07;0,00010162825236354283;0,0002667880294366446;0,00029009854111786604;8,934862242302935E-05;3,629506697382025E-05;1,3259020341017263E-05
Lateral Efficiency(LE);1,2236753353013196E-08;1,7490550079944198E-07;6,549242719891856E-05;0,00017596499138966827;0,00019859292889045515;5,838091230950341E-05;2,415956802921751E-05;8,818912663393901E-06
Receiver 21;63 Hz.;125 Hz.;250 Hz.;500 Hz.;1000 Hz.; 2000 Hz.;4000 Hz.; 8000 Hz.
Early Decay Time (EDT);0,36148318522429757;0,4117429506009993;0,45114238550299235;0,49851725429207205;0,5201453423951338;0,5080948247715185;0,5255954068818426;0,7006644532989064
Reverberation Time (T-10);0,3541143443670296;0,4022359773919104;0,513430350123875;0,5380521972954768;0,5760379345295906;0,5529199291633565;0,61167231819074;0,7790735777658537
Reverberation Time (T-15);0,3703793933878055;0,4229254859949741;0,5432946026632487;0,5840024197627187;0,6599707014036308;0,6151490073828777;0,670508975977655;0,8171948836755561
Reverberation Time (T-20);0,37875663292195905;0,4337862409319077;0,5829544324512843;0,6450524198295945;0,7090932039005535;0,6553789237621109;0,7635743073610194;0,8481466295268456
Reverberation Time (T-30);0,3924720394553075;0,4601179436964167;0,6416616459844648;0,7445828834535693;0,8081366377522206;0,7799977823201775;0,8540453124624896;0,8876467798195541
Clarity - 50 ms (C-50);9,636632886902042;9,403296802274369;8,192225023015165;7,704254210496621;7,3817050054858155;7,5416336991187745;6,864248806132291;4,4031951398574085
Definition/Deutlichkeit (D);90,19392516490157;89,72470065198766;86,83794029001713;85,50291935386085;84,55421087901132;85,02771071029703;82,93096878334433;73,43617970039895
Clarity - 80 ms (C-80);14,91129774310963;13,942826808425174;11,804489680804615;11,393153313489957;10,790149639312048;11,11775358279727;10,437308590328996;7,4524927728363375
Center Time (TS);17,714427173448524;16,99227930527522;21,122792185198378;22,14288882684137;23,73966897910229;22,91466256692739;26,107975547544783;38,68353931938341
Strength(G);11,70819891161998;11,0198044630564;11,271986907417237;11,224002477306996;11,205143979681615;11,269036108097438;11,538755448189718;12,936840791996822
Lateral Fraction(LF);3,564684908120052E-08;3,7755048792794207E-07;0,00012581029817537034;0,00032355567196989845;0,00032937718645398154;0,00010319512301507174;4,35615305347582E-05;1,6311234256890243E-05
Lateral Efficiency(LE);1,5510946119484282E-08;2,071468258512537E-07;7,443656616071621E-05;0,00018461822310915835;0,00019202452911177965;6,232032163938169E-05;2,7557879665859158E-05;1,0711020460964572E-05
Receiver 22;63 Hz.;125 Hz.;250 Hz.;500 Hz.;1000 Hz.; 2000 Hz.;4000 Hz.; 8000 Hz.
Early Decay Time (EDT);0,36477356694926066;0,4024167337267891;0,4689187469094764;0,471530848115074;0,4998588318246226;0,4769347330066643;0,52160181603997;0,697925706324134
Reverberation Time (T-10);0,3581525715989684;0,40369705387582405;0,5090656730276565;0,5639439841657654;0,5890898235401195;0,6023310931044148;0,6429316439399149;0,7856966603608796
Reverberation Time (T-15);0,3707029768812779;0,4260747845751081;0,5473806612638638;0,6205925029322161;0,6795963965845881;0,6448384235802923;0,7126588864023211;0,8159459156670903
Reverberation Time (T-20);0,37949703093838005;0,4468827915197842;0,5816421883916556;0,6389833141447652;0,7635840077481364;0,6848310802481439;0,7892669566112839;0,8485021137641743
Reverberation Time (T-30);0,3961850557888209;0,4685351717996865;0,6347068006489511;0,7542222967220248;0,8381441875269948;0,8171376059906914;0,8662515515438889;0,8846932498326405
Clarity - 50 ms (C-50);9,358807917158703;9,170440829810117;7,60759856436501;7,662006080964117;7,225254836638512;7,594468511699422;6,858470979113493;4,340599707084141
Definition/Deutlichkeit (D);89,66360807519402;89,22769685201717;85,21987681738679;85,38123409667905;84,07730188858623;85,18339607383409;82,954307156866;73,24520315592186
Clarity - 80 ms (C-80);14,740427844629505;13,795553908955807;11,422047836884317;11,27450111350798;10,987960327195568;11,052975109052808;10,133268580436624;7,369305316630754
Center Time (TS);18,433191587674788;17,963386528349584;22,978427291073608;23,43284628037473;24,93749217483453;23,63449728156461;27,178638427975514;39,175437502306615
Strength(G);11,6333682810264;11,127727649397354;11,354194596681808;11,473512247002951;11,466123631292191;11,470526344222748;11,824899636916257;13,240702922061075
Lateral Fraction(LF);3,6704063227146734E-08;3,9594806907319707E-07;0,00013873604000754655;0,0003551373387501556;0,00034793870975126866;0,00011027994043885524;4,640133413186308E-05;1,705066180296734E-05
Lateral Efficiency(LE);1,59961700620035E-08;2,1598207616960413E-07;7,665828278632209E-05;0,00018881508049128497;0,00020438150637213667;5,736573257179492E-05;2,6275916992151806E-05;1,0216338333873742E-05
Receiver 23;63 Hz.;125 Hz.;250 Hz.;500 Hz.;1000 Hz.; 2000 Hz.;4000 Hz.; 8000 Hz.
Early Decay Time (EDT);0,3461595519985221;0,4140603085313351;0,43182353770109594;0,4347537267175366;0,4588738918046446;0,4730757535687283;0,5013049897237666;0,6256852918465019
Reverberation Time (T-10);0,3357148052267762;0,3942297414173917;0,48177221099545303;0,5164471930092849;0,5420743723066235;0,572268381727879;0,6044772365315386;0,7203382919078636
Reverberation Time (T-15);0,3547501506744374;0,4036143332432679;0,5055227350259305;0,5659965611241599;0,5815062796367494;0,60619649582109;0,6292671884695009;0,7616121724882308
Reverberation Time (T-20);0,3667240955459712;0,41367633816733324;0,5238196184025206;0,5939183830218284;0,6869794467580842;0,6587617735704835;0,7035964938411472;0,8177594274189975
Reverberation Time (T-30);0,38219766774359265;0,43623178407869984;0,5867854790434175;0,6934165012207606;0,798232499212031;0,7617458618990701;0,7930780202292018;0,852196870849577
Clarity - 50 ms (C-50);10,596446276206153;9,65236624069752;8,242790910651175;8,038239029416651;7,576120025716494;7,514018085519618;7,046161981815949;5,169075745980964
Definition/Deutlichkeit (D);91,98764477468639;90,22553812705421;86,9683451904884;86,4273363574904;85,1288964735414;84,94407097558573;83,51311892663935;76,7421358026884
Clarity - 80 ms (C-80);16,130547325000382;14,497665466220838;12,321445832968287;12,00869842452928;11,447912844758168;11,360997868216243;10,510121011713824;8,505919422716676
Center Time (TS);14,87550514931259;15,849621116260405;20,584828890935167;21,932682717942743;23,494424285144746;23,599578437980504;25,37274089187681;34,115400437349244
Strength(G);9,9723921083989;9,674116511517425;10,155567441620356;10,368850698391789;10,456238014131657;10,1687227267633;10,515199294721697;11,457750801808388
Lateral Fraction(LF);2,8472332941578783E-08;3,317620322431421E-07;0,0001277922062389544;0,00033469373934019297;0,00034149711149514066;0,00011150656724991918;4,291399727179696E-05;1,5337967770044924E-05
Lateral Efficiency(LE);1,1012349943766641E-08;1,6716607649447307E-07;6,27749009597115E-05;0,00016292628512604436;0,00017569259115119925;5,2803669275779195E-05;2,157067821645644E-05;8,2290140075542E-06
Receiver 24;63 Hz.;125 Hz.;250 Hz.;500 Hz.;1000 Hz.; 2000 Hz.;4000 Hz.; 8000 Hz.
Early Decay Time (EDT);0,28552954385317625;0,4449263048125299;0,5013752887598782;0,5050160281716803;0,5020932239306805;0,49835132432875723;0,4934942261497112;0,4792455540930344
Reverberation Time (T-10);0,3170046477812777;0,3679645761926646;0,3706918030163171;0,4102466267450958;0,4290628881470288;0,4193381796580954;0,42430371332307704;0,41710537926402275
Reverberation Time (T-15);0,27218692936416156;0,3336000586150198;0,3751771507180996;0,39691996030596743;0,4060890850409693;0,4019946778922767;0,4052219659455959;0,40412506965660494
Reverberation Time (T-20);0,2717536199872866;0,3287489405682725;0,3650222805633973;0,3989173473979823;0,41003938989094535;0,4069593193004738;0,41232352517979237;0,41877266995267154
Reverberation Time (T-30);0,2628645818761138;0,3224407545449347;0,38731644989980474;0,4135427216909687;0,4271853025741275;0,41582912833961466;0,42477656141575143;0,4511444367634814
Clarity - 50 ms (C-50);13,566707920639217;12,426151267066576;10,008325068792733;8,891389163036965;8,410813968653608;8,368429602291764;8,393304412574317;8,502385114612048
Definition/Deutlichkeit (D);95,78658815131908;94,58961310595838;90,92492078749474;88,56763383456804;87,3984914189753;87,29061353703842;87,35402091655223;87,62888674228884
Clarity - 80 ms (C-80);21,00628726081235;18,41693719286179;15,203269799515711;13,735546095115978;13,10244843342862;13,229711526506843;13,145165212922578;13,387221623538355
Center Time (TS);9,380494326579564;9,961393403880487;14,591450455355321;17,28774006700774;18,64449737263412;18,68657952190143;18,80246078516072;18,615784339202527
Strength(G);7,188762711005161;6,636597693547543;7,2454257268905735;7,589150918609214;7,738069755831141;7,790234182652981;7,832597706082581;7,886756101419017
Lateral Fraction(LF);3,012536186284218E-08;2,515526972914962E-07;0,00010297650908061467;0,00028384296461282833;0,00029270926454368274;9,462152303410054E-05;3,8440937890503547E-05;1,2737064138997727E-05
Lateral Efficiency(LE);5,758488054445252E-09;8,463432395384467E-08;3,900689568494258E-05;0,00011148807946997323;0,00011844382074951054;3,79011682381608E-05;1,5146991403681687E-05;4,683142910373721E-06
Receiver 25;63 Hz.;125 Hz.;250 Hz.;500 Hz.;1000 Hz.; 2000 Hz.;4000 Hz.; 8000 Hz.
Early Decay Time (EDT);0,36703814375268184;0,4406707984710354;0,49782466243403956;0,5146240370534971;0,5285064600645593;0,5114316523573345;0,542205796055355;0,5680694778514023
Reverberation Time (T-10);0,3181405065359218;0,3342237182924148;0,3873225282277258;0,4193436931396053;0,4566868939965974;0,4088173983868651;0,4590983873083053;0,5725075953533385
Reverberation Time (T-15);0,31382053584036834;0,3400477287431351;0,4001253101015136;0,4411866242673012;0,5315648515319423;0,4443763833444908;0,5036546656944406;0,6741474377298462
Reverberation Time (T-20);0,3166571010732862;0,3467345001401269;0,4530212254405514;0,49279903486617305;0,5914196099575555;0,5131833867947605;0,5634179484796583;0,7315297473208721
Reverberation Time (T-30);0,34473290393891826;0,3877082389438362;0,4981037163585746;0,5793671609414281;0,65415772814134;0,5974861439586231;0,6782726414409832;0,7977254841852319
Clarity - 50 ms (C-50);10,701263546095783;9,771509449489644;7,805342501187928;7,149168156146018;6,642687540791008;6,876652467374652;6,243727767231997;5,35347546470338
Definition/Deutlichkeit (D);92,15833532975233;90,46482233149912;85,78134262273663;83,83709545412104;82,19383174040503;82,96865966412786;80,8093802829816;77,4287865954757
Clarity - 80 ms (C-80);17,112424717271654;16,075923478128868;13,69658762405686;12,83526126347458;11,94635737405699;12,612143294936475;11,261743348728391;9,828626279561515
Center Time (TS);13,640320698522235;13,876987305213811;18,7417042875802;20,460296555029707;22,756435024214188;21,600594341872405;24,24703325787698;29,334717241812022
Strength(G);8,263964242680327;7,7187301510299555;8,258147555370144;8,504863390209358;8,637995135840399;8,650488420178405;8,815863895551203;9,364037776173028
Lateral Fraction(LF);3,0156175108012995E-08;2,965730168986283E-07;0,00011484280339177835;0,0003125117244740434;0,00032168969188709206;0,00010308473449311232;4,168477797164045E-05;1,3395272001528534E-05
Lateral Efficiency(LE);9,037433098353258E-09;1,4143787197937897E-07;5,638392124310821E-05;0,00015413660972268042;0,00017223802494034234;5,326485795348706E-05;2,2101673705328037E-05;6,892348898742012E-06
Receiver 26;63 Hz.;125 Hz.;250 Hz.;500 Hz.;1000 Hz.; 2000 Hz.;4000 Hz.; 8000 Hz.
Early Decay Time (EDT);0,3549112232392084;0,4270981540884998;0,4791819797839626;0,5070768419693144;0,5411472548992816;0,5193067633356773;0,5307153925026306;0,6823166932443401
Reverberation Time (T-10);0,329412508254698;0,37721744078683755;0,4934756875108594;0,5161974993506598;0,574970581328143;0,512687916637028;0,5957049332311701;0,7359459233964579
Reverberation Time (T-15);0,35094455134113667;0,39841820776963743;0,5209271339966338;0,5622927334588548;0,6805200223328707;0,5880366313788943;0,6601939435076236;0,7882875101628617
Reverberation Time (T-20);0,3630072399258695;0,4086514527913264;0,5466393572735557;0,6043462615000013;0,6880021538416595;0,6466342303545409;0,7215144599990764;0,8162765068380943
Reverberation Time (T-30);0,3799545999721066;0,4284104027317206;0,5783092326421697;0,6892830803430388;0,7672941310641848;0,737201243814223;0,8090555098800205;0,8445500014711889
Clarity - 50 ms (C-50);9,76994642653173;8,59676010253432;7,166166751105003;6,570248041843488;6,05945896907159;6,126482577957342;5,8806536010086665;4,039283948186158
Definition/Deutlichkeit (D);90,46171739432317;87,86254166678333;83,89006289493408;81,94840092386245;80,14277784266648;80,38723469232177;79,47943136228774;71,70914141519354
Clarity - 80 ms (C-80);15,38650950856364;13,964178338349523;11,576656194711237;10,89672466809327;10,048123892553779;10,659408416820169;9,724531439009642;7,375836660634839
Center Time (TS);17,454137085494086;18,41375885379982;23,085996128161195;25,078303150920547;27,97713957200044;26,50666600504375;29,25324647535484;39,50923116117709
Strength(G);9,533858163032214;8,891495820810714;9,371403645456752;9,48133758366346;9,658072312446706;9,592030797997289;9,911931317739835;11,077889992925726
Lateral Fraction(LF);3,459792137169213E-08;3,9674108697554226E-07;0,00013707980992130084;0,00035085773654628744;0,00037585802903879125;0,00011594966964898421;4,830134590029437E-05;1,6499449998125902E-05
Lateral Efficiency(LE);1,2747470490923163E-08;2,0718315320026946E-07;7,411493742583204E-05;0,0001914523791398186;0,0002077392503371581;6,283157674966129E-05;2,6463500602057814E-05;9,266597723435936E-06
Receiver 27;63 Hz.;125 Hz.;250 Hz.;500 Hz.;1000 Hz.; 2000 Hz.;4000 Hz.; 8000 Hz.
Early Decay Time (EDT);0,35608932862378956;0,4217629415713977;0,4852648655369906;0,5146804454165542;0,5520789416902321;0,5451359594249496;0,5623358118996881;0,7375925787482812
Reverberation Time (T-10);0,3629163237677676;0,4127989855564388;0,5648126284098266;0,5957045681350778;0,6364511690380764;0,6172437634030721;0,6766283770409139;0,8021345801863838
Reverberation Time (T-15);0,3802469999680953;0,4352324018701718;0,5685943176265014;0,6358745326019994;0,7128540245938777;0,6531117016583203;0,7464520315828783;0,833532979970783
Reverberation Time (T-20);0,38640396928255366;0,4446342539901717;0,6024745187880943;0,6954693206130943;0,7426447311684163;0,704752583296154;0,8114163395325473;0,858004778032467
Reverberation Time (T-30);0,39823889889758735;0,46727788807705767;0,6523085497175417;0,7652348822879604;0,8423243617107101;0,8060726411451573;0,8651186709956112;0,8868539616471485
Clarity - 50 ms (C-50);8,807109725465136;7,926008728176489;6,5979023066076845;6,0793437490848525;5,697487509028916;5,917077984904743;5,47395987842454;3,3071146340093227
Definition/Deutlichkeit (D);88,38208850274728;86,13427844381458;82,05496795640052;80,28473226138915;78,78300819326594;79,64256399939865;77,90994053244002;68,25844132403226
Clarity - 80 ms (C-80);14,070699257481788;12,773162567997485;10,245931216027746;9,986609684242007;9,328538569029476;9,686239248353907;8,871146993962617;6,355881672318388
Center Time (TS);20,84844477667883;21,836663892630277;27,300949548552992;28,815691350820618;30,85584817266346;29,60454150691162;33,36383298823904;46,103648873214496
Strength(G);10,8306965011298;10,010644982422797;10,406475367516187;10,523041378709252;10,676599953722203;10,522849221373704;10,909698815501685;12,595226637829022
Lateral Fraction(LF);4,515412273418855E-08;5,344238998412461E-07;0,00017294709788340395;0,00044453045045465513;0,0004589651177633663;0,0001341425266563181;5,870444922099695E-05;2,0367833817531893E-05
Lateral Efficiency(LE);1,793260302791726E-08;2,816838662424568E-07;9,653006363849695E-05;0,0002459576016424227;0,00023092343758704146;7,629917951641337E-05;3,248703935793455E-05;1,213800680301156E-05
Receiver 28;63 Hz.;125 Hz.;250 Hz.;500 Hz.;1000 Hz.; 2000 Hz.;4000 Hz.; 8000 Hz.
Early Decay Time (EDT);0,36204875057923475;0,4284213779912059;0,4867499653050531;0,5051213469572997;0,5324572394487077;0,5148232977032628;0,5605997241579043;0,7462877238758145
Reverberation Time (T-10);0,36910588164663904;0,42873335808058044;0,553902639121888;0,6446909156720938;0,6659288193131555;0,658084616309287;0,7047489112139252;0,8122028799741084
Reverberation Time (T-15);0,38302761872220875;0,44529705007175363;0,5760538539435147;0,657675793701808;0,7410928132855102;0,6858813560979236;0,7649044396748063;0,8413798139764566
Reverberation Time (T-20);0,3907272294218861;0,45823206338288947;0,6097766436115198;0,6800497537479852;0,7978531376818815;0,7180439954638225;0,8226946983670992;0,8669531819121837
Reverberation Time (T-30);0,4026683038025622;0,4778181512589839;0,6518617685503807;0,7796073162885582;0,8767199480729486;0,8309343982324185;0,8664762903214596;0,8886584259684454
Clarity - 50 ms (C-50);8,720018559402472;7,837071270462053;6,332510418743516;6,293101700775764;5,912397288138313;6,281698700081916;5,4598828380563615;3,0991719079763316
Definition/Deutlichkeit (D);88,18202210902125;85,87475663298733;81,23118611157174;81,03866956597791;79,65299586319924;80,96647959217678;77,85410515076403;67,16178513653797
Clarity - 80 ms (C-80);14,00843739326309;12,584572489837527;10,388045801742765;9,86482565125186;9,577219131208668;9,822295167606514;8,872689642726437;6,229881871231111
Center Time (TS);20,897230998666938;22,24075964282337;28,391889666088574;30,094093098908484;31,490087483728722;29,732261249536066;34,39047408612884;47,354422117869866
Strength(G);10,881561639890709;10,219209977256384;10,764088682381612;10,880289805877226;10,928560062027792;11,023686537447333;11,32389972477322;12,781512950525283
Lateral Fraction(LF);4,318560847188559E-08;5,023422955801147E-07;0,00018510667935236897;0,00047535483570804377;0,000465731845751926;0,00014407020680314565;6,223376771557522E-05;2,113969649455245E-05
Lateral Efficiency(LE);1,7067558849395973E-08;2,6127305186334464E-07;9,098328433870004E-05;0,00023368161468873154;0,00023390372711810112;6,672284905521748E-05;3,1186899985212334E-05;1,1851719038961866E-05
Receiver 29;63 Hz.;125 Hz.;250 Hz.;500 Hz.;1000 Hz.; 2000 Hz.;4000 Hz.; 8000 Hz.
Early Decay Time (EDT);0,3333553782078776;0,3959738403690367;0,4460362027739422;0,46273867065102586;0,4963654545481019;0,4567784792792149;0,5111515020823412;0,6783380459795556
Reverberation Time (T-10);0,35430887983029985;0,41742583359522717;0,5258302738559202;0,5835353864562717;0,6180308779608188;0,5967395458988654;0,6510347301763142;0,7615495181838277
Reverberation Time (T-15);0,3726574481592385;0,4289080643842655;0,5259688930471877;0,5977692521422258;0,6573502912003615;0,636893687628904;0,6539026390956983;0,7976867238121719
Reverberation Time (T-20);0,3760714069833667;0,4274932559942428;0,5416026109615828;0,6183824577090865;0,747106668299191;0,680421625177692;0,7204652732101687;0,8373495141537355
Reverberation Time (T-30);0,3865842552131943;0,44561587062143154;0,5949527884467899;0,7227272945970428;0,823172318215151;0,7722844807626766;0,8253926024055191;0,8556778046238519
Clarity - 50 ms (C-50);10,131557454601083;8,82744926213049;7,380573946655255;7,004508311447422;6,763079323579833;7,102299480867823;6,378130129726597;4,242251303259443
Definition/Deutlichkeit (D);91,15635676889104;88,41771231864888;84,54615756302303;83,3806368808306;82,60244495292918;83,69032502259078;81,28473498878472;72,64756787238755
Clarity - 80 ms (C-80);15,1559775368899;13,43667205921157;11,285797217669089;10,797877525659938;10,319026542370667;10,782549506918507;9,814135803970354;7,505740020871193
Center Time (TS);16,99291245208821;19,473398440545434;24,512611971261;26,836016593587168;28,24719212412909;27,16410201632589;29,45973229208169;40,00650259753142
Strength(G);9,235048694001875;8,873787552894726;9,661236122767903;9,809548208073323;9,829977951609095;9,93841857373431;10,06926217447316;11,03833136093644
Lateral Fraction(LF);3,508807275028069E-08;4,246172655726382E-07;0,000160018352459675;0,00042885790848463815;0,00040788391107357547;0,00013789366402061265;5,267199761014008E-05;1,7887545657969817E-05
Lateral Efficiency(LE);1,13898051894971E-08;1,8395899832947965E-07;7,00901004143988E-05;0,00020004105799342913;0,0001954651874423523;5,955229465595849E-05;2,3551448602000757E-05;9,488421063109988E-06
Receiver 30;63 Hz.;125 Hz.;250 Hz.;500 Hz.;1000 Hz.; 2000 Hz.;4000 Hz.; 8000 Hz.
Early Decay Time (EDT);0,29431758583051104;0,42453105765087007;0,4725918537185744;0,4864948925012823;0,5001475797187945;0,49701758257757733;0,4954889236790059;0,47718609595326134
Reverberation Time (T-10);0,3466808627157967;0,36447413238582554;0,35074157741879936;0,3942821525813083;0,4112141327930141;0,403854871349272;0,4091626589105396;0,4053721576136944
Reverberation Time (T-15);0,26690052252564983;0,3157969501747676;0,3627055417820878;0,3862888388376178;0,4024382588662459;0,39641746944034073;0,39775198778673565;0,3960367264889886
Reverberation Time (T-20);0,2668255539708474;0,3088078181426502;0,36968246473121874;0,40784130057414214;0,4406885969990291;0,4331946550906585;0,436657120079947;0,4314915643221988
Reverberation Time (T-30);0,26618730569466365;0,3341320745547212;0,40199088333604654;0,4237199722328272;0,42253072178383155;0,41421429759921324;0,4256902533824893;0,4502098596235146
Clarity - 50 ms (C-50);12,931534339406717;11,378553380968551;9,169495921024462;8,096208590966308;7,682441668393185;7,703993650360826;7,6837671213589696;7,903574522536923
Definition/Deutlichkeit (D);95,15516561775864;93,21382592545771;89,200188396573;86,57881726198688;85,43267418365748;85,49432557395832;85,4364720255378;86,05499618452474
Clarity - 80 ms (C-80);20,699259397180285;17,845355328747637;14,72814169244024;13,31623932687281;12,702697721038994;12,810542743565414;12,743923513413202;13,016086373507243
Center Time (TS);9,807141451112567;11,003496381136687;15,751449859497345;18,633791568473157;19,986534922775697;19,975279027694505;19,99553400186772;19,68794536441666
Strength(G);6,414517560789868;5,705236006492687;6,417769371781866;6,818628149103077;7,006630604216824;7,055456372132937;7,071390784691495;7,138312543562407
Lateral Fraction(LF);2,4502553828189125E-08;2,358466071652929E-07;9,576533385630068E-05;0,00026566714038358516;0,00027321091831370586;8,856835811002798E-05;3,579495661342583E-05;1,1684216115235827E-05
Lateral Efficiency(LE);5,167265837795205E-09;7,972664170953352E-08;3,590934577933098E-05;0,00010609667882854743;0,0001113507170913724;3,56058099293014E-05;1,4235303973144107E-05;4,337765842665515E-06
Receiver 31;63 Hz.;125 Hz.;250 Hz.;500 Hz.;1000 Hz.; 2000 Hz.;4000 Hz.; 8000 Hz.
Early Decay Time (EDT);0,35944130734867125;0,4347462879759358;0,47190154790901373;0,4995972774400378;0,5116794320927546;0,4842843627764872;0,5049096188805948;0,5552232710726012
Reverberation Time (T-10);0,3239749610495039;0,34050668191214145;0,39359551785409785;0,4112370030489164;0,4480540490802436;0,4254900999478756;0,4798893523015354;0,6318394023546362
Reverberation Time (T-15);0,3080618588153757;0,3498498386200837;0,4338119644527286;0,48643246941732476;0,5358699649156236;0,5100712461417556;0,5607446578151062;0,722962753095037
Reverberation Time (T-20);0,3185013353403165;0,3684468369074995;0,4929666250291105;0,5142399249361761;0,58320711230749;0,5860025367097396;0,6138035833360329;0,7705395757585657
Reverberation Time (T-30);0,35258461314009076;0,4070567598174688;0,5271042790436888;0,6098040002971219;0,6488074641647125;0,6628331514153271;0,7230364916864347;0,8173091486318155
Clarity - 50 ms (C-50);10,796506036109614;9,75608918819699;7,805241102199626;6,90721541227262;6,413499935550342;7,04116613698044;6,417373683597294;5,109271281492371
Definition/Deutlichkeit (D);92,315362662958;90,43415048545464;85,78105784609262;83,06787197112413;81,40831431343521;83,497274181818;81,42181055708467;76,43094785080999
Clarity - 80 ms (C-80);17,354015652236544;15,55440315005958;13,347806519675299;12,212678443056497;11,485521591540305;12,180819397589534;11,116643277229954;9,346174672046649
Center Time (TS);14,022632505148238;15,2914175798737;20,009850100000573;22,940111614279502;24,706891876097355;23,54585499928346;25,189562733820928;31,947479382567952
Strength(G);7,435617942965447;6,846546715792218;7,496518306009207;7,824008636896487;7,968258783350343;7,94267430030871;8,049713103407775;8,689044015477869
Lateral Fraction(LF);2,766578974807076E-08;2,657395000255692E-07;0,00010070414593034587;0,000270482654696467;0,00028038729883090544;8,873341882290094E-05;3,623606953071206E-05;1,1572335227985657E-05
Lateral Efficiency(LE);6,973064766152414E-09;1,0544325778350642E-07;4,450075898089247E-05;0,00012735780372136348;0,00013330240799908438;4,062032917041979E-05;1,6559825467893348E-05;5,474129729045997E-06
Receiver 32;63 Hz.;125 Hz.;250 Hz.;500 Hz.;1000 Hz.; 2000 Hz.;4000 Hz.; 8000 Hz.
Early Decay Time (EDT);0,34962279268618207;0,4147940170900331;0,47124714176611837;0,5124328427149032;0,5520372702808126;0,5161597248460589;0,5607613510881639;0,680836569492794
Reverberation Time (T-10);0,341171212826785;0,3968099500149683;0,4961863596192596;0,5303408757850593;0,59481726954733;0,5590743851632064;0,6414555837583539;0,7677361855617596
Reverberation Time (T-15);0,3504596221720513;0,40909433140856954;0,5444723925798945;0,5821693591551295;0,6838824086455171;0,6470823306843798;0,674434015168616;0,8157531116609137
Reverberation Time (T-20);0,3616278247430312;0,4217819713199676;0,5669025535876806;0,6404751765517592;0,7100355406112324;0,6900283183127619;0,724426692047683;0,8372049130307708
Reverberation Time (T-30);0,38173121742241156;0,4473438227820178;0,5955171175546803;0,7350452908281218;0,7867611786361167;0,752738010159899;0,7944177131884257;0,8601252245766039
Clarity - 50 ms (C-50);9,185816887482607;8,144487207073595;6,422535228247794;5,688232575502793;5,228033219614242;5,6726501447625015;5,054419549398233;3,3294418228239815
Definition/Deutlichkeit (D);89,23633801250817;86,70746616623222;81,43978176687033;78,74736540564847;76,91999390420278;78,68725530977329;76,20266997968433;68,27919451289877
Clarity - 80 ms (C-80);15,14181138426778;13,464650563952603;11,171032071924543;10,371067304958036;9,634406413248279;10,053141993718885;9,031301132977465;7,015464529590599
Center Time (TS);18,70453908638337;20,041725332298064;25,85365913747768;28,479842424586806;30,996379831601597;29,470810030381898;32,48873641298565;43,31488893973596
Strength(G);8,838308268055886;8,080776297696104;8,786818232402645;9,037592078131397;9,301783083453003;9,162539582974524;9,541207094564612;10,702338821398058
Lateral Fraction(LF);3,514967757823759E-08;3,8797493928307563E-07;0,00013961582019924194;0,00035225908947279886;0,00035343632129889547;0,00011319850305274227;4,794259455323476E-05;1,5784463770107753E-05
Lateral Efficiency(LE);1,0299404908107384E-08;1,4413856110998023E-07;5,644396219084633E-05;0,00013775737909058964;0,00014125460236767104;4,422393494091583E-05;2,005002347503237E-05;7,816880141568365E-06
Receiver 33;63 Hz.;125 Hz.;250 Hz.;500 Hz.;1000 Hz.; 2000 Hz.;4000 Hz.; 8000 Hz.
Early Decay Time (EDT);0,3615347537979924;0,4234132903638977;0,5179507206710497;0,5452389679711586;0,5604552697406645;0,5595761146594087;0,6184567584255649;0,7627943402274873
Reverberation Time (T-10);0,3721276508381188;0,42728189311491754;0,5625013710343959;0,6090056460085713;0,686797737586718;0,6552420873093684;0,7075962262366963;0,8277377430756246
Reverberation Time (T-15);0,38245653987533307;0,4422440570276836;0,594028611221645;0,6592007514434338;0,7438056309840958;0,7163708842524149;0,7725447670973009;0,8516005735042839
Reverberation Time (T-20);0,39017018402981746;0,4486329880822954;0,6150802814226946;0,721112543439309;0,7644739871898922;0,7603153479803194;0,8284945071173476;0,8690569435170762
Reverberation Time (T-30);0,40141864513079123;0,4730578549831751;0,6541352924888116;0,7818505671013065;0,8616506788863281;0,8246454426250486;0,8648130585598284;0,8864794922720041
Clarity - 50 ms (C-50);8,039509063782798;6,869461810936359;5,246979250954217;4,607105690374384;4,584711210965365;4,6056713256930015;4,1307696980200035;2,389038666736552
Definition/Deutlichkeit (D);86,4263873019292;82,94525059407171;76,99735073778724;74,28482274067463;74,18619717735675;74,27851317135278;72,13453629202988;63,43050111412091
Clarity - 80 ms (C-80);13,539340710588569;11,884529456819564;9,564998359680102;9,044682999516988;8,536311789863843;8,823264487631327;7,795397435132436;5,753822212680842
Center Time (TS);23,214132627089796;25,985479973405873;33,010406235477674;35,38502059457024;37,17517150395103;35,82351706837083;39,862814779796935;51,762292735534025
Strength(G);10,79537802490698;10,166614484218272;10,807551942781238;10,998774571235984;11,441026722515659;11,093667421400454;11,600539381998502;13,354132233957102
Lateral Fraction(LF);5,313094112134562E-08;6,383838172620832E-07;0,00021020501956166653;0,0005490324070301457;0,0005613404945587999;0,00017070409660614988;7,185108387740676E-05;2,4381728691512224E-05
Lateral Efficiency(LE);2,046390476844698E-08;2,865142911301381E-07;9,778949679656695E-05;0,0002647325018418048;0,0002642668320526124;7,508309643780228E-05;3,343833562895038E-05;1,3442475365388249E-05
Receiver 34;63 Hz.;125 Hz.;250 Hz.;500 Hz.;1000 Hz.; 2000 Hz.;4000 Hz.; 8000 Hz.
Early Decay Time (EDT);0,372149129552312;0,4399356769181837;0,5113843239660587;0,5264157102539262;0,5528381145893165;0,5745501546649778;0,6317201332840096;0,7741085263607641
Reverberation Time (T-10);0,3860435241053707;0,4319326965735675;0,5642781819363268;0,6391439353678332;0,7176166082639216;0,6751739762754284;0,7104465658380538;0,8302372243861982
Reverberation Time (T-15);0,3909060064305241;0,44877053738339295;0,5884271007491605;0,6639433589584272;0,7728761208067606;0,7060467621250681;0,7673159694037996;0,8555143734540509
Reverberation Time (T-20);0,3970641158230073;0,4552952252750012;0,6197047933286578;0,7016284801669894;0,8105121353355715;0,7422399275973004;0,8139632313880817;0,8723391731902034
Reverberation Time (T-30);0,4050885559277758;0,4755913586892052;0,6534531583710135;0,7874259806542487;0,8883778890823718;0,828223408276236;0,8605877070183044;0,8854696164108974
Clarity - 50 ms (C-50);7,877680832955897;6,396568158192927;5,108620367200136;5,073492876315612;4,602778653653201;4,771205592957779;4,180394417913076;2,1259073033838747
Definition/Deutlichkeit (D);85,98329312855954;81,34923474120245;76,44541848528226;76,28222001579877;74,26578563409235;74,99996997612534;72,36780848431738;61,999058096535464
Clarity - 80 ms (C-80);13,146131888220289;11,40797800007041;9,317768693994998;9,021728967027688;8,542118387269861;8,412253677429948;7,696834038808907;5,494657261182486
Center Time (TS);23,870714549999118;27,944892281489572;33,91250062769156;35,68834751456854;38,52979223659562;37,00819122785282;40,837313375608915;53,60432355376967
Strength(G);10,958020674432767;10,518716649399273;11,491797205684165;11,846719367718244;11,852587735628518;11,767177373644707;12,255804974833055;13,831580023390515
Lateral Fraction(LF);5,034910119553911E-08;6,33507504871308E-07;0,0002171384876174154;0,0005634401625383995;0,0005494270613134139;0,00016784871872001716;7,204199725382302E-05;2,3973141587184792E-05
Lateral Efficiency(LE);2,0118888137153425E-08;2,9694967410448607E-07;0,00010397034871332281;0,0002797686841430407;0,0002742549367865501;7,800938149130074E-05;3,4346721101775676E-05;1,3289136393122216E-05
Receiver 35;63 Hz.;125 Hz.;250 Hz.;500 Hz.;1000 Hz.; 2000 Hz.;4000 Hz.; 8000 Hz.
Early Decay Time (EDT);0,36001651223761816;0,4299803081521161;0,49944051445983567;0,5061347508791926;0,5231241047639191;0,5170311735398885;0,5980230904241758;0,7262704410516791
Reverberation Time (T-10);0,37013571459462297;0,4138201859265218;0,5232087426204959;0,5701813322115936;0,6136885487765109;0,5914363274853015;0,6357382685101645;0,7919171937130397
Reverberation Time (T-15);0,3736138299053181;0,4203527870298672;0,5454723029085355;0,6001314521157706;0,6786425953773149;0,6563275535945051;0,6782911804569088;0,8229803143356057
Reverberation Time (T-20);0,3776794799477313;0,4295729046921961;0,5713208614008684;0,6307594475366449;0,751923408596123;0,6950714130302341;0,7389271594527713;0,8460513041380199
Reverberation Time (T-30);0,38995548587418627;0,4500085531894571;0,6104197738064947;0,7296543352004984;0,8399822908176767;0,7732849349790656;0,8372110618780585;0,8608301928587665
Clarity - 50 ms (C-50);8,9832888086615;7,379770306983442;5,720908970229153;5,794586376943194;5,374316089280317;5,8073823390873205;4,548436145228403;2,814329628609527
Definition/Deutlichkeit (D);88,78015131221552;84,54373968062853;78,87301417526189;79,15432311763931;77,51254177807651;79,20289736331466;74,02591888453132;65,65648898369109
Clarity - 80 ms (C-80);14,196561495886053;12,522416628238451;10,032447655376444;9,768247996142314;9,457643784727605;9,521109640860255;8,354024016839144;6,324045935080629
Center Time (TS);19,740993930632186;23,464519796902692;29,56338105970679;30,869413264063283;32,96918996965945;31,570614506116716;36,398737542956916;47,102378467299026
Strength(G);8,694678275637074;8,52100507925239;9,409876461907636;9,89995981186184;9,867476052135615;9,994412254870106;10,059774563417271;11,165870348799913
Lateral Fraction(LF);3,1701097153733444E-08;4,2496191049060943E-07;0,00014921114302846386;0,00039692363669052954;0,00037788206853933557;0,0001227964194760961;4,7616569722706416E-05;1,5657521969196875E-05
Lateral Efficiency(LE);1,0709261401936795E-08;1,8393944766903291E-07;6,61654634306773E-05;0,00017736004371622752;0,00017721000439509948;5,137706076496171E-05;2,3554666684709407E-05;8,484093620568904E-06
