Pachyderm Acoustic Simulation Results
Saved 22.12.2024 17:10:58
Filename:ORASE_FlatCeiling_Rough_Concrete (2).3dm
Source 0;
Receiver 0;63 Hz.;125 Hz.;250 Hz.;500 Hz.;1000 Hz.; 2000 Hz.;4000 Hz.; 8000 Hz.
Early Decay Time (EDT);0,27652395621158476;0,3290186060788958;0,33674260865841216;0,36565125388617264;0,4248598526734532;0,4131431560199685;0,41084644965077727;0,39024759970719214
Reverberation Time (T-10);0,28928302434192965;0,34004747741654723;0,3849779629252931;0,3958518243810141;0,3975267245661369;0,3935435760496145;0,3924454353783847;0,3794611389754232
Reverberation Time (T-15);0,26096113276963756;0,3103963752404223;0,38542271846305237;0,4225339600006791;0,4312207687349617;0,42789854081806805;0,4225698863063049;0,41553791359618775
Reverberation Time (T-20);0,2704669384818542;0,32627297054045645;0,3749632081047265;0,4113602000693652;0,42829446361231566;0,42511056018628646;0,41955341365143883;0,4171874861963349
Reverberation Time (T-30);0,2699948308891882;0,3221421627568632;0,39001352223446767;0,41587885736983315;0,43171634114013496;0,429406532302655;0,4248238497561664;0,43097312043630687
Clarity - 50 ms (C-50);19,027917233674415;17,830991947145986;15,256074051531098;13,941293625900716;13,535783454457173;13,542792578045056;13,331354733791203;13,600653619795713
Definition/Deutlichkeit (D);98,76459441251657;98,37892584557501;97,10509308439008;96,12126494832061;95,75775627443765;95,76430758649023;95,56236658525363;95,81802111833461
Clarity - 80 ms (C-80);24,218464046398942;21,961631244020584;18,698383333740107;17,14580785472433;16,60194255706822;16,621401181962238;16,531850136411283;16,831755141011126
Center Time (TS);4,205050893545192;4,1867912661505535;6,141155331875697;7,414577428813811;7,968876094120779;8,029569567613914;8,397385272463026;8,116369414073887
Strength(G);12,355757854766274;12,208524251137483;12,46642415738772;12,604453439795442;12,66354650244213;12,690320845372518;12,756141427466616;12,735670624746959
Lateral Fraction(LF);7,912335326472401E-09;8,602793396473323E-08;3,475435192531261E-05;9,703726337263638E-05;0,00010041864796588077;3,267211581596228E-05;1,3520143015542874E-05;4,25978489767628E-06
Lateral Efficiency(LE);3,823331908110374E-09;4,547182790994924E-08;1,9495268620696798E-05;5,699348163882257E-05;6,0038309775821466E-05;1,9095055392808612E-05;7,972095717766523E-06;2,421746070743549E-06
Receiver 1;63 Hz.;125 Hz.;250 Hz.;500 Hz.;1000 Hz.; 2000 Hz.;4000 Hz.; 8000 Hz.
Early Decay Time (EDT);0,2961864843352105;0,24185012845791456;0,33786328046997494;0,35644070829264746;0,3893421701826519;0,3637637934609115;0,35412828758186377;0,3590549756642653
Reverberation Time (T-10);0,29727168001960136;0,331535870239366;0,4038453209848194;0,4071479911195567;0,41925473568214283;0,40518319440218303;0,4056376842155411;0,5002688165028699
Reverberation Time (T-15);0,2940815218943673;0,3157779970051604;0,4026886674681681;0,4497609977473682;0,45971835790576077;0,4444321539655577;0,4571130689070736;0,5789564932632586
Reverberation Time (T-20);0,3175267674997377;0,33846338785345853;0,4196403974043183;0,4711556687925351;0,49601534176097073;0,49173647030411316;0,502320381999976;0,6330840824343462
Reverberation Time (T-30);0,3445465520886184;0,37322518531633503;0,46801185972705983;0,5470938232436026;0,5439143996005897;0,5472794357318308;0,5542504845389766;0,7101880263252874
Clarity - 50 ms (C-50);17,772828841441203;17,63334885224213;15,40259385390415;14,837883982283067;14,409986828150906;14,698899836360502;14,297995775088683;12,465170656760758
Definition/Deutlichkeit (D);98,35742850556801;98,30472749496015;97,19844011731344;96,82177498288546;96,50419258914737;96,72180773461473;96,4161469453969;94,6354092211444
Clarity - 80 ms (C-80);22,67947353027768;22,180845596113123;19,183669339495324;17,93613914497193;17,52754274014848;17,83809744952025;17,33621439411374;15,24619907029114
Center Time (TS);3,996409897838808;3,7721529758115397;5,201437406735351;5,758190367261799;6,201725652763913;6,074427434616713;6,486670153744299;8,889927135277103
Strength(G);15,72331925325571;15,647080755313635;15,753008798749043;15,771255606880167;15,787143187501371;15,801763927426762;15,853309267545555;16,149531643998856
Lateral Fraction(LF);6,358549997933167E-09;7,256714171729071E-08;2,6806600367184302E-05;7,28111662989734E-05;7,25446652861676E-05;2,356531058000259E-05;9,727466848223855E-06;3,4798354242403438E-06
Lateral Efficiency(LE);2,3937344476763855E-09;2,987582322602531E-08;1,2211961322948151E-05;3,339178644027807E-05;3,5236157064071994E-05;1,129667472995651E-05;4,750725338285597E-06;1,5999547800494468E-06
Receiver 2;63 Hz.;125 Hz.;250 Hz.;500 Hz.;1000 Hz.; 2000 Hz.;4000 Hz.; 8000 Hz.
Early Decay Time (EDT);0,4202781636000937;0,31830200474832265;0,49945690519552266;0,6581157949922025;0,7801440641873306;0,8734797989121454;0,4773250763387371;0,4177256857293399
Reverberation Time (T-10);0,28849689588116306;0,29053458571018886;0,39285023267577157;0,396713732458746;0,4505059887939292;0,442033202077614;0,4411266366952232;0,5597473961853625
Reverberation Time (T-15);0,32603246151141935;0,3436375895981835;0,4286024755352392;0,4623144253113372;0,49964501746962986;0,4891504702273421;0,49630968996736163;0,6528065940061191
Reverberation Time (T-20);0,3468330337582028;0,3638338527366854;0,4512772153665406;0,5166478677564192;0,5519074356933067;0,5328649607683017;0,5451109240754407;0,7019199966495253
Reverberation Time (T-30);0,3687715948293374;0,39294505990345563;0,5115860279029809;0,5988384485578387;0,6287820788795362;0,6106369649664484;0,6256839380839435;0,7679225722577302
Clarity - 50 ms (C-50);18,242300475754792;18,26126265949252;16,589561121751185;16,048410292254633;15,629818249176314;15,804584683794644;15,446623811382507;12,866409215503447
Definition/Deutlichkeit (D);98,52324429663241;98,52958345466214;97,8540350397089;97,57616683193365;97,33744780655331;97,4397768954435;97,22591565933052;95,08556419779542
Clarity - 80 ms (C-80);22,870766625362574;22,71545123330657;20,24831718385499;19,18968638209954;18,73815140360937;18,92992806610484;18,445862645252962;15,497860653092044
Center Time (TS);3,0686397717296203;2,829947070685872;3,6998826535813407;4,182318126196667;4,3786620471907876;4,252317124591343;4,665846351666741;7,590268683841276
Strength(G);19,616611806599327;19,580532370551428;19,609493107196776;19,62980230605085;19,614392815593938;19,594810282529664;19,65638078310397;19,953086719779684
Lateral Fraction(LF);4,966416072236774E-09;5,671560978051572E-08;1,9751330719445554E-05;5,271641425901874E-05;5,274748038471077E-05;1,6484251389605604E-05;7,074804905734268E-06;2,7169549268478746E-06
Lateral Efficiency(LE);1,7533508182317915E-09;2,029319341927857E-08;7,863375610004766E-06;2,1641733951098263E-05;2,1242626119135963E-05;6,907105904543915E-06;2,8315837637626437E-06;1,2015059749332079E-06
Receiver 3;63 Hz.;125 Hz.;250 Hz.;500 Hz.;1000 Hz.; 2000 Hz.;4000 Hz.; 8000 Hz.
Early Decay Time (EDT);0,2885381690184533;0,22761441684229167;0,27235957815507933;0,29903745985190544;0,3083922735125402;0,290549907076649;0,3039501515841323;0,46552962947676807
Reverberation Time (T-10);0,34240545962329677;0,3175188092301526;0,3888982716291221;0,4242405251190814;0,44035145263440706;0,42640363885372706;0,4416711293424766;0,6200689015114945
Reverberation Time (T-15);0,3561030461831402;0,35035508290723805;0,430329701596578;0,4825212352362778;0,5209492572906264;0,5213790648866798;0,5280062798187406;0,6972425144239702
Reverberation Time (T-20);0,3696074965199217;0,38020951727155244;0,4766734850684594;0,550131910895395;0,5922119449355757;0,5900405751899832;0,5889199152229695;0,7468617239102984
Reverberation Time (T-30);0,38652545295658436;0,4128029373808826;0,5429162257556274;0,65285555997351;0,7146105804495491;0,7121875912318713;0,700102834153201;0,8139281534607472
Clarity - 50 ms (C-50);15,863031103622534;16,375325453651833;14,717170365552052;14,31895383679793;14,097299879578093;14,231265784638909;13,900061556685985;11,007819299020474
Definition/Deutlichkeit (D);97,47515981149903;97,75043030152166;96,73730847140386;96,43448685221041;96,25407153127013;96,36348251863348;96,08727464807552;92,66820510154545
Clarity - 80 ms (C-80);20,67998682114711;21,04370042535111;18,765776780933546;17,840153712973304;17,393697717213044;17,403528498178158;17,152249349712154;13,73283723306388
Center Time (TS);4,676634201277338;4,202088486257778;5,482211295209609;5,839928344114193;6,120167667065784;6,033968516551933;6,452076447178263;11,164251150148472
Strength(G);19,97036555232508;19,96536871482047;20,018361142409326;19,942348130582737;19,943787989823527;19,94412602081806;20,022263698216562;20,524731158985375
Lateral Fraction(LF);8,900676669118328E-09;1,1200085714420616E-07;3,8503838281594016E-05;9,434508409408114E-05;9,688306872482501E-05;2,9634134426148657E-05;1,2685409584997457E-05;4,979919903025452E-06
Lateral Efficiency(LE);3,3007864551672515E-09;3,685533663577352E-08;1,459991967155423E-05;3,5915984746701924E-05;3,594980335993918E-05;1,0704602366749995E-05;4,555905687122109E-06;2,1818749363651296E-06
Receiver 4;63 Hz.;125 Hz.;250 Hz.;500 Hz.;1000 Hz.; 2000 Hz.;4000 Hz.; 8000 Hz.
Early Decay Time (EDT);0,3116237502460403;0,26625211394997034;0,3494274374669278;0,3756822650581411;0,41161274820827226;0,3981592079595621;0,4114034196927895;0,5725583445350486
Reverberation Time (T-10);0,3615445556850776;0,355788603245168;0,43072278216220755;0,46903431127251904;0,5202884370767438;0,5009304586108224;0,5140046947928267;0,7096639275159422
Reverberation Time (T-15);0,3741507695090989;0,38345147162341703;0,47711364523088357;0,5379082374207029;0,6007588577543551;0,5874414745424869;0,5735093592744754;0,7647104128773121
Reverberation Time (T-20);0,3842593454042267;0,4031218994599482;0,5137707028221531;0,6079050536555993;0,6638528378984171;0,6625423797648009;0,6370877230466193;0,8035397222297102
Reverberation Time (T-30);0,3995042689552167;0,43275464080592924;0,5809741954057666;0,7000182898517907;0,7570948533795653;0,7799830647992164;0,747777015117285;0,8449317597301504
Clarity - 50 ms (C-50);12,75710607380148;13,162120989890674;11,364926501259545;11,105505266895957;10,557427701406885;10,872220375841138;10,40890989659953;7,910079421093718
Definition/Deutlichkeit (D);94,9871760108726;95,4287899159468;93,22142439384422;92,82200730653756;91,92935732978435;92,4512351965571;91,68357889901004;86,1878510050085
Clarity - 80 ms (C-80);17,690707225092478;17,815105584533452;15,480400663951922;14,829913203678785;14,056411665609021;14,33636935001407;13,90778448920268;10,86061330814401
Center Time (TS);9,078633946204153;8,68156629269356;11,31501923086733;11,945856610175824;12,802820446797886;12,418747569105324;13,313381221727242;20,71408024550967
Strength(G);16,978323812159438;17,11379589190073;17,269626364157332;17,23322717752339;17,21382194172932;17,152811455007893;17,299352895830296;18,07530503178208
Lateral Fraction(LF);1,8435699804054694E-08;2,551162863166765E-07;8,729704406142461E-05;0,00021811489394891806;0,0002081450522860769;6,400942111407164E-05;2,6786084288817212E-05;1,0383390079641747E-05
Lateral Efficiency(LE);6,8433647186089045E-09;8,41705891475407E-08;3,307338193447244E-05;8,178797483347786E-05;8,127279411196116E-05;2,518548251567198E-05;1,1052072789537473E-05;4,736331997187709E-06
Receiver 5;63 Hz.;125 Hz.;250 Hz.;500 Hz.;1000 Hz.; 2000 Hz.;4000 Hz.; 8000 Hz.
Early Decay Time (EDT);0,32020921111690215;0,29294113204990574;0,3719945365298935;0,4055253636952713;0,41884309448380486;0,4209041412548295;0,42865006900010316;0,5508651139214304
Reverberation Time (T-10);0,3417202376803291;0,35264484546878333;0,43361792736572463;0,4644430166072103;0,5136200950029876;0,48901243573030145;0,508425773614539;0,6942029535990605
Reverberation Time (T-15);0,3500605330121434;0,3774921150255502;0,4732017017716728;0,5386631475160887;0,5687813308079398;0,5648370813685262;0,5721129341766275;0,7467844821280946
Reverberation Time (T-20);0,3658243159474097;0,40444691556666557;0,5037331455331493;0,5863823908514355;0,6102638885853985;0,6211009395771804;0,6204966166302015;0,7867918764576171
Reverberation Time (T-30);0,3875668929098171;0,4283709338188626;0,5611348981179572;0,6693817451542038;0,7045209188745863;0,7255820247735898;0,7124784440574156;0,8323702467825314
Clarity - 50 ms (C-50);12,534805176709105;12,872801514366882;10,75092568848449;10,047026007105877;9,809315067754007;10,079906081121532;9,64554733285125;7,699693924630687
Definition/Deutlichkeit (D);94,72389119663053;95,10571289346302;92,24650244401792;91,00852492106702;90,54309434871358;91,06442425582621;90,22112154632471;85,52373341241011
Clarity - 80 ms (C-80);17,925498751249766;17,625782170753034;14,963557879313834;14,19287836681171;13,545027443079718;13,973138638594108;13,368473530310121;10,698649378882191
Center Time (TS);10,196079851156025;9,673606037713046;13,018860978055132;14,316402981635282;15,270552329243866;14,696954307217423;15,796213367440526;22,303708687156558
Strength(G);13,819944547627316;13,977233177015737;14,24665029977379;14,447382950915475;14,503082013974726;14,251728394974144;14,421338894255818;14,873232028853792
Lateral Fraction(LF);2,0987799208585762E-08;2,662640161498444E-07;0,00010063180286429568;0,00025485924545773895;0,0002438695031141274;7,71537090299077E-05;3,215885101682718E-05;1,0800943768417373E-05
Lateral Efficiency(LE);8,641419269092202E-09;9,593947830624434E-08;4,198863259477071E-05;0,00011348658169981064;0,00011056282705190117;3,380378529160838E-05;1,4531970740203157E-05;5,42620514306873E-06
Receiver 6;63 Hz.;125 Hz.;250 Hz.;500 Hz.;1000 Hz.; 2000 Hz.;4000 Hz.; 8000 Hz.
Early Decay Time (EDT);0,3119025686009292;0,48967315847712034;0,5537477947085081;0,5659833132431936;0,5335445535725928;0,5237544126608098;0,511023123173913;0,49397686454683826
Reverberation Time (T-10);0,31083556523279543;0,39374032087032107;0,4000827117823184;0,41324786690537757;0,43826823747388377;0,433312783276722;0,4290894895874929;0,4112643843982239
Reverberation Time (T-15);0,2654188887038865;0,32424627443953224;0,3923293198063453;0,4337752203729082;0,4490817470304734;0,4447041187116746;0,4400789419156757;0,431028761898473
Reverberation Time (T-20);0,26251060571383555;0,3285643262478335;0,3969157405124581;0,4435621196354543;0,4603531135682502;0,4566634097812284;0,45284497741787044;0,44875943344007746
Reverberation Time (T-30);0,2798991238077921;0,3410567575987236;0,39058996930276185;0,41922102985307513;0,42804960091514277;0,42317058065302543;0,41800221816480654;0,4459103398457106
Clarity - 50 ms (C-50);17,49885039523849;16,20279605024919;13,698936742879557;12,505478248170249;12,0425791119653;12,041377319324486;11,881810012050833;12,101202051721678
Definition/Deutlichkeit (D);98,2523363760326;97,65883546714117;95,90776924110985;94,68233313894756;94,11940510840596;94,1178733203192;93,91113838296994;94,19367254333531
Clarity - 80 ms (C-80);24,009369580526805;21,27487530970635;17,94110895495252;16,346535145546735;15,721292898460241;15,758069863398852;15,652618719851223;16,014803899651767
Center Time (TS);5,100164788188167;5,026098709597377;7,455686889824893;9,050262647965392;9,735298836766061;9,820910433310823;10,227606008403072;9,912507117723989
Strength(G);10,942236906703798;10,674063699357905;10,945076405060206;11,088775813440918;11,150629106000338;11,176371188036008;11,25492520773389;11,23284736105073
Lateral Fraction(LF);8,691836481781976E-09;9,701418823634471E-08;3,989725514343416E-05;0,00011271777075375586;0,00011657917671285821;3,771462221271949E-05;1,580572093276952E-05;4,997109916911137E-06
Lateral Efficiency(LE);5,335989908981855E-09;6,254830119612229E-08;2,6948807673009402E-05;7,86126567712425E-05;8,163030479417177E-05;2,6197498928734956E-05;1,0869559035292457E-05;3,3623388370208113E-06
Receiver 7;63 Hz.;125 Hz.;250 Hz.;500 Hz.;1000 Hz.; 2000 Hz.;4000 Hz.; 8000 Hz.
Early Decay Time (EDT);0,38037744695120607;0,4561786221855473;0,5382472590199237;0,5556690405723647;0,5607224265652487;0,5885828072754803;0,5801878220805878;0,5377665070807156
Reverberation Time (T-10);0,3428863033584987;0,3882515100609534;0,4154905150512149;0,4257094436164449;0,4378689263225888;0,4358208463055096;0,4404787980931264;0,5488425048747578
Reverberation Time (T-15);0,3150148933134825;0,3425102460387384;0,40845623429760786;0,4698541571146565;0,4990294166947342;0,47255878079171953;0,4886826995383142;0,6191757728383481
Reverberation Time (T-20);0,32717760189854883;0,35954308233115606;0,44734333266486215;0,5105277138896184;0,5474088557870672;0,5169520409804349;0,5372305295377023;0,6530360727925465
Reverberation Time (T-30);0,35746847484500793;0,38962198189392244;0,4857862888070082;0,5551452220507579;0,5461054246195671;0,5471525553712681;0,5833520193882785;0,7268734889880296
Clarity - 50 ms (C-50);15,296941581991337;15,23030848673387;13,406481056492705;12,651889240990402;12,32116942322299;12,428083544500986;12,11325225004842;10,429338447372514
Definition/Deutlichkeit (D);97,13142889503511;97,08836885640474;95,6351489027932;94,84953678027111;94,46456221523334;94,59188962236293;94,20882910336185;91,69373436708356
Clarity - 80 ms (C-80);20,838511323191216;20,23699716627489;17,761943950670897;16,443764552834377;15,897791574594862;16,070272709574635;15,708000592685439;13,422590109594026
Center Time (TS);6,090991919244688;5,593642736143055;7,475531922773026;8,660802300078739;9,18847655777809;9,046964051402652;9,593072885112896;13,26299934639119
Strength(G);13,115086021226961;12,918493127363504;13,085716487723502;13,14953193292591;13,197424818991237;13,171983000698468;13,234105931032389;13,708024041202854
Lateral Fraction(LF);9,97750829682837E-09;1,0461878334098985E-07;3,784741183755868E-05;0,00010556973031172272;0,00010775011729853252;3,429073837316258E-05;1,4120324562897102E-05;5,130512833134022E-06
Lateral Efficiency(LE);5,006714061440036E-09;6,093197622103446E-08;2,4575806051005514E-05;6,91292362342566E-05;7,016790496024755E-05;2,286253725631107E-05;9,367021197631717E-06;3,114806969180521E-06
Receiver 8;63 Hz.;125 Hz.;250 Hz.;500 Hz.;1000 Hz.; 2000 Hz.;4000 Hz.; 8000 Hz.
Early Decay Time (EDT);0,36321417114923477;0,42358693039020273;0,47430572170826724;0,5169871992111438;0,5508320986753172;0,5507361180223244;0,5474830132485571;0,5928408247157454
Reverberation Time (T-10);0,34862038950728763;0,37745999867588115;0,45727744873300175;0,475701245560591;0,5168298644091154;0,4976142482488091;0,4986070124513788;0,6655539752139292
Reverberation Time (T-15);0,3503411745691604;0,38012929235258813;0,470737495389007;0,5364799787670315;0,5830580514435593;0,546486698367044;0,55572950086279;0,7087479326171631
Reverberation Time (T-20);0,36199168812135085;0,39124857617559383;0,5094972615326533;0,5742388889936569;0,6115882991688201;0,5755168054063925;0,5996429021913334;0,7363757018501453
Reverberation Time (T-30);0,3802027737619948;0,4137477239469288;0,5422055888429533;0,6396413416496873;0,6760558406271344;0,6621753061383517;0,6763386117523787;0,7983622859307181
Clarity - 50 ms (C-50);13,952779310650511;14,27257604165895;12,562103949876395;11,987486753120496;11,453641929300753;11,769384733560774;11,442275960565;9,006426767129966
Definition/Deutlichkeit (D);96,131113049652;96,39586699467434;94,74759965333106;94,04879951540845;93,3223812641424;93,76142061850025;93,30605367705984;88,83311109727107
Clarity - 80 ms (C-80);19,14125659610872;19,080442774342977;16,69932045571773;15,612153360903747;14,878904816906891;15,276403977560573;14,850047580880275;11,8483078943043
Center Time (TS);7,221892265420966;6,2593994558483805;8,33079036479301;9,404747974924883;10,13473779508007;9,627351674879664;10,482793016549746;16,49714122901228
Strength(G);14,970479586546297;14,760226808180523;14,847457413579697;14,878262275374595;14,898325363861076;14,85542023808624;14,979980315852899;15,612113028318888
Lateral Fraction(LF);1,1727295607464545E-08;1,149892849462221E-07;3,978323013726722E-05;0,00010389973908813649;0,00010781024509233277;3,4198766050634826E-05;1,4566658822153354E-05;5,7603766573080975E-06
Lateral Efficiency(LE);5,39230878030085E-09;5,8115556970172115E-08;2,2905605654560014E-05;6,264825338095859E-05;6,201905264174531E-05;2,001526276644945E-05;8,419321593947848E-06;3,2972717290168996E-06
Receiver 9;63 Hz.;125 Hz.;250 Hz.;500 Hz.;1000 Hz.; 2000 Hz.;4000 Hz.; 8000 Hz.
Early Decay Time (EDT);0,3868489452178404;0,341098967585463;0,41702972793925314;0,4617850816943457;0,46251909973712607;0,4529268278857416;0,48220242315599887;0,6223155547630399
Reverberation Time (T-10);0,36759366974179375;0,3735827741525196;0,43447429441299285;0,4687887084560775;0,5110043748283185;0,5054340830093089;0,5089559763266662;0,6970696715496809
Reverberation Time (T-15);0,3734175204842105;0,38721745876464747;0,47166913105940017;0,5282364455468203;0,5840207376672769;0,5826605725784082;0,5758050121294012;0,7462396656921535
Reverberation Time (T-20);0,3823191276860334;0,40266743093603813;0,5055065391001939;0,5996760138222988;0,6533712228410125;0,650733025336254;0,6322545616809225;0,7863427880279851
Reverberation Time (T-30);0,3959004920462057;0,4279600143947666;0,5719593206452271;0,6826334132743186;0,7568527249571477;0,7520927558529168;0,7415969393159304;0,8374186549604399
Clarity - 50 ms (C-50);12,321206125451734;12,978413635524717;11,438252718101083;11,211054387312453;11,075741708614789;11,10421425409309;10,645661899750166;7,662664824446015
Definition/Deutlichkeit (D);94,46570886501918;95,21517875294339;93,30822185153264;92,969841064824;92,76098518107754;92,80486103262791;92,07006542400435;85,40869893348678
Clarity - 80 ms (C-80);17,25861130975751;17,749366113749026;15,770159533618253;14,83627906011277;14,357409458452429;14,367527693624707;14,11411343502802;10,603707522839086
Center Time (TS);9,736278713193874;8,200726266773701;10,565730291060595;11,171559515665422;11,546709648569031;11,471039705945955;12,319358533716574;21,300638344786474
Strength(G);15,527032294587524;15,358553125861455;15,446091877418503;15,368821894280856;15,368550999943587;15,362819596456497;15,497813199802678;16,367109014469044
Lateral Fraction(LF);1,7927822176106176E-08;1,930629688183663E-07;7,136806060120214E-05;0,00016234195851044553;0,000166826789255205;5,2234259345509025E-05;2,1094555612988525E-05;8,87384454507637E-06
Lateral Efficiency(LE);7,879596724911604E-09;8,43490401820889E-08;3,186962692176016E-05;7,978490618763679E-05;7,237433348254019E-05;2,3103868741432188E-05;1,01855004052339E-05;4,801222398240848E-06
Receiver 10;63 Hz.;125 Hz.;250 Hz.;500 Hz.;1000 Hz.; 2000 Hz.;4000 Hz.; 8000 Hz.
Early Decay Time (EDT);0,3750376974237733;0,3519564890883967;0,395067365869751;0,4254881467827173;0,4644107887019783;0,44707671496591606;0,47840860789782386;0,6120762701871776
Reverberation Time (T-10);0,3687109258777787;0,374928484680455;0,44022308433174184;0,48040139179016905;0,5408236068568487;0,5283089514247755;0,5497770969102362;0,7148995750245417
Reverberation Time (T-15);0,38183112269951813;0,397553425028258;0,4944796835680531;0,5665566304669407;0,6153888889817068;0,6317021760599705;0,5994758133550859;0,7720650429246726
Reverberation Time (T-20);0,3909478314573071;0,4083864306048438;0,5305416654522637;0,6370352452850795;0,6884863624777147;0,7014169319448595;0,6588505281147958;0,8143691359209524
Reverberation Time (T-30);0,403852452776663;0,4383694890467179;0,5941220647324875;0,7197529823987389;0,7813274773867421;0,8042200900365184;0,7713457579464006;0,8524981387549108
Clarity - 50 ms (C-50);11,275324836698346;11,680302652048598;10,219294002252287;9,978976192705542;9,44557967966473;9,786367864150007;9,235681333843091;6,616936324823838
Definition/Deutlichkeit (D);93,08776426229652;93,67452296327515;91,34708776080551;90,88198777976856;89,81134662228266;90,50718320298029;89,36359981692665;82,21676598335357
Clarity - 80 ms (C-80);16,160010070531534;16,469220571035276;14,457336077976002;13,76624420878777;12,975208795534073;13,327722422738592;12,683141260217123;9,784664725709954
Center Time (TS);12,132444648244626;11,002217699916793;14,026584772043462;14,848105623070001;16,012720675582756;15,237101312311102;16,379792880397257;26,026423446988566
Strength(G);14,627628788462783;14,527248600752749;14,766325280330335;14,700439164619745;14,702238275003232;14,620629917602244;14,771546624907216;15,836172850362914
Lateral Fraction(LF);2,402723392644125E-08;2,918490329325791E-07;0,0001012903530525963;0,00024561050622999364;0,00023870417543118923;7,58909903676724E-05;3,189923012155373E-05;1,2458638473911043E-05
Lateral Efficiency(LE);1,061220874804095E-08;1,219895127248903E-07;4,5737325465396725E-05;0,00011605813694160806;0,00011835256736819734;3,494410965120096E-05;1,5121091951141918E-05;6,460489183782892E-06
Receiver 11;63 Hz.;125 Hz.;250 Hz.;500 Hz.;1000 Hz.; 2000 Hz.;4000 Hz.; 8000 Hz.
Early Decay Time (EDT);0,34714016254545244;0,3423355363739693;0,41034686479548077;0,4403047133853397;0,48245732718751655;0,4730615139671763;0,472051566928241;0,5687234722142375
Reverberation Time (T-10);0,3442298923408927;0,3610337553837797;0,4390472923026118;0,4493643247751143;0,5217523297824846;0,4950221521184654;0,5161928094214188;0,658595702738885
Reverberation Time (T-15);0,3533353088108079;0,38369327041715123;0,48109736426470157;0,5287498525932117;0,570765915464233;0,5815945391153343;0,5740848465554393;0,7310626312099928
Reverberation Time (T-20);0,36603680583178133;0,40417932887267183;0,5104496129099326;0,5770028407518903;0,6047296640983957;0,6288051111094205;0,618040801354661;0,7817521744518002
Reverberation Time (T-30);0,38893787006394887;0,4282817212763111;0,5666216309831247;0,6798183913562458;0,7072084057203234;0,7282704321124148;0,7129951933088249;0,8349820445135122
Clarity - 50 ms (C-50);11,737434091857612;12,038649586697199;10,06359361427492;9,481178939110656;8,852609310803158;9,3360084267992;8,920453253414628;6,9692250421149025
Definition/Deutlichkeit (D);93,727907581289;94,12532121733491;91,05067232144015;89,87588477539104;88,48233290936459;89,56812910759324;88,64083551292833;83,35623921148286
Clarity - 80 ms (C-80);17,251899697392986;16,97566006862829;14,472638383410022;14,029019062695834;12,929425718508833;13,492061311581033;12,821605337474358;10,388495187693994
Center Time (TS);11,497618383756528;10,850083192048407;14,345028922567725;15,753138190316054;17,317273391442438;16,153121376427823;17,574561688605822;24,72079921986529
Strength(G);12,41603326875154;12,34884233447341;12,645831895692282;12,86621113911734;12,801983491582249;12,619374833423876;12,815706268976797;13,577883856093422
Lateral Fraction(LF);2,2241050014653438E-08;2,784755358908786E-07;0,00010703753679497808;0,00026751794757751786;0,0002603574917531147;7,456595057888919E-05;3,3754237705497486E-05;1,2226821372403945E-05
Lateral Efficiency(LE);1,0786989753569473E-08;1,219720634115795E-07;5,0072687973764604E-05;0,0001336706583960367;0,00014531727691626458;4,207699066426579E-05;1,8288580469012126E-05;6,765410822368396E-06
Receiver 12;63 Hz.;125 Hz.;250 Hz.;500 Hz.;1000 Hz.; 2000 Hz.;4000 Hz.; 8000 Hz.
Early Decay Time (EDT);0,35877508292861715;0,5825490713119106;0,49980296637324517;0,478286070642232;0,492659417485216;0,48542246239884246;0,4696344141000416;0,4613636946549943
Reverberation Time (T-10);0,2873068091827588;0,3517968174454166;0,38783456682077294;0,4275229624902191;0,4508735061717129;0,440155590919747;0,43751711270059646;0,41970628052339737
Reverberation Time (T-15);0,2653244973599016;0,32969443135138266;0,39938859022427947;0,43000182105283247;0,4468459069897354;0,4387865540573011;0,4327900299675772;0,4282024434998178
Reverberation Time (T-20);0,27397520906664846;0,33018752822806824;0,3960979214051989;0,4366542278132923;0,4543799970438158;0,44721399657369815;0,4454118973943804;0,4452062134007936
Reverberation Time (T-30);0,27740133197850425;0,3376923565314341;0,3945091876516896;0,42689358840569164;0,4372865891775821;0,43545764024150424;0,4314899205583214;0,43547591991566065
Clarity - 50 ms (C-50);15,605581147895403;14,290733155897861;11,898901018894865;10,703130563808507;10,300664862860383;10,266975053070933;10,144937877574895;10,413527713066825
Definition/Deutlichkeit (D);97,32294599819406;96,41036404036463;93,93360233423695;92,16144152181221;91,46527093696749;91,40451940478526;91,18116255649598;91,66596458739545
Clarity - 80 ms (C-80);22,473105831683906;19,830377496405273;16,508068659817766;14,975413970056168;14,410562030702758;14,404914588409625;14,369767034784273;14,684625867162445
Center Time (TS);6,35110545017442;6,527314627625658;9,638381199515333;11,692849444936181;12,530232355427422;12,655422230064925;13,062917099587569;12,687533697532917
Strength(G);9,506466581530152;9,145296826749302;9,521325206169564;9,712963767789816;9,786427873541655;9,8231948685331;9,92762926678654;9,889223703362546
Lateral Fraction(LF);1,32585881028426E-08;1,3771128236374265E-07;5,580003664308531E-05;0,00015791660847327954;0,0001634915918235429;5,2837979524443337E-05;2,2143967582272613E-05;6,909458246361349E-06
Lateral Efficiency(LE);5,742017190694656E-09;7,660016087040842E-08;3,2536843554668176E-05;9,546039079270593E-05;9,937500871390917E-05;3,1872679548840636E-05;1,3117507655765845E-05;4,00860014543455E-06
Receiver 13;63 Hz.;125 Hz.;250 Hz.;500 Hz.;1000 Hz.; 2000 Hz.;4000 Hz.; 8000 Hz.
Early Decay Time (EDT);0,3833000809307867;0,48614486993842404;0,5041937741806262;0,5203170262099154;0,5236242392146636;0,5207736514008265;0,4874781938819847;0,5236376830621655
Reverberation Time (T-10);0,31868727068210223;0,3524363362830432;0,3994666568663144;0,43119617544153843;0,44570678609776293;0,458739477710261;0,44250420776666577;0,5404227501465327
Reverberation Time (T-15);0,31538195469961255;0,34353834235438857;0,40817195700334097;0,4613561591406111;0,4744440551961787;0,4693669765331802;0,4736452430537932;0,6003441379617451
Reverberation Time (T-20);0,3272165993022002;0,35303742934421983;0,4348318248375473;0,4972288201736602;0,505614737081002;0,4939449125672531;0,5045316960252422;0,6453403152745071
Reverberation Time (T-30);0,35422895338603005;0,3761612469113523;0,4540275557005808;0,5176105534520876;0,5418848161136295;0,5039431677085708;0,5564262253070111;0,728284027615086
Clarity - 50 ms (C-50);13,637743639189123;13,640874625134899;11,603403236559002;10,761603777110139;10,390376399222204;10,347403994596494;10,229844380425178;8,62757608405895
Definition/Deutlichkeit (D);95,8521092404807;95,8549746205367;93,53409074703083;92,25815638977855;91,62514962042589;91,54890907977531;91,33710948821675;87,9380085100235
Clarity - 80 ms (C-80);19,190808856853426;18,924777124609356;16,117966931376515;15,108262841787504;14,59495274145359;14,362823010357248;14,202268594001389;12,034131377214614
Center Time (TS);8,769619582387003;7,909026597589419;10,752477228744356;12,129181411127126;12,878357093056676;13,030678620425425;13,597704352514638;18,095666598591297
Strength(G);11,078439353935003;10,721742674941492;10,958327087973124;11,023485048300039;11,070360899150415;11,070621748662653;11,226855505697962;11,68351794631785
Lateral Fraction(LF);1,5592023929335362E-08;1,5961088680692098E-07;5,9027295505847334E-05;0,0001614920748241862;0,00016647568494787085;5,296568074422837E-05;2,2360326362814502E-05;7,722271279003755E-06
Lateral Efficiency(LE);8,32119781036554E-09;1,0424248153415214E-07;4,2925889549228535E-05;0,00012085643045913243;0,00012455397070352704;3,991658359490274E-05;1,616772385582509E-05;5,417507956834935E-06
Receiver 14;63 Hz.;125 Hz.;250 Hz.;500 Hz.;1000 Hz.; 2000 Hz.;4000 Hz.; 8000 Hz.
Early Decay Time (EDT);0,37919052341815285;0,4371371635845493;0,5047536199836428;0,5223199128892416;0,5683119599263503;0,549609440747451;0,49991119756458513;0,6524484626741813
Reverberation Time (T-10);0,3513915655697191;0,39418240205788313;0,4873331016827743;0,519053579777883;0,5653875268309194;0,5638498700087426;0,5498665832093356;0,717836498044056
Reverberation Time (T-15);0,3633577626012351;0,39568461629876056;0,5179843121707047;0,5948890276084107;0,6107380540446341;0,5862206783031866;0,5905409994579306;0,754567912973648
Reverberation Time (T-20);0,37278745308482;0,40718128751154975;0,5326806315190523;0,6208388358128241;0,6559506296568457;0,6290817811391225;0,6433117225906622;0,7875641986671327
Reverberation Time (T-30);0,38971812564031655;0,43008220592145147;0,5674307606886628;0,6683034830205807;0,7286001372117787;0,7220652911939414;0,7464597893464747;0,8311406614376103
Clarity - 50 ms (C-50);11,626254872706657;11,81050775223991;9,970798090277679;9,392767087334464;8,689925386994501;8,837808108533832;9,001915953338269;6,525676981511857
Definition/Deutlichkeit (D);93,56584031615525;93,816578991225;90,85336768950391;89,68555655738865;88,08946103779321;88,44211641423279;88,82280360966877;81,7960842993427
Clarity - 80 ms (C-80);16,50879996360102;16,4143126843095;13,605109609236338;12,82464040426846;11,946739241832026;11,954495346822549;12,097617923654623;9,460717024975903
Center Time (TS);11,836592025157774;10,498196012627876;14,175024631480461;15,772806244870582;17,34610688790621;17,03111985571571;17,467779655546263;26,454360865721693
Strength(G);12,461438603158115;12,047338223524033;12,2209761218204;12,25227267575221;12,268948515045473;12,29593491648943;12,503165900296622;13,316411456739772
Lateral Fraction(LF);2,0668024084371133E-08;2,149306786635876E-07;7,140824359439293E-05;0,00018583694333651306;0,0001967613289196927;6,473656505961737E-05;2,7166859831674194E-05;1,002276900306178E-05
Lateral Efficiency(LE);1,0154366942348167E-08;1,2491000313207574E-07;4,6237495097423526E-05;0,0001291833918206886;0,00013922346184365257;4,384874732239632E-05;1,782395504705945E-05;6,745630295813556E-06
Receiver 15;63 Hz.;125 Hz.;250 Hz.;500 Hz.;1000 Hz.; 2000 Hz.;4000 Hz.; 8000 Hz.
Early Decay Time (EDT);0,37287011978562823;0,4046967110331833;0,48547581559035846;0,5048063147626557;0,5268289281858857;0,5310174952686135;0,5130290222605636;0,6913175984828572
Reverberation Time (T-10);0,37243497129333103;0,4030091451400411;0,47977375470596084;0,5508050608406233;0,6045233618358631;0,6116972172945382;0,594304017221126;0,7710598684276201
Reverberation Time (T-15);0,38792976995086703;0,41642156541853254;0,5144697880930917;0,6274780426619438;0,6822199860865856;0,7212482262808682;0,6642632683588592;0,8121987868872246
Reverberation Time (T-20);0,39806823831630944;0,4243133334662618;0,5476407930449453;0,7022840580306133;0,7662222036360223;0,7910405498460308;0,7292419423337654;0,8478171851722724
Reverberation Time (T-30);0,40766160348898484;0,4506149204922245;0,6417775266087165;0,7422929260261091;0,8569541144495174;0,8359117199464123;0,8347995000192994;0,874927629106491
Clarity - 50 ms (C-50);10,33925850226527;10,62170292309535;8,779723328573942;8,553687557052704;8,347761118748393;8,201575139491013;8,145651592896396;5,330440536614902
Definition/Deutlichkeit (D);91,53851899204703;92,03029552437069;88,3187396287576;87,7603283635429;87,24079399638063;86,85824054065183;86,71762201528051;77,34557388939646
Clarity - 80 ms (C-80);15,129924712782337;15,018938305583083;13,028881818499888;11,984544892951547;11,482269127590856;11,394149115475383;11,422376099504856;8,346585925070515
Center Time (TS);14,951950281481379;13,405994968870269;17,344003082587186;18,72146035014499;19,540974256184327;20,234632267877664;20,357007716776664;32,4851167645175
Strength(G);13,399849286583223;12,871267963028437;13,077673418334982;12,986068166449556;12,918683439089676;12,978536986395433;13,248974701154431;14,386540752290642
Lateral Fraction(LF);2,9308132237517692E-08;3,16098474875891E-07;0,0001112386703267208;0,0002572932839108491;0,0002629712055466287;8,630229226164642E-05;3,4618600976101884E-05;1,289501314440884E-05
Lateral Efficiency(LE);1,3458093511354069E-08;1,5925466602520604E-07;6,193267816732567E-05;0,00015908165724605474;0,00014445394545082045;5,02124821111821E-05;1,9417753507646067E-05;8,26221620776238E-06
Receiver 16;63 Hz.;125 Hz.;250 Hz.;500 Hz.;1000 Hz.; 2000 Hz.;4000 Hz.; 8000 Hz.
Early Decay Time (EDT);0,3818664856296424;0,4002583304951114;0,4502672710372161;0,49482105055884656;0,5387715943209065;0,5189198015254638;0,5285780530968536;0,6880384740718495
Reverberation Time (T-10);0,37878621863089396;0,4075504907247719;0,478729096582873;0,5332464933855101;0,6362046198271923;0,6418882204776457;0,5992171800233791;0,7953690006227396
Reverberation Time (T-15);0,39097447213373526;0,41429481966525733;0,5381806814336952;0,6436615946427322;0,72195759113072;0,7381029802614925;0,694621293190995;0,8333326877480933
Reverberation Time (T-20);0,40317624959324017;0,4256803853375027;0,5867922117513266;0,7263730237170003;0,7961985260890428;0,8142403630515624;0,7637252478044175;0,8599359667177447
Reverberation Time (T-30);0,4146096434630899;0,46181422213443596;0,6524425206782825;0,7992306412662538;0,8688083955332405;0,8764443154461857;0,8412109555055008;0,8822607538884282
Clarity - 50 ms (C-50);9,739047488325816;9,683087212674886;8,307578204506541;7,895749517527426;7,385590978265927;7,565274211465026;7,221039842822323;4,793403665875627
Definition/Deutlichkeit (D);90,41307161477783;90,31865923242859;87,15453360116653;86,05461865699915;84,57851801298408;85,09675959154328;84,0859734343483;75,17087153752009
Clarity - 80 ms (C-80);14,654434733737332;14,458931054869984;12,597728245402479;11,65453444905056;10,855765312919186;11,188962615960083;10,880027273578834;8,027813927610623
Center Time (TS);16,500931803494673;15,593601549296679;19,82701448552065;21,508070085813497;23,402625501599445;23,247736405456816;24,00304889524004;35,59794162033256
Strength(G);13,120064833115709;12,796144820613367;13,119267728271836;13,025250270491412;12,96353836963452;12,910955595040924;13,169826193311692;14,431168931862715
Lateral Fraction(LF);3,143605169805019E-08;3,7410562013207345E-07;0,00013135674140428037;0,00031811045658608256;0,0003121564079579082;9,975488631854131E-05;4,198457505359022E-05;1,5509777300555115E-05
Lateral Efficiency(LE);1,5385793529535637E-08;1,9136611951829406E-07;7,41379068978892E-05;0,00018431444331069386;0,00018265271469290525;5,993457214065242E-05;2,4647947959827344E-05;9,319263390322438E-06
Receiver 17;63 Hz.;125 Hz.;250 Hz.;500 Hz.;1000 Hz.; 2000 Hz.;4000 Hz.; 8000 Hz.
Early Decay Time (EDT);0,3743053819785029;0,3763226961001588;0,44116544828286713;0,47370657576057196;0,49358698663472395;0,49662271472569147;0,4879502911669113;0,5815815676780743
Reverberation Time (T-10);0,3441907746132291;0,3478712997997299;0,4364132813925974;0,46344627004917294;0,4837821856738083;0,47519346373445526;0,4854214853393964;0,6755940250180413
Reverberation Time (T-15);0,3497422708681487;0,3625897581418135;0,48542010761059695;0,5290265906564514;0,5653320429382914;0,6018280068788036;0,5663792283434785;0,7614426220939415
Reverberation Time (T-20);0,3702086630405851;0,387630719933306;0,5251218840826241;0,5996138786194412;0,6052986580890083;0,6771954336355945;0,6609081979481563;0,8085965248433036
Reverberation Time (T-30);0,39400796566218116;0,4248787621662866;0,5777396060174733;0,7089028167108509;0,7484760611006437;0,7848062610530269;0,748133551656384;0,8479415870976895
Clarity - 50 ms (C-50);10,589779364586523;10,69548916850781;8,771177394074195;8,077430735796643;7,707479620308772;7,8656127111834016;7,790725257698248;5,862087370539227
Definition/Deutlichkeit (D);91,97710993910465;92,15832407058;88,30260613076709;86,53109178915204;85,50678601397561;85,95207330384062;85,74024132561397;79,4504106309635
Clarity - 80 ms (C-80);16,32855416508421;16,34900239073731;13,496707016044343;12,771805854110898;12,140668070178995;12,75496581581532;12,39151207241461;9,626870650555938
Center Time (TS);14,034246303490455;13,56994493524899;17,662860728757273;19,912608139626144;20,77426672277534;20,185593423778077;20,90697237183012;29,44944690404584
Strength(G);11,171149437472977;11,047592000302881;11,377832310331918;11,45461410675739;11,463979453256208;11,300651834301505;11,49247560852153;12,40361722960344
Lateral Fraction(LF);2,4685892789390528E-08;3,407958431051673E-07;0,00011859298863054423;0,0003018264417071366;0,00030272757048777315;8,803791620884903E-05;3,7226625409309544E-05;1,3860650849333368E-05
Lateral Efficiency(LE);1,1564596582174284E-08;1,5396227795401213E-07;5,8955989139090046E-05;0,00016324210265817517;0,00016889906794886276;5,067368965601041E-05;2,1413144392505436E-05;8,237396841354497E-06
Receiver 18;63 Hz.;125 Hz.;250 Hz.;500 Hz.;1000 Hz.; 2000 Hz.;4000 Hz.; 8000 Hz.
Early Decay Time (EDT);0,2940320024409734;0,42306941781649254;0,41816763453995054;0,45812771346731185;0,4675346550866889;0,46438140288869706;0,4551499335852922;0,44223351948702255
Reverberation Time (T-10);0,28270965724611546;0,34781780142316;0,37518832446496525;0,38995309127276684;0,41850845259889613;0,41813801641515114;0,41261877428825045;0,40086643687154844
Reverberation Time (T-15);0,2680088678691677;0,3244151424959459;0,36661617961532844;0,38821812531301714;0,40768670326757905;0,4035655863577398;0,4000238710160094;0,3984089737619365
Reverberation Time (T-20);0,2644696348183937;0,30962196890424837;0,3644547503162988;0,4004734811820464;0,42106919042525287;0,4166862313859482;0,4141666924552186;0,42056938109937864
Reverberation Time (T-30);0,2645905285368084;0,3141503402116063;0,3803601313767932;0,40235577242617987;0,4134769943092091;0,409423246437885;0,4091612495493531;0,4404619784679191
Clarity - 50 ms (C-50);14,489903875863233;12,957710469611358;10,769311951914917;9,655626240831594;9,31251400574422;9,27075184098237;9,20452329113714;9,43431990988605
Definition/Deutlichkeit (D);96,56574371256255;95,18287652488799;92,27082388311327;90,2321560927054;89,51335784997667;89,42274851661288;89,27764026711678;89,77372949290869
Clarity - 80 ms (C-80);22,1039406628785;19,527667560084158;16,38821557957837;15,000954444337273;14,429112719779773;14,403336657617533;14,412760392059052;14,71660958346262
Center Time (TS);7,894941570912655;8,380107331046101;11,944728142100454;14,17822917765833;15,110929152276388;15,244443310272427;15,601652797046809;15,190891742317355
Strength(G);8,247141877152323;7,837291590438859;8,300976046247776;8,565030218155776;8,66763003362037;8,700132926994542;8,816586548601556;8,771607142288936
Lateral Fraction(LF);2,106236189548587E-08;1,930689393503536E-07;7,699655328077633E-05;0,0002135123638882601;0,0002209157155768107;7,121870803402892E-05;2,9766847468198705E-05;9,445849845879362E-06
Lateral Efficiency(LE);5,000552194231892E-09;7,250365463797025E-08;3,0963697177599846E-05;9,170038222352958E-05;9,550721737373146E-05;3,075099116785257E-05;1,2601162691277266E-05;3,8652598965380475E-06
Receiver 19;63 Hz.;125 Hz.;250 Hz.;500 Hz.;1000 Hz.; 2000 Hz.;4000 Hz.; 8000 Hz.
Early Decay Time (EDT);0,3615226285397472;0,41962868398900693;0,46016327947719304;0,4695029073287508;0,4839905224116116;0,4878317710253294;0,4647377510231565;0,5582193156701045
Reverberation Time (T-10);0,31479213831629627;0,36195195396212004;0,40040424404168645;0,4411457067790465;0,46559710989854514;0,46895105449753544;0,466073540332099;0,613428775302998
Reverberation Time (T-15);0,31663160884600866;0,3574270633168603;0,4254113830975526;0,474841951612088;0,5121353377836292;0,4965078144468918;0,5144027096953355;0,6807634048097625
Reverberation Time (T-20);0,3297493925214202;0,36359780352148985;0,4679712721735412;0,5188622679440114;0,5423099050067404;0,5276226729112556;0,559135795315802;0,7218725883039211
Reverberation Time (T-30);0,35927481124600696;0,3892456261618157;0,48734110041172224;0,5709900290403246;0,6109652837897307;0,6015920577746624;0,6106637245731443;0,7815012224419301
Clarity - 50 ms (C-50);11,892020556968358;11,973138389227646;9,964150431316272;9,100045129195816;8,744364721592854;8,747512166199442;8,780671374032117;6,9739436743286065
Definition/Deutlichkeit (D);93,92456818134598;94,03028092178681;90,84063974566432;89,04516523803781;88,22035197394771;88,22788127366793;88,30695140414916;83,28288295941867
Clarity - 80 ms (C-80);17,648298906198136;17,154933148774564;14,218358656570235;13,221942323846982;12,693055615995767;12,787110053998985;12,752752649055894;10,445436203110239
Center Time (TS);11,694970518112104;10,798539088386606;14,942935028216226;16,759251499293125;18,020445926355848;17,74293676713203;18,110127680505045;24,35963910483018
Strength(G);9,43165358288445;9,041062422169386;9,388201814539016;9,612027881462957;9,665627391921447;9,618500200778364;9,792581288089387;10,227338325323657
Lateral Fraction(LF);2,1845653079388558E-08;2,2593197281892312E-07;8,675987824923577E-05;0,00023733646754744227;0,0002502729295719152;7,751236449038912E-05;3,186154825731094E-05;1,0684771456198188E-05
Lateral Efficiency(LE);8,94810170505318E-09;1,149436030400626E-07;4,877623043090443E-05;0,00013006728359675845;0,00014347610749478493;4,415256018959732E-05;1,7199382710396342E-05;5,900151204508721E-06
Receiver 20;63 Hz.;125 Hz.;250 Hz.;500 Hz.;1000 Hz.; 2000 Hz.;4000 Hz.; 8000 Hz.
Early Decay Time (EDT);0,3583996132037259;0,4332328235663097;0,4901702183348512;0,5117791546011164;0,5652256911577991;0,5697415718980364;0,5311729259213771;0,6709051611312664
Reverberation Time (T-10);0,3448569932141659;0,38120401477463595;0,47026746528044355;0,5301574524727273;0,5586425161509272;0,550591652395328;0,5451395330731715;0,7380853255582389
Reverberation Time (T-15);0,3597624695146924;0,3982198807582644;0,49691299615291584;0,5921003582953269;0,6145364024743585;0,5913672519064306;0,6088506003092924;0,7770072466836205
Reverberation Time (T-20);0,3721497720544063;0,4133169226756278;0,5175521049560705;0,6284273573418618;0,6568798346396414;0,6315096826573744;0,6706440264116723;0,8021598490443118
Reverberation Time (T-30);0,38913159199462705;0,42940317588403887;0,5721615283253897;0,6898798544218145;0,7416171363405689;0,73914983501259;0,7474067193526467;0,8362549737072061
Clarity - 50 ms (C-50);10,506553294924721;10,285566959460052;8,528039403118072;7,9527905402300645;7,3783388221100354;7,401187316633116;7,543684665772234;5,096962411084849
Definition/Deutlichkeit (D);91,8281479400654;91,43809375968384;87,69278164442863;86,19043445175947;84,53943205673116;84,6080706841641;85,03053013945858;76,37985379042745
Clarity - 80 ms (C-80);15,456374176690673;14,767481952763111;12,208503858267825;11,360252252190076;10,745682963831943;10,718906920579144;10,79389157849511;8,196035068438876
Center Time (TS);15,246447245073911;14,103153643006143;18,960264268245947;21,03361076642027;22,349317683963058;22,4844131703454;22,63473477830457;33,55763118789005
Strength(G);10,797637934660628;10,052739200895864;10,369786446292139;10,470781414423982;10,447657934960063;10,454310123026701;10,76625372323577;11,764487346567904
Lateral Fraction(LF);2,8379733059525255E-08;2,7359934889830203E-07;0,00010248535760193123;0,0002619089603785314;0,00026130706960445714;8,52813197023631E-05;3,4891170652333764E-05;1,2852885126845016E-05
Lateral Efficiency(LE);1,2451554379173946E-08;1,6421957871010507E-07;6,552956079657753E-05;0,00017962099308498563;0,0001800294063005812;5,911444734395883E-05;2,238790169787685E-05;8,564678137799546E-06
Receiver 21;63 Hz.;125 Hz.;250 Hz.;500 Hz.;1000 Hz.; 2000 Hz.;4000 Hz.; 8000 Hz.
Early Decay Time (EDT);0,3543623814940378;0,4142712437899987;0,4802498884213841;0,5119181050379543;0,5400250946820541;0,5369194818445387;0,526382332238052;0,6861780875967699
Reverberation Time (T-10);0,36668891220615996;0,3983817255625094;0,4865860068979187;0,5764511551730331;0,597918430187811;0,612193245727616;0,5808226379056812;0,774712956413337
Reverberation Time (T-15);0,3803432899192928;0,4161521470568107;0,5201272736269622;0,6354735002819686;0,6655622270790083;0,6900197611547764;0,6432301166730018;0,8152364351439868
Reverberation Time (T-20);0,3918418920952226;0,4268936640257106;0,559947306100938;0,6819674678873032;0,748907136070365;0,7624364167112936;0,7201021415428075;0,8413219812028258
Reverberation Time (T-30);0,4051434557957865;0,4435565842246458;0,6265976972478441;0,7458274162485525;0,8364116199465488;0,8157782538499155;0,8180739118729704;0,8673897241076798
Clarity - 50 ms (C-50);9,601624707133716;9,32589280529577;7,882454603084823;7,389294283529562;6,99677639303784;7,181640897485626;6,948538687123566;4,2825724214447565
Definition/Deutlichkeit (D);90,12201376363433;89,57246945042246;86,01084751575307;84,58464811223011;83,36295641371832;83,94635700584283;83,21007008404942;72,85871402216124
Clarity - 80 ms (C-80);14,533203901111913;14,066525479957196;11,77289946790437;10,964685125645317;10,485120920784725;10,667898806209493;10,600557641093175;7,523248960766503
Center Time (TS);18,09572378719708;16,80728919383495;21,658571049817386;23,40639876460176;24,725635303631975;24,58645020483884;25,18031482355774;38,71076995847611
Strength(G);11,978371629813633;10,986140682688998;11,216171623687451;11,130800387195478;11,180767209762557;11,217452123703488;11,588322495280728;13,01858723916316
Lateral Fraction(LF);3,72557358487232E-08;3,619331113798991E-07;0,000127715915271115;0,0003028984966962097;0,00031409388621206016;0,0001022875115999011;4,2743916546158164E-05;1,606073762153394E-05
Lateral Efficiency(LE);1,553593926375463E-08;2,0255085715965836E-07;7,973607762061226E-05;0,00019697224506971773;0,00019900724570957615;6,315500331637621E-05;2,5135802036378774E-05;1,0460077611254991E-05
Receiver 22;63 Hz.;125 Hz.;250 Hz.;500 Hz.;1000 Hz.; 2000 Hz.;4000 Hz.; 8000 Hz.
Early Decay Time (EDT);0,3680207177084249;0,4059456501339945;0,45588570931083655;0,5133907570968546;0,5287610067767486;0,5314429132522284;0,5221907381159396;0,698141995465237
Reverberation Time (T-10);0,373500556883139;0,3939126248571318;0,4932518789751477;0,5603811839556703;0,6049401564744964;0,6146701957059004;0,6108848525898295;0,785950033283457
Reverberation Time (T-15);0,38659565304935656;0,4085883093019645;0,5361664101155108;0,6345283977370522;0,6852762120043465;0,6806912160559035;0,6929526344581302;0,8177765225378473
Reverberation Time (T-20);0,3967715359488094;0,42183349088587313;0,5874355677159921;0,6853274670269036;0,7564235141515546;0,7592351112353788;0,7416326373219463;0,840752939818742
Reverberation Time (T-30);0,4097945642993512;0,45283903966204836;0,6401345499743409;0,7677948943379262;0,8414549618009931;0,8413596549385189;0,8205533555996124;0,8658543474313929
Clarity - 50 ms (C-50);9,265748242194087;9,115582753084055;7,801370608780744;6,956224051985448;6,7367021643657665;6,907043793986656;6,651364895024791;4,043723042677573
Definition/Deutlichkeit (D);89,41807676522846;89,09506230953106;85,79441424066802;83,23436069709169;82,55461951736334;83,08174302269039;82,23463294943564;71,8167568056368
Clarity - 80 ms (C-80);14,328736486380667;14,130430539906927;11,842517804539213;10,739346152014424;10,454884018383552;10,573132217508725;10,42800312905483;7,2452700184816266
Center Time (TS);18,864428063993035;18,012889762082526;22,545021365664763;25,44884785580172;26,628575593642353;26,216306716271387;27,30878491877321;40,89936947363199
Strength(G);11,907372730729453;11,12976419494619;11,431004598177545;11,342241911904836;11,450243518140681;11,430038083281545;11,671511097902439;13,133686982485834
Lateral Fraction(LF);3,5526705542397296E-08;4,0134392449982997E-07;0,00013864040454154942;0,0003378742704216322;0,00035193224304440763;0,00010541754761819922;4,476434089224938E-05;1,6900732412277126E-05
Lateral Efficiency(LE);1,602857643584865E-08;2,1123418076819982E-07;7,910061895216083E-05;0,00019871958949382648;0,00021153576098848162;6,392953161808299E-05;2,6487538952741684E-05;1,065625340256925E-05
Receiver 23;63 Hz.;125 Hz.;250 Hz.;500 Hz.;1000 Hz.; 2000 Hz.;4000 Hz.; 8000 Hz.
Early Decay Time (EDT);0,35319881084719923;0,39070508885109745;0,44072455181249726;0,4927963319797614;0,49528915881553887;0,5077575777281756;0,48436240197596137;0,6221046362690121
Reverberation Time (T-10);0,3515842230301465;0,36769360463654294;0,461095824867517;0,5024563922747811;0,5327466655234884;0,5409972484779535;0,5548687814240014;0,7266844463863906
Reverberation Time (T-15);0,36299203020811394;0,3800465969710054;0,5008724662095457;0,5229617686836866;0,5936686248226412;0,5873633325551175;0,6172895079172528;0,7828590747317971
Reverberation Time (T-20);0,3787053473831329;0,3952262284483459;0,5477291708879366;0,6010122555039802;0,6167436046421533;0,6460068780839274;0,6713238552783538;0,8136481780450884
Reverberation Time (T-30);0,3959259484616885;0,42080300567447587;0,5885041628519407;0,6999189900885243;0,7492935397141167;0,7690921291678084;0,7515726086250369;0,8479053539219457
Clarity - 50 ms (C-50);10,271800884715244;9,736722581562063;8,329809751285731;7,2525508320562695;7,087741408548932;7,1144645781155855;7,216759797181618;4,969395424847442
Definition/Deutlichkeit (D);91,42023011092779;90,40005393208756;87,19865947648006;84,15706937989685;83,64612706424867;83,73148505328717;84,05420270562233;75,87297657079984
Clarity - 80 ms (C-80);15,730887677775392;15,20460162452113;12,726653441617628;11,445176213211504;11,241804354977178;11,386147425657358;11,310896259902144;8,428627013770427
Center Time (TS);15,854191847002534;16,0277426485531;19,988342061687575;23,550361952047908;24,422297553782858;23,903021370521998;24,595885439708216;35,0530489007948
Strength(G);10,190859249895354;9,898986967509504;10,288097519254947;10,299632993531503;10,415009455680739;10,192342056649288;10,49866383688861;11,350307435540259
Lateral Fraction(LF);2,844991986855976E-08;3,6085830549051954E-07;0,00012038075276225331;0,00032268603365358917;0,0003375207819084137;9,482454723736244E-05;4,079760836461473E-05;1,4787623363615122E-05
Lateral Efficiency(LE);1,1094262844534755E-08;1,6289280529822655E-07;5,6810435150274375E-05;0,00016867099287401304;0,00017110313302284063;5,203046763209645E-05;2,1838787395452286E-05;8,533908007182113E-06
Receiver 24;63 Hz.;125 Hz.;250 Hz.;500 Hz.;1000 Hz.; 2000 Hz.;4000 Hz.; 8000 Hz.
Early Decay Time (EDT);0,25042691748280954;0,36304112790583465;0,4376201928244498;0,471777777887935;0,4733132309516217;0,4691069953745081;0,4626022428328662;0,4484486883867392
Reverberation Time (T-10);0,2957495037835657;0,35150312097570474;0,3764831451232314;0,38250685045984933;0,4000153130846818;0,39567433849041916;0,3962489931045196;0,3862690202890503
Reverberation Time (T-15);0,26434342510368136;0,305382275796806;0,37216647083626647;0,41325539404522726;0,4413733212440443;0,43804771716164037;0,43593539575857904;0,43062846098158897
Reverberation Time (T-20);0,2556995321345464;0,311587558253936;0,38737872644406285;0,41657035059748604;0,433202073416403;0,4304579054064559;0,42833377681327595;0,43266291585896594
Reverberation Time (T-30);0,27464342039487133;0,31941269731931193;0,38426359430722795;0,40050105077609965;0,406032153498103;0,40980893593797824;0,4122601175765121;0,43436546622547006
Clarity - 50 ms (C-50);13,697584147195677;11,888534071577597;9,66083370650831;8,60866919261762;8,251557450018934;8,255745617249126;8,191479228322878;8,498504400503714
Definition/Deutlichkeit (D);95,90654671065451;93,91998556982165;90,24271922311505;87,89175457788012;86,98905429846965;86,99996514016361;86,83168238987429;87,61919661597696
Clarity - 80 ms (C-80);22,102986122977534;19,281158727586178;16,050144485714796;14,671740830826119;14,08530308205002;14,12969405467063;14,069141027614052;14,403182229580631
Center Time (TS);9,086557271832094;9,98320107764887;14,258787838443071;16,82888795084584;17,91660097766341;17,96466706733271;18,30222002402163;17,68234472452085
Strength(G);7,320735066139058;6,740003872412366;7,336073770685964;7,6579406357729525;7,795171865609902;7,835792800522803;7,971009691084532;7,903255084200225
Lateral Fraction(LF);3,125979624924942E-08;2,533366871049336E-07;9,912682067183534E-05;0,00026818002292058565;0,00027582211312032024;8,851234331158587E-05;3,728416325981421E-05;1,2017036697222127E-05
Lateral Efficiency(LE);4,8580050990907634E-09;7,675201743073941E-08;3,381074856743014E-05;9,904878791625153E-05;0,00010310137406891297;3,293196513047382E-05;1,3331181109187998E-05;4,072331018323313E-06
Receiver 25;63 Hz.;125 Hz.;250 Hz.;500 Hz.;1000 Hz.; 2000 Hz.;4000 Hz.; 8000 Hz.
Early Decay Time (EDT);0,3511723490566953;0,41025269428716743;0,45704196306750683;0,48386438486165906;0,4921702749914852;0,48745895223101415;0,49221820523842214;0,5728291202396897
Reverberation Time (T-10);0,31113409098386885;0,33451416382950333;0,41207927020209706;0,4669788265735849;0,49852627771135805;0,4995560956807806;0,492630422767965;0,6609334580755376
Reverberation Time (T-15);0,3210503038465919;0,3539418214359138;0,4593486131230628;0,4999596806542763;0,5414347458318998;0,5381695674332984;0,5575544738705132;0,7031665771441609
Reverberation Time (T-20);0,3406902580002817;0,3743715864389274;0,48106151768944977;0,5274618374462917;0,5672227649347894;0,546080341804853;0,574582963256117;0,7329340025873541
Reverberation Time (T-30);0,36591370188336525;0,39536854972437613;0,5002547455721864;0,5759992840988483;0,6669501510069766;0,6071770148241381;0,6406866838203977;0,788673958264842
Clarity - 50 ms (C-50);11,098411834048656;10,622484767611688;8,699245211447607;7,8569185212428225;7,4067493255368895;7,637497403327091;7,409169535903225;5,837494228750461
Definition/Deutlichkeit (D);92,79423934332355;92,02623929966941;88,11195799484204;85,92557684315086;84,62474160977645;85,30340787756265;84,63199105515277;79,31687441052483
Clarity - 80 ms (C-80);17,110769042759564;16,533612319346307;13,777867944297677;12,379601160285723;12,069336834886217;12,263532780711264;12,100345747466166;9,676857961502293
Center Time (TS);13,68932306432668;12,971449660302799;17,582708685377575;20,340462208433838;21,890514352382116;20,93916998993194;21,749254821189048;29,06321542962037
Strength(G);8,268061931800709;7,646979288317116;8,155386383118504;8,43709595040933;8,578921064491439;8,508219484233791;8,655193884083317;9,2620312714784
Lateral Fraction(LF);2,822780474531645E-08;2,7077798144297804E-07;0,00010522355538558876;0,00028656572038886707;0,0003036484835219513;9,202908951341683E-05;3,747284437896494E-05;1,236897963258926E-05
Lateral Efficiency(LE);8,523494135106991E-09;1,1257662921611963E-07;4,6225145550012315E-05;0,00013497468297558884;0,00014399812654852863;4,0809897941914666E-05;1,6237568273686995E-05;6,071874569302322E-06
Receiver 26;63 Hz.;125 Hz.;250 Hz.;500 Hz.;1000 Hz.; 2000 Hz.;4000 Hz.; 8000 Hz.
Early Decay Time (EDT);0,3493655954471124;0,4151049384107371;0,4751948292728209;0,5040511023589986;0,52351043560762;0,513778321198546;0,5189867265545323;0,6841837571564333
Reverberation Time (T-10);0,34587561767831665;0,3762753232659998;0,4886044045427963;0,5641607434536972;0,6068146442602941;0,5672715104040342;0,5937709140045596;0,7617409901436835
Reverberation Time (T-15);0,35900141065319324;0,40111717480294734;0,5145015154505406;0,6038855668218183;0,6433674258004717;0,6103152119997616;0,6596460580377299;0,7927990033786854
Reverberation Time (T-20);0,3741769789862102;0,41865060141014776;0,5318654899393525;0,634175025424647;0,6703664338792646;0,6519652945861056;0,6950368987847804;0,8073496547035733
Reverberation Time (T-30);0,39134962260360145;0,43141125041535505;0,5732157734038963;0,7096573923827697;0,7594514163912175;0,7662876850406632;0,7637100117008999;0,838567342465138
Clarity - 50 ms (C-50);9,549574201558128;9,09866564638773;7,297250162964531;6,725084355501108;6,183082446229387;6,465073482867368;6,294787474120417;4,12121381468592
Definition/Deutlichkeit (D);90,0148055326763;89,04206637759525;84,29381546251224;82,46981215516158;80,59189536174844;81,58737832663606;80,99104455451167;72,09028688678679
Clarity - 80 ms (C-80);15,110309217958811;14,069068827639452;11,412471375207145;10,547200454444297;10,130161211440456;10,23427947850508;10,130190027395454;7,344309526251697
Center Time (TS);18,065594672239982;17,78012429962541;23,40264050421105;26,113033402819013;27,9206436898864;26,988127418369743;27,583389755090796;39,80306290752651
Strength(G);9,788551965842196;8,817533527059556;9,33019123061596;9,57631642433384;9,638622942083913;9,667112364491139;9,856940318711509;11,074052042717355
Lateral Fraction(LF);3,681293667369916E-08;3,6865229242277184E-07;0,00014146327733478603;0,00036359231194544727;0,00037601942900877523;0,00011665312774107174;4,634819803394001E-05;1,6492545542905874E-05
Lateral Efficiency(LE);1,3432911940188823E-08;2,0554423277683866E-07;8,179244742026564E-05;0,0002141305573656733;0,00022052580740562097;6,785248423038734E-05;2,5642408084767018E-05;1,0127543873254179E-05
Receiver 27;63 Hz.;125 Hz.;250 Hz.;500 Hz.;1000 Hz.; 2000 Hz.;4000 Hz.; 8000 Hz.
Early Decay Time (EDT);0,3662990641718762;0,42234800838141495;0,4850238855583571;0,5250154005335375;0,5564990152994695;0,5627062547718741;0,5536047769274077;0,7226078385007354
Reverberation Time (T-10);0,3749197646632009;0,40971084614040537;0,5239578036537128;0,6278078226217821;0,6606449052399378;0,6644405049849338;0,6411508176274647;0,7994426762326486
Reverberation Time (T-15);0,388625502248053;0,4278566291621086;0,5419729021782378;0,6848629522097565;0,7328212658052875;0,7333244232697702;0,7163053822649897;0,836848178439651
Reverberation Time (T-20);0,39675699557158944;0,43972063686067986;0,5800110607497088;0,7144953363820409;0,7901404001321711;0,7900176718877716;0,773261988456246;0,8528287510661487
Reverberation Time (T-30);0,4077979371417469;0,4542541123996875;0,6373514311770219;0,7799732657840618;0,8556480590598491;0,8451942189082815;0,8481877266740925;0,8728473435412802
Clarity - 50 ms (C-50);8,52508233990722;7,989183059037651;6,354418806577171;5,922409263364052;5,359941707524236;5,523414410317767;5,417956068986963;3,025496139686816
Definition/Deutlichkeit (D);87,69140455880131;86,30138355795705;81,22462360478966;79,67571332075063;77,45948410575619;78,10529744349573;77,68720840853415;66,78548506469212
Clarity - 80 ms (C-80);13,810848098899983;12,875445795410494;10,444454859998103;9,68877942303324;9,22292835717385;9,184111939174798;9,276683289754406;6,458093679361819
Center Time (TS);21,28997109390902;21,654611186237087;27,852127587439583;30,200491428972732;32,30632481222148;31,886339559598678;32,126860940249486;46,59778812927233
Strength(G);11,118248630217472;9,9123671401105;10,43418830591743;10,49684516689507;10,491926015473858;10,507671354061785;10,757323108459104;12,633753402448924
Lateral Fraction(LF);4,760629248729224E-08;5,029237943615252E-07;0,0001796171178446125;0,0004317929495142787;0,000443828517251747;0,00013794090863545328;5,807211797736142E-05;2,0949684311112894E-05
Lateral Efficiency(LE);1,877373202766044E-08;2,6751003115173573E-07;0,00010132662498838654;0,00024874279368391203;0,00025814924744825633;8,262138312557289E-05;3,078441517418432E-05;1,3022489732869287E-05
Receiver 28;63 Hz.;125 Hz.;250 Hz.;500 Hz.;1000 Hz.; 2000 Hz.;4000 Hz.; 8000 Hz.
Early Decay Time (EDT);0,3773891874860373;0,4271686309963771;0,4944027364624288;0,540694064093452;0,5587003372090045;0,5608140095756177;0,5616914938766926;0,744557070531376
Reverberation Time (T-10);0,38738621817125923;0,4012458455513959;0,534839152255484;0,5982674260529068;0,6552703347613259;0,6632463162430253;0,6637319613653822;0,8182228345765544
Reverberation Time (T-15);0,40002073583202297;0,41800189502742535;0,5684164628324356;0,6699226830500836;0,7156397009458637;0,7309526525393875;0,732927952432001;0,8436222437501995
Reverberation Time (T-20);0,4061992056820491;0,43119179227452903;0,6048823242078352;0,7084914518288206;0,7827021529454518;0,7837185169754084;0,7605421968128924;0,8589623507453729
Reverberation Time (T-30);0,4134983810276504;0,4606918748116611;0,6445993076192069;0,7833902308496297;0,8580367951079722;0,8591296099394377;0,8431817620937998;0,8752204357039453
Clarity - 50 ms (C-50);8,303864130210307;7,687875300561141;6,236431081943156;5,632653016045942;5,2210909968009425;5,401247272005671;5,274916333425965;2,76628034552407
Definition/Deutlichkeit (D);87,14234746280023;85,45858834257784;80,78841062923668;78,53724858232381;76,92386448537377;77,66730305670993;77,12279232182406;65,42315321046254
Clarity - 80 ms (C-80);13,404566125543194;12,932076122351946;10,255510095445224;9,49989314925832;9,049102018290977;9,164557140637017;8,978110207535298;6,170218609223235
Center Time (TS);21,973400201207504;22,40252421620426;28,744684381409833;31,544341865439396;33,59108946683455;32,79828281485156;33,750950099948774;48,57317143532236
Strength(G);11,026198468754767;10,236365212121193;10,645428364668298;10,771255035245126;11,005170574595276;10,87726470257195;11,061605909540035;12,698981160334888
Lateral Fraction(LF);4,402334951209236E-08;5,105650704390349E-07;0,00017889618480624217;0,000452192862383264;0,0004726276638008935;0,0001397864876727302;5,941940213764785E-05;2,1101308439186196E-05
Lateral Efficiency(LE);1,794643593201628E-08;2,511903216272977E-07;9,370124998259363E-05;0,0002417108869378783;0,00024840709140888347;7,88235721564517E-05;2,958741482407587E-05;1,2623371987729932E-05
Receiver 29;63 Hz.;125 Hz.;250 Hz.;500 Hz.;1000 Hz.; 2000 Hz.;4000 Hz.; 8000 Hz.
Early Decay Time (EDT);0,3526793773496567;0,4057226327189712;0,4749774037150976;0,5157277299428653;0,5290010559142977;0,5097424699541141;0,5122471613287021;0,6792097152763759
Reverberation Time (T-10);0,35327477798528695;0,3824807172374643;0,49801893039280226;0,5334333597824612;0,5887733747172756;0,5643365661597228;0,5758410790842211;0,7657187686215678
Reverberation Time (T-15);0,37617703448067674;0,38971766707772154;0,5232267482108348;0,5537510915828266;0,6361746001466575;0,6137647702124484;0,639345577462143;0,8067757486511195
Reverberation Time (T-20);0,3823498286159628;0,39686727428895746;0,558605547192045;0,6177603025687759;0,6593624617087643;0,6642144636551567;0,6831887627370374;0,8316558290268108
Reverberation Time (T-30);0,39740716294606854;0,4261313567348567;0,5937557729549834;0,7041839874650567;0,7707746167364203;0,7883321669289017;0,7651118380687678;0,8597182151456085
Clarity - 50 ms (C-50);9,637817520186427;8,599680220081051;7,095586037849287;6,278070920440805;6,059756477700628;6,344533765512921;6,046230837091407;4,057651817651115
Definition/Deutlichkeit (D);90,19595472978725;87,86971031008997;83,67060288067393;80,93171439380079;80,14386799998312;81,16707069858357;80,1047831334926;71,79486412851737
Clarity - 80 ms (C-80);14,828938984718638;13,958351801738768;11,37875574685362;10,263709465915642;9,835960755374495;10,263525215565618;9,985476945306038;7,371937207078611
Center Time (TS);17,935970013132426;19,528250533424117;24,647684930611348;28,044742655148735;29,99546388548327;28,334434914806234;29,57444349530054;40,476331804959166
Strength(G);9,526728518415482;8,987064308845536;9,463309005261657;9,768849241612337;9,9888417208563;9,788374604003323;9,941962659735381;10,970889934126646
Lateral Fraction(LF);3,5073856172334446E-08;4,296883900413524E-07;0,00014228734862560354;0,0003872953168725383;0,0003973445773163843;0,0001216686965072585;4,8968216263072875E-05;1,7259227256451022E-05
Lateral Efficiency(LE);1,185059751412803E-08;1,9003657182828798E-07;6,291806460857306E-05;0,0001850821394837337;0,00019626781847801507;5,815662312117907E-05;2,2995275718311083E-05;9,021379512883925E-06
Receiver 30;63 Hz.;125 Hz.;250 Hz.;500 Hz.;1000 Hz.; 2000 Hz.;4000 Hz.; 8000 Hz.
Early Decay Time (EDT);0,23613451652219647;0,35479685856172677;0,41128937236780194;0,4437471316936107;0,4467874896936152;0,43960871153442466;0,43970052895544587;0,4278793437325749
Reverberation Time (T-10);0,3063499128957361;0,3342288647995863;0,36011633027845796;0,40924227646238537;0,43358893228111706;0,4236966607204651;0,4237911857797724;0,4214679568026518
Reverberation Time (T-15);0,26128876907914644;0,3159806658729035;0,39239766735710185;0,4455302184807503;0,4673390023523686;0,46193172017536943;0,45928353350087403;0,45427509198787425
Reverberation Time (T-20);0,263185345103938;0,3380765140204961;0,40109906792373495;0,41970900795986066;0,44233252052349853;0,43026179560080224;0,42882219270390504;0,4391143860816796
Reverberation Time (T-30);0,28252933993434814;0,3263973823847978;0,3843264174866351;0,406463925288018;0,42547167521738877;0,4178823851094051;0,4191900603321067;0,4099194714187573
Clarity - 50 ms (C-50);13,744035646368744;11,622598288029362;9,375765632854357;8,30709424159728;7,958462495145026;7,992581842596479;7,924082590202245;8,20445355767305
Definition/Deutlichkeit (D);95,94833188191637;93,56076971107757;89,6492867914083;87,13310475812092;86,20597199179588;86,29912761244574;86,1115674068166;86,86580413142272
Clarity - 80 ms (C-80);21,218138207252846;18,09526956301766;14,90437294533369;13,526093595742603;12,971366277868803;13,055553329087243;13,027352427035302;13,21074784089084
Center Time (TS);9,80617731075644;11,33929659966705;15,923388933548297;18,60025869023385;19,735579971835193;19,774423297338778;19,956773954446053;19,359736078200353
Strength(G);6,615678713785883;5,988679941447277;6,737137407019581;7,118509819691042;7,280010686077347;7,347302973887288;7,46571661196662;7,39307778665605
Lateral Fraction(LF);2,104781120289235E-08;2,425900057319764E-07;9,371016233007967E-05;0,00025526977382997576;0,0002620238180317889;8,39225638529672E-05;3,444020382006068E-05;1,0720063258123812E-05
Lateral Efficiency(LE);4,361935867361879E-09;7,026111608212991E-08;3,0374204292760742E-05;8,882994286170509E-05;9,19053671723309E-05;2,922373390326434E-05;1,1744944606103198E-05;3,511772555942631E-06
Receiver 31;63 Hz.;125 Hz.;250 Hz.;500 Hz.;1000 Hz.; 2000 Hz.;4000 Hz.; 8000 Hz.
Early Decay Time (EDT);0,3243637894131868;0,3931296467886397;0,4358903920130593;0,4600364552021421;0,48618016928268426;0,4653694307170714;0,47525802827500163;0,5762865268683128
Reverberation Time (T-10);0,3053364145108332;0,36071668747254393;0,4541674402555333;0,4914714495568609;0,5600295205280119;0,51100186881361;0,515528093734071;0,683795249423462
Reverberation Time (T-15);0,3254267382708619;0,3874020488757185;0,48635685994485384;0,5458599523367551;0,5771771077050319;0,5326798498832781;0,5453384781288444;0,7099037535806969
Reverberation Time (T-20);0,3466435704300737;0,39568770176152956;0,49029319399254667;0,5450534929005894;0,6046659263998678;0,5463927021150592;0,5670635970456938;0,7513724834092448
Reverberation Time (T-30);0,3724511706546355;0,4022564938675972;0,5339535765117016;0,5989659924931259;0,741947806837472;0,6654709729396462;0,678494844747319;0,8152640645982262
Clarity - 50 ms (C-50);11,145288729833048;10,22414269431586;8,187408776839995;7,384967463185143;6,9701398132110945;7,225627463531613;6,905236625984859;5,427469063506402
Definition/Deutlichkeit (D);92,8660799089365;91,32671591750166;86,82096184903672;84,5593707176826;83,27068508751042;84,07423885510127;83,0614624639032;77,72515500930564
Clarity - 80 ms (C-80);17,000818882734357;15,271669364003449;12,662932775256262;11,802700024728033;11,073047355053117;11,538498174157489;11,339321184770236;8,962014859019497
Center Time (TS);14,349373980738553;14,7095062048364;20,054041333236473;23,081193515314105;24,59892109348583;23,54193055089378;24,784571279790605;32,13914531562431
Strength(G);7,448553557863999;6,6772081714496885;7,444551656744956;7,8086021479276795;7,897797169121787;7,932801275523531;8,127081546361268;8,709023640341215
Lateral Fraction(LF);2,556512426871991E-08;2,3692349788699584E-07;9,049183273174312E-05;0,0002379254519065792;0,0002444203059901256;7,749552964753136E-05;3,2193625174305914E-05;1,0309697574551734E-05
Lateral Efficiency(LE);6,279520266564015E-09;7,97890740331589E-08;3,263089919833274E-05;8,989358119658825E-05;9,079299761354414E-05;2,8201392921846318E-05;1,2171336281716973E-05;4,2317523436167115E-06
Receiver 32;63 Hz.;125 Hz.;250 Hz.;500 Hz.;1000 Hz.; 2000 Hz.;4000 Hz.; 8000 Hz.
Early Decay Time (EDT);0,3571630291644987;0,42397242526194295;0,4802173643705637;0,5093849855811744;0,5415024488016877;0,5091299627044703;0,5402818851458641;0,6954495806836138
Reverberation Time (T-10);0,34944852608563814;0,3847655208912097;0,5045838788141013;0,5480964708881836;0,6323944830784562;0,5588385652457787;0,6105276503774926;0,7705669928211748
Reverberation Time (T-15);0,36404877685103254;0,40473138196955555;0,5257692252475402;0,5944209245637543;0,6675948839377889;0,6098322858918319;0,6515585771856593;0,7962830409285983
Reverberation Time (T-20);0,37821133262970497;0,4186560975989265;0,5411149794753136;0,6324391864781409;0,6981521668864433;0,6620683193214493;0,6912152006254627;0,8156459246093924
Reverberation Time (T-30);0,39445115818146254;0,4343595104343979;0,5934218055615765;0,702650454395946;0,7994576977007486;0,7744965378985194;0,7864868195029167;0,8508322610972643
Clarity - 50 ms (C-50);9,051118204965453;8,134512381574046;6,341549223099348;5,798725829439162;5,242349905219519;5,627437868801729;5,172916115530509;3,2856658982298725
Definition/Deutlichkeit (D);88,93478540338299;86,68097193154628;81,15626002943733;79,17004586854014;76,97846587202116;78,51214534506641;76,6939162264044;68,06047836158933
Clarity - 80 ms (C-80);14,720656680463865;13,585648542624684;10,830184008436492;10,362890174429495;9,582222219949465;10,209159413135326;9,462335057907982;6,880392396685694
Center Time (TS);19,31203059216976;20,29927243015727;26,90698034262879;29,495249689491434;32,11407349048193;29,867929243456025;32,158396588815336;44,383550423580886
Strength(G);8,985795695268472;7,905854860987652;8,70891305954207;9,115139232946902;9,190377183351458;9,204265523845066;9,326446035911026;10,706839155924314
Lateral Fraction(LF);3,609023875349336E-08;3,589577189293499E-07;0,00013265319508099974;0,0003480427754706873;0,0003579335469717966;0,00010840835490012365;4,333639570834035E-05;1,4984827568099797E-05
Lateral Efficiency(LE);1,1225897956860271E-08;1,5950327516857405E-07;5,9180492020858476E-05;0,00016500353918495473;0,00017003398848203666;4,955367201278814E-05;2,0139947660256984E-05;7,690125312146684E-06
Receiver 33;63 Hz.;125 Hz.;250 Hz.;500 Hz.;1000 Hz.; 2000 Hz.;4000 Hz.; 8000 Hz.
Early Decay Time (EDT);0,3749575866704728;0,42206854228286417;0,5092726515921026;0,541008793635801;0,5778447861340872;0,5651326289927125;0,5903014512620198;0,7596571109068891
Reverberation Time (T-10);0,38209173265524987;0,4278630093496376;0,5358413697340149;0,6315467365278977;0,7096429666224408;0,6928167369760407;0,694123033816928;0,8355541576701094
Reverberation Time (T-15);0,39519664958145595;0,4364996416662724;0,5624612283468547;0,696216676427854;0,7751817147093081;0,7496033601252677;0,7551870189337605;0,8521871597039365
Reverberation Time (T-20);0,4026093567282975;0,44881662785966386;0,5965676973879673;0,7221761647206902;0,8107382566922785;0,7947154417526847;0,7959886179438034;0,8622832099278723
Reverberation Time (T-30);0,4111423461463991;0,46282247967863266;0,6438053410974064;0,7892756556609375;0,8650936254211034;0,8554117863485039;0,8548875215196765;0,8782103939968029
Clarity - 50 ms (C-50);7,741273084727447;6,875949514159963;5,127295437762518;4,7019265212804084;4,189767774497677;4,310946203633639;4,205851089469031;1,9102897232484026
Definition/Deutlichkeit (D);85,60045513404992;82,96637233749532;76,5796440866625;74,71777253780483;72,40889619064515;72,96074872367144;72,49037971174278;60,850217614072356
Clarity - 80 ms (C-80);13,138609772639438;12,015105155823697;9,559190057229777;8,961312911340904;8,386614347915417;8,502674319966852;8,260420654501925;5,616235876950114
Center Time (TS);24,08921150245774;25,814625452060966;33,07320563238479;35,67796176177517;38,787166565476824;37,5875639441217;38,551266550839436;53,48387608863388
Strength(G);10,981131848081265;9,937236838717851;10,793303047996638;11,133088931037001;11,089714370874006;11,074801387469307;11,237097845676786;13,200510027369987
Lateral Fraction(LF);5,575436977446548E-08;6,491187698901254E-07;0,0002262394414300399;0,0005666751955202199;0,0005585299520464198;0,00017171624570146913;7,108947007333719E-05;2,4656374160921703E-05
Lateral Efficiency(LE);2,133373656687557E-08;2,9617979983397594E-07;0,00011121069802516415;0,00026404121925602345;0,00028189393528641165;8,361854359563099E-05;3,313245873920229E-05;1,483264100579809E-05
Receiver 34;63 Hz.;125 Hz.;250 Hz.;500 Hz.;1000 Hz.; 2000 Hz.;4000 Hz.; 8000 Hz.
Early Decay Time (EDT);0,3768666736520715;0,42996517332853984;0,5112469690099167;0,5635569577390589;0,6063320481031086;0,591390783847879;0,6054461032558927;0,7848121042857954
Reverberation Time (T-10);0,3964659641804432;0,4249511249351259;0,5528482103454397;0,6430470818538471;0,712552317311083;0,6960180653891578;0,7098450916015779;0,8307885074776085
Reverberation Time (T-15);0,40489228781757663;0,43539892976159567;0,5919639547272445;0,6889109998875429;0,7603988330272411;0,7532853445982007;0,7694265294319438;0,8523970840784295
Reverberation Time (T-20);0,41038533256812804;0,4482205898987395;0,6179510858634298;0,722119370850206;0,7969570564388407;0,8004414454013676;0,789720926047016;0,8632991315413955
Reverberation Time (T-30);0,415176198303541;0,467297587258646;0,6480965669449895;0,793589537539627;0,8648796860571497;0,8613635451292925;0,849499759259137;0,8791548882977654
Clarity - 50 ms (C-50);7,700708118363763;6,744461213265326;5,136823249918389;4,7117521677954235;4,062832013467475;4,294147129362913;4,3315807820500645;1,908389890953304
Definition/Deutlichkeit (D);85,48619505946458;82,5443948723994;76,62118345724569;74,80340766077694;71,85547753122077;72,89835402533267;73,0698529261804;60,856487313423855
Clarity - 80 ms (C-80);12,768679995696186;11,894042536781583;9,42619962681259;8,521723713894895;7,973598760389081;8,12310228601792;7,9873247848533016;5,269248629023266
Center Time (TS);24,520029476468064;26,50235121163849;33,593201193616416;36,45267819831335;39,79547904613325;38,74809991299237;39,298620109941844;54,43478689734281
Strength(G);11,267696089202033;10,455618304830733;11,304035614967795;11,641980525290109;11,748581668948859;11,627134049027703;11,82010962548408;13,718751782528216
Lateral Fraction(LF);5,169027908519347E-08;6,40789167636451E-07;0,00021821278722576937;0,0005538797072608549;0,0005583598525786684;0,00017786962825877615;7,078695008378314E-05;2,4182483386841642E-05
Lateral Efficiency(LE);2,0604793094494825E-08;2,9420121862116933E-07;0,00010724514587219164;0,0002517029119696082;0,00027915362264040395;8,363103271069036E-05;3,253517834734191E-05;1,4047279818436587E-05
Receiver 35;63 Hz.;125 Hz.;250 Hz.;500 Hz.;1000 Hz.; 2000 Hz.;4000 Hz.; 8000 Hz.
Early Decay Time (EDT);0,36800464763365853;0,3973801494198833;0,498980752381548;0,538351349213784;0,5541864741333953;0,5407489240789515;0,5572106282288624;0,7235895787278187
Reverberation Time (T-10);0,36760354458062044;0,4044604435435856;0,5214595233623778;0,5719836356895541;0,6233110081287301;0,5885426056893349;0,6147523558010878;0,7815357323916514
Reverberation Time (T-15);0,38286723855330984;0,40935935396313167;0,5566009627889472;0,6060855628668133;0,6692610494221003;0,6477200825110453;0,6741314704355209;0,8160928369423364
Reverberation Time (T-20);0,39203381552269245;0,4244654080312481;0,566988228708623;0,6483569363562729;0,7146278178400194;0,7061243131847406;0,7234850198773272;0,8378693413190471
Reverberation Time (T-30);0,4023333272550776;0,4471830014638407;0,6038239370037847;0,7470679893473311;0,8014678542542866;0,8138442902969486;0,7913157265647809;0,8638088832138786
Clarity - 50 ms (C-50);9,007372299766757;8,26198616005725;5,949555174370361;5,51451484472179;5,123172625310427;5,431129882374356;5,1513956292999445;3,2155857027103476
Definition/Deutlichkeit (D);88,83527064378184;87,01620830821847;79,73697656176353;78,07501020262416;76,48856028106835;77,74678927663156;76,60783078806679;67,70868108208704
Clarity - 80 ms (C-80);14,021198110695627;13,117720976593404;10,311306749906882;9,371088569355207;9,019090372035464;9,199021661214875;8,81594301952243;6,438068237414055
Center Time (TS);19,811388007002964;21,60025928525474;29,16858147208975;31,486997096884718;34,11012419164317;32,49578436372821;34,18404840097796;45,67806742362901
Strength(G);9,06108736903618;8,547374445226449;9,193730189577863;9,6621972759756;9,934113021843423;9,677128135752014;9,857182587425584;11,267494673712818
Lateral Fraction(LF);3,312609796683569E-08;4,3306460623918153E-07;0,00014603621922206424;0,00038128227289546213;0,00041313203407436944;0,00012338560149857583;4,823388032382456E-05;1,5853722406350386E-05
Lateral Efficiency(LE);1,1170451077157416E-08;1,7110712099063233E-07;6,491330575580497E-05;0,0001660379559906885;0,00018032691072410352;5,4580119374304105E-05;2,0904957366816318E-05;7,721315311222117E-06
