Pachyderm Acoustic Simulation Results
Saved 22.12.2024 20:49:39
Filename:ORASE_FlatCeiling_Rough_Concrete (2).3dm
Source 0;
Receiver 0;63 Hz.;125 Hz.;250 Hz.;500 Hz.;1000 Hz.; 2000 Hz.;4000 Hz.; 8000 Hz.
Early Decay Time (EDT);0,29224276410342936;0,27511701170145575;0,4511889162091675;0,5088234502220229;0,5187141782184632;0,4587287249369708;0,4536148971750555;0,4479722296564365
Reverberation Time (T-10);0,2968173329990688;0,3429832155714601;0,38926321260237806;0,41725755147072974;0,41555136542579063;0,39027841502115684;0,39172503845897155;0,3854876622679626
Reverberation Time (T-15);0,27240974360124637;0,2985208838617494;0,35140471816367985;0,38935126578282653;0,4081864657152582;0,3912713072279761;0,39208153957214203;0,3817037885524325
Reverberation Time (T-20);0,25790541649096;0,29347646832517255;0,36654886391270225;0,40597168160244673;0,42136210366006627;0,40504767242728995;0,40440902913777727;0,39740066192489043
Reverberation Time (T-30);0,27269344076764324;0,30695266431796897;0,36683947173859943;0,39370056028525324;0,4042738947213506;0,3886634145567228;0,3873096507425908;0,3894022952627874
Clarity - 50 ms (C-50);17,67467901936767;16,126042260494685;13,853652536830669;12,83040441335331;12,326866438927519;12,120859448020678;12,00994839047665;12,346848473218186
Definition/Deutlichkeit (D);98,32051456885715;97,61808607984432;96,04532344042362;95,0466786507693;94,4714175819523;94,21837819603984;94,07768141066765;94,4953993458495
Clarity - 80 ms (C-80);25,090137334929096;22,563183406527564;19,210927296242765;17,77441600265254;17,019776514113435;17,00737317557122;16,87393830465345;17,292333762141773
Center Time (TS);4,464754249735368;5,093329222990062;6,897498798674985;7,979760655297409;8,715930544494062;9,402038893763766;9,61881341639726;9,202576946869383
Strength(G);12,360655684753972;12,354507518189756;12,524230854435828;12,612689276995695;12,694385778891586;12,89465456193878;12,925835915340997;12,876553129471503
Lateral Fraction(LF);8,10309147086366E-09;9,649289243626885E-08;3,645413955742847E-05;9,781644919379383E-05;0,00010268824533463298;3,591552941500286E-05;1,4502140651199152E-05;4,5214936840843156E-06
Lateral Efficiency(LE);4,342865391885363E-09;5,422451490076318E-08;2,2696103014475257E-05;6,405062754342732E-05;6,773859437260008E-05;2,265140375209429E-05;9,162727159119186E-06;2,7893052421325317E-06
Receiver 1;63 Hz.;125 Hz.;250 Hz.;500 Hz.;1000 Hz.; 2000 Hz.;4000 Hz.; 8000 Hz.
Early Decay Time (EDT);0,28957917164460134;0,2585022862415018;0,31681358552891703;0,36597471624858885;0,36021306900027317;0,3694078976828097;0,373088185412989;0,3463084087958727
Reverberation Time (T-10);0,3243991535322971;0,32989390688617276;0,38739123297985617;0,4255219642333466;0,4497006600244588;0,41949112104926933;0,43636801870226466;0,4352553867868302
Reverberation Time (T-15);0,31494536107399335;0,31941911858896926;0,3950587791023763;0,439544449923856;0,45414767535993833;0,4255851025398014;0,4428329495857371;0,47128630644887864
Reverberation Time (T-20);0,32405542127221576;0,32750265544450596;0,4086344940903174;0,4630017701582448;0,48165475701805993;0,4421431680325321;0,46152416067828567;0,5165722158746522
Reverberation Time (T-30);0,34963050221319836;0,34237082226851945;0,44505505039196913;0,5053364934498608;0,5351017157458724;0,4710022747206815;0,4843612089038193;0,5986846087132676
Clarity - 50 ms (C-50);17,12306318168606;17,36212600601377;15,263125095759218;14,384801884466123;13,723751693103125;13,985295273937503;13,694133371814814;13,110376446701782
Definition/Deutlichkeit (D);98,09738415790916;98,19744882087127;97,10965359669365;96,48457607118884;95,93013605459191;96,15886304335365;95,90342617685062;95,34151804154722
Clarity - 80 ms (C-80);22,218997239491777;22,34342727016252;19,186310474685364;18,076993211508526;17,42501743499985;17,876543017710674;17,35830300351721;16,634820817723394
Center Time (TS);4,173968317275802;3,8798038624970963;5,2750587245294085;5,906283456524727;6,58202624314672;6,453281295097863;6,772210046706286;7,796096551582276
Strength(G);15,738432330512532;15,684241872255711;15,786229387274048;15,766157788844794;15,825896650584966;15,848344727217707;15,893591313992374;16,1398546449293
Lateral Fraction(LF);6,039761571663529E-09;7,286876331984814E-08;2,633935785872998E-05;6,924192937148463E-05;7,306522886534401E-05;2,412317444407982E-05;9,809081366517653E-06;3,3201722365180717E-06
Lateral Efficiency(LE);2,4166633709152304E-09;2,784463465999703E-08;1,1710322154148001E-05;3,211421210415387E-05;3,446821129921161E-05;1,1548275755052788E-05;4,632740167306975E-06;1,503182357525186E-06
Receiver 2;63 Hz.;125 Hz.;250 Hz.;500 Hz.;1000 Hz.; 2000 Hz.;4000 Hz.; 8000 Hz.
Early Decay Time (EDT);0,4749967263543792;0,34475373584823577;0,540879247604834;0,6394944641417337;0,8085897253958677;0,9146921349295025;0,6560283788449747;0,32695717187206297
Reverberation Time (T-10);0,30298188283955585;0,2738821851222896;0,386734732905959;0,42641105135444124;0,45017633301731497;0,4403602511960088;0,43638534089346787;0,4527442093931102
Reverberation Time (T-15);0,34258721703269723;0,3187501094135452;0,4076013325218265;0,4501321955674007;0,48131759966805515;0,43741487569593285;0,44681268964351206;0,5269580719648953
Reverberation Time (T-20);0,3528499826657425;0,33651911225182485;0,4359265740910476;0,48558900653173315;0,5117855541440359;0,46659658503826507;0,48419121806057064;0,5792545778086929
Reverberation Time (T-30);0,3790197534209857;0,3601691685447149;0,4998342460927583;0,564300015925727;0,6064674548273875;0,5403008569012695;0,5490043806375097;0,6701090698888429
Clarity - 50 ms (C-50);17,787307434331584;18,878877050064368;16,75946273700908;15,972444084082136;15,63293935996058;16,250506186451403;16,081691971137893;14,263246724190367
Definition/Deutlichkeit (D);98,36280591999089;98,72201340322529;97,93466656692071;97,53445101499555;97,33930970169492;97,6838215168556;97,59422545941293;96,38839635698456
Clarity - 80 ms (C-80);22,582904172948123;23,523067091678854;20,404472525808295;19,278804224963583;18,82049414419841;19,734884247007244;19,369371818020568;17,258849824505873
Center Time (TS);3,2070090589012;2,723707732775686;3,6768651818880542;4,241080013355038;4,411239091865042;3,9408094423297086;4,161295341747744;5,890377322985036
Strength(G);19,625969401561772;19,583600514026422;19,623147553623873;19,634904781753647;19,624175145796592;19,58259807378038;19,623032748616133;19,884852383147603
Lateral Fraction(LF);5,054332588031692E-09;5,6744431879061205E-08;2,0658003744864012E-05;5,394552217270956E-05;5,221851435306147E-05;1,6530276570821776E-05;6,788591240849185E-06;2,657349653280875E-06
Lateral Efficiency(LE);1,767970960817361E-09;1,954091528061881E-08;7,662134522657664E-06;2,207375524421221E-05;2,2717103633523695E-05;6,9897934752014165E-06;2,7866956362904927E-06;1,0788921930840614E-06
Receiver 3;63 Hz.;125 Hz.;250 Hz.;500 Hz.;1000 Hz.; 2000 Hz.;4000 Hz.; 8000 Hz.
Early Decay Time (EDT);0,28319829365452387;0,22635105827496524;0,2521611008672057;0,29174697407175165;0,3084414662004715;0,28291752015008376;0,27358454303572866;0,36228891986944267
Reverberation Time (T-10);0,35154792378548744;0,3107107349067287;0,37998066774381195;0,4122075743472384;0,4341750062355482;0,4151503993533813;0,413827586450291;0,5155427957079105
Reverberation Time (T-15);0,36655387885037405;0,3362530274453854;0,4354554374700798;0,48299501480402673;0,4914273911153871;0,46506772968176185;0,463807342816466;0,5759748088080722
Reverberation Time (T-20);0,37584213708899245;0,352586096443748;0,47330681247282785;0,5389967354644428;0,549226390758606;0,5136895767651547;0,510327840178707;0,6422612431972046
Reverberation Time (T-30);0,39690247583813787;0,3834783225809673;0,5400530739577442;0,640514196973797;0,6926438110642106;0,6393686021790861;0,6178466001857911;0,7258572480232413
Clarity - 50 ms (C-50);15,362449576230734;17,01175288740869;14,987837027427336;14,38068347967533;14,123936614063076;14,787243761296722;14,734132229137282;12,326785704280729
Definition/Deutlichkeit (D);97,17484806391563;98,05184565966472;96,92804500798353;96,48236918771921;96,27616282653456;96,78655800592048;96,74919799032254;94,48519898234093
Clarity - 80 ms (C-80);20,120517639593455;21,736976253080673;18,712916796371893;17,615911699613214;17,355719909949578;18,2129060121586;18,102512157351853;15,34271695685674
Center Time (TS);5,013970724310964;3,875924675135546;5,240496844495685;5,9941678199314925;6,1488982954000635;5,335739203662136;5,464672827057485;8,633703314475847
Strength(G);20,030609347726024;19,91162012476498;19,982269060932808;20,002176942390918;19,967118188843187;19,871451353217573;19,923236844848425;20,36400106404387
Lateral Fraction(LF);9,553291317932198E-09;1,0324929210798816E-07;3,671705915776697E-05;9,931689138347182E-05;9,666374560428466E-05;2,7754340958511742E-05;1,1339723857361888E-05;4,531543514655742E-06
Lateral Efficiency(LE);3,3771870279938932E-09;3,371712911328175E-08;1,2619112651847649E-05;3,769678170907093E-05;3,633097474132967E-05;9,991066874742292E-06;4,117316995183295E-06;1,8177994405827939E-06
Receiver 4;63 Hz.;125 Hz.;250 Hz.;500 Hz.;1000 Hz.; 2000 Hz.;4000 Hz.; 8000 Hz.
Early Decay Time (EDT);0,320935654568979;0,25077748749748224;0,3544967413440354;0,38551213415812097;0,40460140085296115;0,38124303786502034;0,40006097286161185;0,4942421605641801
Reverberation Time (T-10);0,37790405719834985;0,34532277859511473;0,4450677876311359;0,4905174946251574;0,48885251663589735;0,4603244128308242;0,4512907757364277;0,5944115633415082
Reverberation Time (T-15);0,38551453625237675;0,3567295117674801;0,47838412404681563;0,5575569235314637;0,5607455595142892;0,5166532619866312;0,5067017848963583;0,645883815400328
Reverberation Time (T-20);0,3965241534786751;0,3792161011745748;0,5191275542642658;0,5950248904446295;0,6186027151576298;0,589069857475608;0,5679663774140647;0,6926120496863343
Reverberation Time (T-30);0,40944584071111906;0,40669765824105747;0,5715270431833807;0,6875212863075786;0,7514830709240715;0,6941462902461163;0,689395611096652;0,7617005898935639
Clarity - 50 ms (C-50);12,414688631199251;13,693552305979297;11,560360177479716;10,816590520022181;10,755420563392398;11,295135831182648;11,18147016360828;9,136955933720735
Definition/Deutlichkeit (D);94,60097845234931;95,93591635556831;93,50777309048004;92,36937595546611;92,26981846584539;93,10852930553023;92,94629209746643;89,24583786210117
Clarity - 80 ms (C-80);17,255066041245726;18,742696551781595;15,51924939914598;14,5444078931083;14,425945550260186;15,154562416953034;15,21328041993345;12,450262650126238
Center Time (TS);9,531560812758457;7,732820070126566;10,662637888043685;12,093343334908138;12,40376499748301;10,959855779984618;11,29078929534919;16,323487148617176
Strength(G);17,145334269897926;16,880571999893927;17,138426279861086;17,17797002263589;17,23740044635511;16,88622444326122;16,951943907153876;17,69793252528828
Lateral Fraction(LF);1,9227537184749728E-08;2,1941778406923496E-07;7,525379978634182E-05;0,00021192318244420575;0,00020172905963569514;5,660371078839696E-05;2,3285527998910356E-05;9,26922043393899E-06
Lateral Efficiency(LE);7,444438079814084E-09;7,111956602154909E-08;2,9231405612815862E-05;7,888954787218593E-05;7,85188470778033E-05;2,1165153074419962E-05;9,458545513288631E-06;3,979971225547742E-06
Receiver 5;63 Hz.;125 Hz.;250 Hz.;500 Hz.;1000 Hz.; 2000 Hz.;4000 Hz.; 8000 Hz.
Early Decay Time (EDT);0,3227129998838562;0,30603432134564623;0,38866274594081196;0,4373119094998925;0,4456005207601026;0,4290514429923973;0,43745358348347807;0,4916821709678556
Reverberation Time (T-10);0,35694225144576386;0,34401822399004683;0,43025816690861834;0,45334870151982837;0,4671816097694394;0,4197978354953525;0,43607983026658137;0,5515701792291987
Reverberation Time (T-15);0,36399187193461996;0,34235014685369647;0,4713846245194434;0,5365820320132454;0,5478137754246725;0,49517053023263446;0,5211920845120971;0,6181397080797005
Reverberation Time (T-20);0,380378849386269;0,37264091587614623;0,516203700272076;0,581022330381147;0,5977560168893212;0,5588624012547637;0,5646361283261048;0,662931694834474
Reverberation Time (T-30);0,40048401410755624;0,4008580885920691;0,5563072121759113;0,6526217704261832;0,7035748745612288;0,6556733275521225;0,6532941104917747;0,7350784105794455
Clarity - 50 ms (C-50);12,491918890275004;13,007921444707844;10,839819198736208;10,042818971688117;9,747436472282416;10,412467437842274;10,231457694420126;8,6098806005017
Definition/Deutlichkeit (D);94,67642742201706;95,24721864509631;92,40079838224942;90,9992657734535;90,4194180227558;91,66973267041212;91,34779352413216;87,9099323224547
Clarity - 80 ms (C-80);17,404516212656574;18,362286964503085;15,26283579641629;14,363020074182076;13,941283471526742;14,934224638743236;14,552628069290554;12,212162765660358
Center Time (TS);10,375692704609552;9,367901955732464;12,673867936942674;14,46109937200862;15,222893714933802;13,75849099493895;14,30060131461752;18,632780261625072
Strength(G);13,894470063271715;13,688137919167058;14,147101215980271;14,236319550848492;14,296570257566323;14,010715970382826;14,027517911295753;14,49863797153133
Lateral Fraction(LF);1,9656554625597917E-08;2,3827945656100612E-07;8,696164103921116E-05;0,00023458340398689956;0,00024075535280697417;6,986896467658971E-05;2,6004264811911247E-05;9,576055824835566E-06
Lateral Efficiency(LE);8,29583402040372E-09;9,578323076992066E-08;3,740492580196849E-05;0,00011112009376990287;0,00010905624082148432;3,324284115361663E-05;1,3127980117085062E-05;4,884767973879628E-06
Receiver 6;63 Hz.;125 Hz.;250 Hz.;500 Hz.;1000 Hz.; 2000 Hz.;4000 Hz.; 8000 Hz.
Early Decay Time (EDT);0,37333599138434514;0,513118781093637;0,6213930022787164;0,5891773461990887;0,571609680439157;0,5037635801175032;0,5039882350902131;0,4838657208062083
Reverberation Time (T-10);0,3100748040883385;0,37387844731140696;0,4186713855457957;0,4695962619397625;0,48470251687448573;0,4609662625053811;0,4604097176588378;0,44031237730179124
Reverberation Time (T-15);0,28980909230026153;0,3428734419877324;0,42189274262096466;0,4605109737563633;0,47489674136480886;0,4549600042840531;0,4543332789474762;0,44057612999557794
Reverberation Time (T-20);0,29094823338050846;0,34202829993940764;0,4117270711205969;0,44818516629883;0,4551163742030706;0,43977034080764627;0,43868238941999005;0,43198795921370786
Reverberation Time (T-30);0,29378233257953945;0,33005870704021295;0,37551893128507047;0,4021678058730543;0,4130856295499147;0,40051217595710487;0,40003131567093314;0,3990024641859376
Clarity - 50 ms (C-50);16,31545534254832;14,78063490539073;12,439146308979803;11,350606734667375;10,851561519269055;10,69077239966486;10,610306458013705;10,98311952442418
Definition/Deutlichkeit (D);97,71741768877877;96,78095955621467;94,60490586210629;93,17300728105438;92,4048134924625;92,1408600623906;92,00563824771733;92,61470267329818
Clarity - 80 ms (C-80);22,912177733758533;20,39657745819184;17,04805420773965;15,522508586627342;14,8979711231257;14,96735726304155;14,893173822615921;15,39867771229375
Center Time (TS);5,106734027339677;5,756404708067455;8,172647513107894;9,716397913120844;10,652929122978684;11,357775092773307;11,557109804537417;11,009201592531415
Strength(G);10,871950400181774;10,764771851537855;10,978736020560149;11,081309070437243;11,166217751241234;11,37063401012;11,403401398285105;11,35908383032951
Lateral Fraction(LF);9,105042045360735E-09;1,1101208626831481E-07;4,330678290965883E-05;0,00011649281441691289;0,0001239668393341922;4,39926340580751E-05;1,7762811890641434E-05;5,541945736684052E-06
Lateral Efficiency(LE);6,136421055907841E-09;7,433515463493894E-08;3,0291295495968106E-05;8,467569446003162E-05;9,105371220361199E-05;3,061067150588843E-05;1,242261165948608E-05;3,790822725377656E-06
Receiver 7;63 Hz.;125 Hz.;250 Hz.;500 Hz.;1000 Hz.; 2000 Hz.;4000 Hz.; 8000 Hz.
Early Decay Time (EDT);0,39726403257943005;0,4059347542768936;0,5409389554001054;0,6358067593927648;0,632512665173439;0,6007708164730288;0,5826919239273406;0,5280882936920325
Reverberation Time (T-10);0,3524627382729455;0,3700377435184267;0,46735565068117063;0,5187897631075249;0,5379284970734829;0,5054492231536456;0,5066071677253933;0,5226284250361573
Reverberation Time (T-15);0,35294164427273006;0,36928575442217315;0,4570436384213199;0,5056809745328062;0,5114990071524714;0,4916287297881637;0,49949201806481375;0,530744964567659
Reverberation Time (T-20);0,35102247170213613;0,36420369098555094;0,45157207024084695;0,48515434164578675;0,49788852997649946;0,47032472515117907;0,4914834733675115;0,549951060969445
Reverberation Time (T-30);0,3619296363531848;0,3589955003651747;0,45842851076153157;0,4931925007507087;0,5459783368829215;0,46083980923318757;0,4902986982968599;0,6181324438228459
Clarity - 50 ms (C-50);14,49958762171251;14,927597157044941;12,622651477289695;11,798271640733027;11,28999605122445;11,431180268250003;11,33416977302803;10,616381434191416
Definition/Deutlichkeit (D);96,57313064261231;96,88473052310043;94,8165490083284;93,80021445459893;93,08369688989313;93,2900786103192;93,14889343537135;92,01592085685574
Clarity - 80 ms (C-80);19,474256487426732;19,596070955116893;16,4224966969484;15,245334322100643;14,635580235184026;14,970848516088148;14,731442901869405;13,882792572431322
Center Time (TS);6,382933652034369;5,436578585248825;7,520165924277355;8,596996193098771;9,49217762151701;9,375538719919204;9,793782786455004;11,6060558119279
Strength(G);13,107339959458287;12,941271626416068;13,043119047940763;13,053169742697648;13,128055554385213;13,157875980630578;13,242113338528874;13,557725946226483
Lateral Fraction(LF);9,298391273472026E-09;9,829616753762693E-08;3,519467773548712E-05;9,259707309436191E-05;9,831542413033273E-05;3,200725747261278E-05;1,357767669635366E-05;4,758622533399433E-06
Lateral Efficiency(LE);4,9821081986133865E-09;5,445819918914808E-08;2,132817163001724E-05;5,897324094176225E-05;6,259773302211367E-05;2,0642169861726437E-05;8,357443067677158E-06;2,804152269687008E-06
Receiver 8;63 Hz.;125 Hz.;250 Hz.;500 Hz.;1000 Hz.; 2000 Hz.;4000 Hz.; 8000 Hz.
Early Decay Time (EDT);0,38211034600528687;0,44001162814594186;0,48180359234411063;0,5681875995212151;0,5933111675704493;0,5757762284996434;0,5686389989348003;0,5562442339389255
Reverberation Time (T-10);0,37444464303178143;0,39467549658143325;0,4632481095267842;0,4997512503541368;0,5333974765851133;0,5015314318188024;0,4925813208953538;0,5641446215701091
Reverberation Time (T-15);0,3705713772984254;0,3802342686088279;0,46873233719301743;0,514021842711452;0,5390803431728914;0,5144344468056183;0,5150735131649078;0,5933477057933935
Reverberation Time (T-20);0,3750912477584676;0,37806219899676324;0,4831744498191042;0,5320888892007013;0,547155610512043;0,5112853552772064;0,5272610307458707;0,6261587028563504
Reverberation Time (T-30);0,3894596787418791;0,38052152641192577;0,5279197793412613;0,6067726560415297;0,6621077494841277;0,5682720959618822;0,590785524688437;0,7070817431469647
Clarity - 50 ms (C-50);13,317682134200332;14,339394923224635;12,320802116770121;11,446164353187221;11,101011207571492;11,575677816979987;11,575707448516393;9,878279926369217
Definition/Deutlichkeit (D);95,54899668560277;96,44894034456127;94,46411995135688;93,31164364682286;92,79824039344258;93,49537384923575;93,49541534282969;90,67479106937174
Clarity - 80 ms (C-80);18,339690055330383;19,243464916082736;16,17913784782727;15,2441809200592;14,632754204003842;15,369628206770871;15,142909913713483;13,163897507662481
Center Time (TS);7,606296628111799;5,841131017967462;8,27244274817178;9,483738014624242;10,02304911231282;9,044120171170704;9,46365308782435;13,256562596869973
Strength(G);14,981754274335422;14,69672664061244;14,863164693430221;14,879700605345654;14,875723894185498;14,784751394454474;14,864551665542294;15,380828856346916
Lateral Fraction(LF);1,1681753612833936E-08;1,0887478536726936E-07;4,21727048112645E-05;0,00010791549570523273;0,00010696962289451528;3,2104887827008176E-05;1,354048790708742E-05;5,426308601350319E-06
Lateral Efficiency(LE);5,295213790306583E-09;5,65776597099155E-08;2,216056174177689E-05;6,216322328401187E-05;6,182670316509127E-05;1,8699702938306225E-05;7,787622193150029E-06;2,970037932433807E-06
Receiver 9;63 Hz.;125 Hz.;250 Hz.;500 Hz.;1000 Hz.; 2000 Hz.;4000 Hz.; 8000 Hz.
Early Decay Time (EDT);0,38844456022246104;0,35332432461530855;0,45700128893579445;0,48690762799181303;0,5223775818622615;0,5120660337599263;0,5047667710810206;0,5652926919893082
Reverberation Time (T-10);0,37295592922841336;0,3693934216150006;0,4551665611965956;0,4977111327457147;0,5208074859392111;0,4991340931739801;0,4773347595813179;0,5907573928274853
Reverberation Time (T-15);0,37932184624736975;0,3708650434219977;0,47885360113449105;0,5321804068123003;0,5405788443878403;0,5152341806273331;0,5003013158967309;0,6357891634464627
Reverberation Time (T-20);0,3869487345815605;0,37641217079066885;0,5091095368915669;0,5651130169809903;0,5869598970946447;0,5591090466559661;0,5398758813576686;0,6802762960377735
Reverberation Time (T-30);0,4038975540676514;0,39659601232869585;0,559228908076301;0,667550812046983;0,7306044977789876;0,6873917400118857;0,6379766821117383;0,7534848969116819
Clarity - 50 ms (C-50);11,835764434386409;13,328684207455419;11,5390104873772;10,768014198844115;10,356930583064425;10,945063196846771;10,935534427878515;8,731013429636022
Definition/Deutlichkeit (D);93,85574006417397;95,5666315322032;93,45060106429352;92,27338526104309;91,56959820357287;92,55644098687868;92,54249943262673;88,21138993453076
Clarity - 80 ms (C-80);16,666209221030034;18,341526150453575;15,384652796285925;14,272530692410896;13,915805943879791;14,600494852339754;14,71046045523633;12,050681275659564
Center Time (TS);10,551649494715061;7,6245262548377735;10,258560100824717;11,796758398784943;12,164647831575051;10,941266887992246;11,145912144772746;16,970907493666573
Strength(G);15,697404472157448;15,21758524412408;15,333356145823139;15,426305415806922;15,392760781869214;15,209034311640195;15,323367950359653;16,023472746423074
Lateral Fraction(LF);1,8603444548679495E-08;1,756005067370262E-07;6,24600647453914E-05;0,00016728393118523133;0,00016626395378314414;4,695277331234537E-05;1,9856135341293393E-05;7,682829324852232E-06
Lateral Efficiency(LE);8,394026188670942E-09;7,897956922871104E-08;2,9953602536568802E-05;8,293922166028657E-05;8,536735405357582E-05;2,3716273592882055E-05;1,0144315981850763E-05;4,181050676657371E-06
Receiver 10;63 Hz.;125 Hz.;250 Hz.;500 Hz.;1000 Hz.; 2000 Hz.;4000 Hz.; 8000 Hz.
Early Decay Time (EDT);0,38710634668439575;0,3465928729892709;0,4194425236123751;0,4792955973008304;0,4913943452769281;0,48235580827544156;0,47672246654008915;0,5580712374693344
Reverberation Time (T-10);0,3820512394735641;0,3612332666685828;0,4598141437446335;0,5201009584515056;0,5099413686186967;0,4989558171653234;0,4818294416607474;0,600140787886686
Reverberation Time (T-15);0,389578079743965;0,3707656828696714;0,48965687371815925;0,5667850589550373;0,5629011362146422;0,5350393238074881;0,5167967268712279;0,643554464297915
Reverberation Time (T-20);0,40053544102949196;0,3876602896719181;0,5225184053393787;0,5949325199943776;0,6188930703041179;0,5896348708486348;0,5647277769197498;0,6992718593825445
Reverberation Time (T-30);0,41226982353625913;0,4093705650666919;0,5798026454603286;0,6932573588753396;0,7736469154206705;0,7006444643089114;0,7054055699843814;0,769421597737317
Clarity - 50 ms (C-50);10,757765610620275;12,204212961319175;10,136618667586392;9,332944771141289;9,113146216640681;9,518196098820477;9,550196405315505;7,474341450841311
Definition/Deutlichkeit (D);92,27437854094829;94,35997944237266;91,19491942495634;89,57465266512864;89,08740851372013;89,96170347139201;90,03075471350199;84,92503713562624
Clarity - 80 ms (C-80);15,666673805455405;17,21973148479083;14,16493046759447;13,133102077192078;12,887937574231717;13,429900486322854;13,540480544564655;10,943909725247574
Center Time (TS);13,068903902384141;10,089914866528362;13,790111488489085;15,5537633910085;16,113005153320085;14,612422643273332;14,823206090160392;21,58647333567624
Strength(G);14,785212163227243;14,317663925976255;14,633270351965635;14,645400858397075;14,757768240604612;14,37988280989606;14,45684555641418;15,241715417553444
Lateral Fraction(LF);2,424791996882626E-08;2,7269097809153656E-07;9,457273089454956E-05;0,00024171452600550507;0,0002456889888184694;6,881811087852742E-05;2,937935927061568E-05;1,1309296095771955E-05
Lateral Efficiency(LE);1,1347453200111082E-08;1,0763493246344526E-07;4,375190004184348E-05;0,00011655543209322991;0,00011845686430186283;3,340329310049495E-05;1,4404889537817407E-05;5,939851169952748E-06
Receiver 11;63 Hz.;125 Hz.;250 Hz.;500 Hz.;1000 Hz.; 2000 Hz.;4000 Hz.; 8000 Hz.
Early Decay Time (EDT);0,3558716359091187;0,37080473705724826;0,43114448116857246;0,48487006935820876;0,4740627197587144;0,4737111246722596;0,4752651644857077;0,5176634838440619
Reverberation Time (T-10);0,36507368152999425;0,3593877954618126;0,43387766779343195;0,460611400117188;0,47454107597659195;0,45469193495677096;0,4623764588618335;0,5437041102192935
Reverberation Time (T-15);0,3709336517910681;0,3575774010025685;0,4677330858545286;0,530865497726167;0,5358685926643633;0,5034952869528404;0,5247064829439504;0,595089584050498
Reverberation Time (T-20);0,38216300370354817;0,3795266271093805;0,5099588798434065;0,577118343617559;0,5765276710559161;0,5580200079188989;0,5517416882060483;0,6477684205357912
Reverberation Time (T-30);0,3992622083134304;0,39982641453850115;0,5529371020393871;0,649788778788252;0,6920533142094331;0,6366151451401968;0,6477942635507664;0,7348335045320463
Clarity - 50 ms (C-50);11,496961420177158;11,77596827673671;9,94188529463426;8,988962359863176;8,929374632170592;9,156683765936643;9,089018323825739;7,635056263293876
Definition/Deutlichkeit (D);93,3966668422793;93,79217870119506;90,80615991018955;88,79680193094347;88,66021928340159;89,17629883384731;89,02659096629452;85,35231205814705
Clarity - 80 ms (C-80);16,566488411030388;17,299071440251222;14,435239790112071;13,460089279987502;13,093449925977328;13,686819941845057;13,427859650745503;11,425654151534676
Center Time (TS);11,98545014616344;10,751056400313349;14,532974729427037;16,712214334970092;17,3916411997611;16,04895898589005;16,529152019429603;21,387320332827958
Strength(G);12,605374156679133;12,079785344996896;12,587024287101094;12,690018087380594;12,853820706754718;12,572071610663272;12,576577799433956;13,122083713725807
Lateral Fraction(LF);2,3050869449567343E-08;2,5941514045114455E-07;9,914407638223537E-05;0,00025671458661270406;0,00026198761738449545;7,786766437900413E-05;2,9150856448871536E-05;1,1107426272552252E-05
Lateral Efficiency(LE);1,0598336054037679E-08;1,285210044395632E-07;4,923117346362882E-05;0,0001447993526602221;0,00013827494867743378;4,1454399648921046E-05;1,6776791550093012E-05;6,310538376837622E-06
Receiver 12;63 Hz.;125 Hz.;250 Hz.;500 Hz.;1000 Hz.; 2000 Hz.;4000 Hz.; 8000 Hz.
Early Decay Time (EDT);0,3462219230729992;0,44199656467304127;0,4703352539326775;0,47032727105434663;0,48182344992602427;0,4396987207858686;0,43612390986707283;0,42195815741642184
Reverberation Time (T-10);0,2741267519077303;0,33113698076614534;0,3948601189999663;0,4594369657682928;0,4802851117838005;0,46143661367663236;0,45982291930591834;0,436154107020173
Reverberation Time (T-15);0,26760528433953623;0,3355676040235291;0,4125788406094716;0,4549027380172941;0,4613997901686092;0,44540554442065855;0,4461306178687396;0,43513193731838135
Reverberation Time (T-20);0,28200071706696056;0,33553675716970804;0,40275958951708085;0,43615737790815623;0,4368298464443556;0,42845870757296967;0,4291261098846305;0,4207142156300393
Reverberation Time (T-30);0,2887568871978681;0,3296151402407227;0,3919237180427188;0,4212016438958819;0,4293693066832724;0,41762269218273507;0,41806686428837614;0,4147839741288471
Clarity - 50 ms (C-50);15,350163937896916;13,972876094763105;11,645694624444083;10,549678062265073;10,08636889884887;9,946543713613455;9,91352048650705;10,220493944577855
Definition/Deutlichkeit (D);97,16537801707462;96,14828680984132;93,59273514298525;91,90235327463975;91,07211602790296;90,80685205694022;90,74317754283379;91,32005871191085
Clarity - 80 ms (C-80);21,8282767466459;19,22522184015196;15,90325683130019;14,355145292266428;13,77499684174859;13,899376852194402;13,857015931915344;14,267067167920416
Center Time (TS);6,435522749076311;7,170661930127234;9,972861165459618;11,795817335524958;12,822112619470937;13,565686816482593;13,71697957894357;13,146503755868828
Strength(G);9,5736366537909;9,343942233579703;9,60286135500894;9,731935299006608;9,85033931357102;10,124171453917754;10,160252197092355;10,103835564069698
Lateral Fraction(LF);1,4561593231026861E-08;1,599247193961566E-07;5,9190548089846316E-05;0,0001583190321984945;0,00016774918592413646;5,914217368946354E-05;2,396592589542909E-05;7,541170981282381E-06
Lateral Efficiency(LE);4,653413084379446E-09;6,875219073108852E-08;2,8124664398231504E-05;7,764100483898263E-05;8,266719071902156E-05;2,8299094204531177E-05;1,1393488538852768E-05;3,5081298173538455E-06
Receiver 13;63 Hz.;125 Hz.;250 Hz.;500 Hz.;1000 Hz.; 2000 Hz.;4000 Hz.; 8000 Hz.
Early Decay Time (EDT);0,3713520331919088;0,4721654251723753;0,5354653531035799;0,5332239999374628;0,5223329528127549;0,4765652716341159;0,4849721466030539;0,4906775870258697
Reverberation Time (T-10);0,32897151416652476;0,3522256829532089;0,4394292461686267;0,5020965512813196;0,5100754557066124;0,4791517888759651;0,48055281583903364;0,5171894737380511
Reverberation Time (T-15);0,3432541639340368;0,3605301606192046;0,44365357488433926;0,49093030712192265;0,4820709300940996;0,47382837683872475;0,47492907374089316;0,5243780642129555
Reverberation Time (T-20);0,3475233501979611;0,3565727432471995;0,43756406451524205;0,4842667131252253;0,48724692537594505;0,47169315416887875;0,47621341282475044;0,5475099548099596
Reverberation Time (T-30);0,3647627581699858;0,3601240866190916;0,4518371211369494;0,4816495805591794;0,5290209485356665;0,457302379486103;0,467898618691239;0,6175357285933001
Clarity - 50 ms (C-50);13,183786317055763;13,701993018955816;11,483094143163356;10,676842295572355;10,077919171538397;10,439825419729988;10,036595785619491;9,262011608611415
Definition/Deutlichkeit (D);95,41602048901227;95,91053033944074;93,36451843140603;92,11760141874731;91,05628389609191;91,71210711245183;90,97849168187805;89,4036981180424
Clarity - 80 ms (C-80);18,316109288417397;18,57398616202007;15,448479718219609;14,260355359707527;13,66677715752118;14,09694997389758;13,726529572534087;12,808981824437973
Center Time (TS);8,960259601595935;7,562054038635468;10,35136019493039;11,57834750603263;12,906075278365407;12,655172561603552;13,511914033520924;15,667907854929902
Strength(G);11,071746716335312;10,703646493467087;10,879049086238396;10,878501580345173;11,054420330232759;11,132848953735348;11,209297964952967;11,547285822939457
Lateral Fraction(LF);1,490638340146941E-08;1,5436247005854517E-07;5,659023855255858E-05;0,0001440776017220631;0,00016060019595435458;5,393049250882033E-05;2,217631155859461E-05;7,459012208368841E-06
Lateral Efficiency(LE);7,430788079062491E-09;9,320864643246545E-08;3,77521117548003E-05;9,771102856221672E-05;0,00010900291461629145;3,460083111743393E-05;1,458654576488114E-05;4,698429817806634E-06
Receiver 14;63 Hz.;125 Hz.;250 Hz.;500 Hz.;1000 Hz.; 2000 Hz.;4000 Hz.; 8000 Hz.
Early Decay Time (EDT);0,3954034577955628;0,47332785337954286;0,5368207902212443;0,6006467804564488;0,5907987526353944;0,5543490916047974;0,553464386761943;0,6020441562853275
Reverberation Time (T-10);0,3765324048932462;0,3939357034281012;0,47840875588093024;0,5448949228692177;0,5596396436507008;0,517863303116753;0,5148788967763157;0,5940499633204844
Reverberation Time (T-15);0,3785989266919894;0,38247451889656353;0,49049291690084623;0,5547451419496342;0,5676034988659857;0,536022122305395;0,5414310710701741;0,644661374533976
Reverberation Time (T-20);0,3876113009305071;0,3872141018000741;0,5179217329228205;0,5790486042292812;0,5982865788655802;0,564087602566435;0,5692002504513267;0,6771885487122619
Reverberation Time (T-30);0,4012695015662083;0,40177978902064376;0,5694622493203091;0,6524170690948794;0,72801204750236;0,6479359466963639;0,6663891311851372;0,7460249016065743
Clarity - 50 ms (C-50);11,11114453962184;12,009283537545016;9,993134841383174;8,987837078847614;8,886828193077315;9,520389189676258;9,214803202185184;7,428188443199106
Definition/Deutlichkeit (D);92,8138184277265;94,07682841081872;90,8960183160353;88,79057901006985;88,55699583495125;89,95424163668775;89,30027807323812;84,68886253857441
Clarity - 80 ms (C-80);16,0281867418078;16,924129218370226;13,849293129575779;12,508675073516669;12,340140704163627;12,987040554419325;12,727741147524515;10,92167220507482
Center Time (TS);12,233147325748591;9,97293439110923;13,733463308105941;15,637711158752312;16,40283920903977;15,000463025610866;15,824584006655734;21,237314222097293
Strength(G);12,452467418829016;11,883631187671977;12,100606033863542;12,15178047180715;12,215897450160249;12,086959456468414;12,216844638724538;12,951657411959104
Lateral Fraction(LF);1,970086186550387E-08;1,9585135665857901E-07;7,283037893552058E-05;0,0001805317532295901;0,00018872668519583565;5,5681491796453954E-05;2,3480450461551844E-05;8,83715011609357E-06
Lateral Efficiency(LE);9,734413200328431E-09;1,2015936329552204E-07;4,680929315795169E-05;0,00011623091061171524;0,00012137965147232208;3,684100399996366E-05;1,5745408790629147E-05;5,794469205365979E-06
Receiver 15;63 Hz.;125 Hz.;250 Hz.;500 Hz.;1000 Hz.; 2000 Hz.;4000 Hz.; 8000 Hz.
Early Decay Time (EDT);0,40756539048967805;0,42254208829224843;0,49055884152692203;0,5303556797180631;0,5872866445138171;0,5413079881072062;0,5220755495697712;0,5939275975062441
Reverberation Time (T-10);0,37896285106057265;0,36864212791220635;0,4764522239573601;0,5456944045963356;0,5521251490231404;0,5477162112429157;0,5176453045447135;0,6494947059391443
Reverberation Time (T-15);0,3910176724925026;0,384006894610124;0,5282138120488106;0,5997837765934155;0,6232483993432646;0,6240647676121938;0,5832519538332723;0,7152948456060552
Reverberation Time (T-20);0,40326721968514934;0,3979310692701743;0,5609347885581032;0,660947604001406;0,692593698886393;0,6728633574696983;0,6381005027520932;0,7573409516372496
Reverberation Time (T-30);0,4189977266937931;0,43496283476304676;0,6226105469953378;0,7456817848338766;0,828928987575706;0,8223853588017186;0,7598433836800261;0,8121704432792017
Clarity - 50 ms (C-50);9,585768322596834;10,884480213613784;8,98639761365234;8,239261532242324;7,613658359688255;8,28405377939819;8,274645619266268;6,4321575384500065
Definition/Deutlichkeit (D);90,09302027467749;92,45933109253018;88,79361797182327;86,96102954595968;85,23669385872583;87,0764790884223;87,05570683712274;81,48309211357994
Clarity - 80 ms (C-80);14,574794633261241;15,9104308619776;12,854526317430022;11,747141872317526;11,422817548023986;11,819498353015357;12,171545388522345;9,838060105353138
Center Time (TS);16,255594618549498;12,656278978448563;17,14364267078195;19,13767138721669;20,45868865417589;19,122031784784056;18,861717693482312;26,54408304236105
Strength(G);13,475810878614606;12,606860549513708;12,815539646025215;13,011876292480522;12,960417947315378;12,732624151478838;12,868641566768815;13,914905228165296
Lateral Fraction(LF);2,9758854363595174E-08;2,9272050077178016E-07;0,00010359888421263985;0,00026324535569232033;0,0002522724258665069;7,93221135715021E-05;3,187956906072061E-05;1,212537169536337E-05
Lateral Efficiency(LE);1,5848655087238816E-08;1,6268612302451938E-07;6,222459894593376E-05;0,00016020572847909838;0,0001660590943008063;4,967462624610812E-05;2,0379621139800262E-05;7,593597131926958E-06
Receiver 16;63 Hz.;125 Hz.;250 Hz.;500 Hz.;1000 Hz.; 2000 Hz.;4000 Hz.; 8000 Hz.
Early Decay Time (EDT);0,407980961540927;0,39607630138688016;0,48592555760704215;0,5512229264064368;0,5514934080321762;0,5306165559202519;0,5099976174767568;0,5991321406178821
Reverberation Time (T-10);0,3876004758415212;0,390298572339639;0,516748655555274;0,6064111924659552;0,5801679001043855;0,5675060670616954;0,5418357333324991;0,6641698471224856
Reverberation Time (T-15);0,4009892634172979;0,40793909615847224;0,5497146651941723;0,6518609125378988;0,649674446214247;0,6212673062436812;0,5978245370679824;0,7185595201803301
Reverberation Time (T-20);0,41163813948183625;0,41748861268647314;0,5729609867145563;0,6595519002213072;0,7459260397864912;0,6610876184281546;0,635814620132094;0,7622651381209902
Reverberation Time (T-30);0,4220172509838288;0,44243402166512724;0,641063456962222;0,7516044113467778;0,8657826192430012;0,7626577639290714;0,7958664145359559;0,8194349084893098
Clarity - 50 ms (C-50);9,047942433895393;10,254039063051659;8,180205694123586;7,2585595503737785;7,052231293227394;7,476726767453745;7,622260564839492;5,7802746953009585
Definition/Deutlichkeit (D);88,9626402714821;91,41675007119963;86,8223822179999;84,19059159279895;83,58068768215705;84,84310936822413;85,28721329511507;79,11112624085422
Clarity - 80 ms (C-80);14,108786338993603;15,208293860312846;12,11717523949124;10,990245442507725;10,80574361826794;11,299849512901162;11,695945097600815;9,377211073153914
Center Time (TS);17,738170549449904;14,105739720065857;19,53297617027557;22,419245939870148;23,166232111874464;21,312666344369486;21,104432238291935;29,333223200090057
Strength(G);13,23360501384819;12,465774323813264;12,821526062574954;12,943086484065908;13,002428662412065;12,661182621705798;12,813252143074585;13,790285529485068
Lateral Fraction(LF);3,3998790798795E-08;3,6018407184050633E-07;0,00012301889975654495;0,00031630874318500134;0,0003157414270749096;9,449855772485271E-05;3,9320860033191286E-05;1,4190005058038967E-05
Lateral Efficiency(LE);1,7608341586143038E-08;1,7760027686692136E-07;7,114147775241573E-05;0,00018498000214061262;0,0001931570217621369;5,593335452268012E-05;2,2236982828866823E-05;8,68295983838223E-06
Receiver 17;63 Hz.;125 Hz.;250 Hz.;500 Hz.;1000 Hz.; 2000 Hz.;4000 Hz.; 8000 Hz.
Early Decay Time (EDT);0,36882364855348454;0,3735801029552408;0,44540883507792345;0,49283189507067576;0,4762671002523015;0,4638170641265817;0,4703304043082961;0,5339745903070277
Reverberation Time (T-10);0,3604149747397035;0,36739908387977466;0,4569365577810299;0,49693331397018287;0,534055566792788;0,4743569241236954;0,48948924601277977;0,577282434660047
Reverberation Time (T-15);0,3762564329392796;0,3771108786287895;0,4883399462401251;0,5719895565713873;0,5836618956350283;0,5370086103339953;0,5378890821477922;0,6279811559704073
Reverberation Time (T-20);0,388923712946633;0,39341511052284106;0,5290777968692473;0,6148472382313982;0,6047501247080799;0,5779118314015996;0,5665695930011956;0,6764434716673098
Reverberation Time (T-30);0,40597890250423907;0,4111921070747259;0,5750777594966573;0,6704692375802371;0,7569768270216571;0,6332517068744001;0,6472281377933483;0,7395840057222881
Clarity - 50 ms (C-50);10,343078927891302;10,898820307542502;8,96333584749031;7,965923647230477;7,993444802335685;8,303250418799305;8,08640239662633;6,818355602716036
Definition/Deutlichkeit (D);91,55532356096873;92,49449296942694;88,74725478994952;86,23486390232816;86,31090150632905;87,12689578997855;86,56211891505447;82,8284980735718
Clarity - 80 ms (C-80);15,670254368508694;16,25532953519585;13,26250288955137;12,440346188698445;12,023270715460272;12,927987658526732;12,477864774154902;10,69116896141157
Center Time (TS);14,252474917976626;12,522679239559263;17,216610912800007;19,755004776038852;20,082214115199843;18,555127466649452;19,465892027866687;24,48474444470936
Strength(G);11,370204361518486;10,65730895335312;11,192212820787546;11,396307746016916;11,520010583408656;11,296566336231741;11,290434032063793;11,923549730624785
Lateral Fraction(LF);2,690896662782265E-08;3,140326021413528E-07;0,00011280321756393053;0,00028973386150134804;0,0002925101205972702;9,415491153874956E-05;3,61198371207612E-05;1,2561228811149786E-05
Lateral Efficiency(LE);1,2024491740628098E-08;1,481920221821888E-07;6,024504454331668E-05;0,00016994079499918754;0,00015954189544112993;4,644893521490705E-05;1,8981465526548998E-05;6,820025277949922E-06
Receiver 18;63 Hz.;125 Hz.;250 Hz.;500 Hz.;1000 Hz.; 2000 Hz.;4000 Hz.; 8000 Hz.
Early Decay Time (EDT);0,281071973496479;0,3761760366699609;0,38763390185669355;0,42648393378285354;0,44306057436658863;0,42134130035363127;0,41969926840108795;0,4060782287697895
Reverberation Time (T-10);0,25563063249262485;0,3156283477466523;0,3628774836564056;0,41618388170456594;0,4359008922277236;0,4247743240031155;0,42821730112566;0,41715621827644117
Reverberation Time (T-15);0,25555970309813;0,3147542582824659;0,3865599875660394;0,4351935447255359;0,4489002226830779;0,43501089661193754;0,43649139621610616;0,4280696958548343
Reverberation Time (T-20);0,2665108513390305;0,32257509101789006;0,39031062396676913;0,42398377216875216;0,440084505568548;0,42204860604678757;0,4224034140963801;0,4150544249282027
Reverberation Time (T-30);0,2917601420564958;0,3289462712341893;0,3915301874246342;0,4130287129732333;0,4258820713278831;0,4146684388379377;0,41303413632861813;0,41938591518205387
Clarity - 50 ms (C-50);15,473252644532646;13,71561100533635;11,432153252650528;10,32029524899225;9,831249919583097;9,629674517323526;9,590049509055556;9,859119052692568
Definition/Deutlichkeit (D);97,24240534653362;95,92281142487184;93,29148088256086;91,50048989796558;90,58282052378128;90,17936191918653;90,09826134518252;90,63741828201788
Clarity - 80 ms (C-80);22,16311308307144;19,438343284783674;16,13901920927446;14,53808064636042;13,935759353245228;14,091198911225174;14,024966676355945;14,337988886127068
Center Time (TS);7,565076786169102;8,459685005933787;11,59815674157403;13,683126212288695;14,809174051571405;15,589935245206895;15,767241857241487;15,206785742925703
Strength(G);8,305869677994636;8,02451132542678;8,360353406867752;8,526335206948168;8,669724893267244;8,995048124636938;9,028985485439428;8,981881848217526
Lateral Fraction(LF);2,142230456658789E-08;2,236671157037126E-07;8,094453976826016E-05;0,00021751033389402056;0,00022880111102851767;8,05001306753993E-05;3,25956093212662E-05;1,0379032884499411E-05
Lateral Efficiency(LE);4,754054172615761E-09;6,921356313938629E-08;2,9078159485395324E-05;8,287925213955414E-05;8,832779492220411E-05;2,9863452515459435E-05;1,1865748123059981E-05;3,609267564140626E-06
Receiver 19;63 Hz.;125 Hz.;250 Hz.;500 Hz.;1000 Hz.; 2000 Hz.;4000 Hz.; 8000 Hz.
Early Decay Time (EDT);0,3469182507992529;0,3990273836594136;0,42924741496981605;0,4610433845152349;0,49442037960002194;0,43427041179414355;0,44910006438222483;0,495263872957194
Reverberation Time (T-10);0,3224444286528254;0,3403259833542112;0,41595901883254344;0,4909178163180746;0,4924979395323934;0,46418083431583096;0,480284366777392;0,5210619747558535
Reverberation Time (T-15);0,3390248747755033;0,3469923746224056;0,4307506818394094;0,4989045880011508;0,4934344436648584;0,4694029330810015;0,4757359111529621;0,5500247995492046
Reverberation Time (T-20);0,3491179545108163;0,3480674354401049;0,44792327605402765;0,5086041083307935;0,5309823424781887;0,5082162614942751;0,501057551079269;0,5934831865652471
Reverberation Time (T-30);0,3762823810784273;0,36836794727595645;0,4884524712008345;0,5508157098556115;0,6315553764274985;0,5525544474581552;0,5486138554640497;0,6714449284877505
Clarity - 50 ms (C-50);12,017749187367656;12,418788897054194;10,185686975654784;9,317394823040065;8,726643782927628;9,30583507961939;8,975044574597074;7,931563299062896
Definition/Deutlichkeit (D);94,08768116220617;94,58093083359365;91,2563200203277;89,52390268225346;88,17788212298136;89,49891308344228;88,76122837349817;86,13215487816774
Clarity - 80 ms (C-80);17,252420573792346;17,516082812731426;14,537814157608306;12,934482945254185;12,66795504932846;13,230407982982708;12,986470131528717;11,64531018423917
Center Time (TS);11,831153989255464;10,40989549092174;14,060197339738004;16,207465029492404;17,43077906369336;16,9868351589697;17,30742896873681;20,934231199860147
Strength(G);9,544414966071997;9,04784848986375;9,342175100571033;9,49465175882139;9,604093997905736;9,754395785046043;9,835770180551734;10,188573875479534
Lateral Fraction(LF);2,170930272302996E-08;2,3334218131665103E-07;8,092460440777546E-05;0,00021270708768948083;0,00023007962278519717;7,707674611381684E-05;3,1011096717499344E-05;1,039751565731982E-05
Lateral Efficiency(LE);8,098399789767006E-09;1,0929595313189228E-07;4,049515722374308E-05;0,00010581903748557298;0,00012442032613951967;3,7023397685908125E-05;1,4202544448099816E-05;5,331760308227471E-06
Receiver 20;63 Hz.;125 Hz.;250 Hz.;500 Hz.;1000 Hz.; 2000 Hz.;4000 Hz.; 8000 Hz.
Early Decay Time (EDT);0,38070588404183237;0,40954586132692794;0,4562594779069402;0,5169772707421526;0,5255861469208125;0,4794362881748899;0,4952269761246328;0,5571067241896833
Reverberation Time (T-10);0,36089209417990115;0,3376395034184478;0,4393889684191461;0,5170104194225846;0,5115485408537018;0,47657644323954834;0,48950880204956476;0,5902011780272679
Reverberation Time (T-15);0,37202611590489604;0,3576756653248796;0,4697519050643358;0,5539113388905995;0,6025802363406118;0,5187177478831824;0,5367304534371122;0,6510502324460695
Reverberation Time (T-20);0,3877561414650094;0,3714016100377451;0,5005235726640412;0,5830273308841923;0,641299659945223;0,5674922946114264;0,590078313655937;0,6884364028055396
Reverberation Time (T-30);0,40339670759456797;0,40586789388597905;0,563229706529329;0,6530400080905252;0,7782621538917847;0,6763711630380018;0,7094114633489622;0,7472660325273199
Clarity - 50 ms (C-50);10,24271760664353;11,153149578797663;8,915025080597383;8,114516087835216;7,902333619368511;8,468113100309349;8,128247881642052;6,373682062934333
Definition/Deutlichkeit (D);91,3605345661802;92,87806202557547;88,62262432939731;86,627724969083;86,05156698267454;87,543084098028;86,66430989136506;81,26914911679573
Clarity - 80 ms (C-80);15,219718678867054;15,942175619123836;13,091823390103645;11,487092878913534;11,56790962714489;12,196459291397764;11,816535294186961;9,925643253834282
Center Time (TS);15,670714599922288;13,29378284502435;18,12102282949407;20,16999593741534;21,300542358318804;19,837377804719118;20,669349878585585;27,12635003475102
Strength(G);10,785570271545943;10,031265543475165;10,384248808941948;10,527975363198692;10,514879072930725;10,473186296326851;10,618231859863677;11,444301635396585
Lateral Fraction(LF);2,6738539067221776E-08;2,7598441637868883E-07;0,00010060876553345555;0,00024183727093393044;0,000255737172046783;8,057565588357089E-05;3,3152886515544734E-05;1,198100347551235E-05
Lateral Efficiency(LE);1,2257729483164842E-08;1,592524412845035E-07;6,371069802416647E-05;0,00015233748217912185;0,0001663516486381092;4,898199348335481E-05;2,0187634807090562E-05;7,5046121885187745E-06
Receiver 21;63 Hz.;125 Hz.;250 Hz.;500 Hz.;1000 Hz.; 2000 Hz.;4000 Hz.; 8000 Hz.
Early Decay Time (EDT);0,3886873126069365;0,3767984695119447;0,45357914259261883;0,5107175841708835;0,5328483904653623;0,5004312752822281;0,5074772981955892;0,585915389271126
Reverberation Time (T-10);0,3753635705931092;0,35566140062008617;0,4670469996704178;0,5305550907510865;0,5633741989525468;0,5168669738751495;0,5187349914152097;0,6518969010586537
Reverberation Time (T-15);0,3898143402412412;0,37667912935143105;0,5171950658772209;0,5801103192099433;0,6457825603087218;0,5903506659356671;0,5852251202250666;0,7088740735298299
Reverberation Time (T-20);0,40388470002659094;0,39380999278556766;0,5408220517704307;0,6339671052571404;0,6721215921915373;0,6582084754692039;0,6411769079240367;0,7427593400201241
Reverberation Time (T-30);0,41576624767334447;0,4315581252709069;0,6068501315222967;0,728295236291194;0,8187880676584979;0,792691814674828;0,7740569365337115;0,7976575418034472
Clarity - 50 ms (C-50);8,881736574614843;10,307695754909547;8,238052603052072;7,465872837425552;6,992660998074069;7,527073142452744;7,329273416058698;5,495807206649519
Definition/Deutlichkeit (D);88,55040777567709;91,5050593051799;86,9538189721039;84,8043231702387;83,34938855018282;84,98411815178045;84,39801159240128;78,03146071628805
Clarity - 80 ms (C-80);13,806861855333533;14,957615381478327;12,133289107421257;10,956895379643683;10,474647576629765;11,133060438821754;10,946965464362755;8,910974680588339
Center Time (TS);19,688532794772012;15,763987447172171;21,05753744195478;22,886224761513134;25,006408220776645;23,13751757832362;23,627915369083436;32,021102947125485
Strength(G);11,976752366805265;10,920638139672462;11,289339966109914;11,431524792563678;11,326203951705637;11,162052158008478;11,2626099270271;12,44173685394734
Lateral Fraction(LF);3,661905951976296E-08;3,7274165252492786E-07;0,00013209882310018898;0,0003190108590790356;0,00033098642090848566;0,00010438583730362246;4,176396681418037E-05;1,5212619154593482E-05
Lateral Efficiency(LE);1,772745945457394E-08;1,962844765878471E-07;7,651509951051839E-05;0,00018791793226462458;0,00021023532861974694;5,988121898965752E-05;2,367982920094803E-05;9,396788488710951E-06
Receiver 22;63 Hz.;125 Hz.;250 Hz.;500 Hz.;1000 Hz.; 2000 Hz.;4000 Hz.; 8000 Hz.
Early Decay Time (EDT);0,38590182707859516;0,3850787606543011;0,4711615115556808;0,5182836559201216;0,529197508476023;0,5220652093266218;0,5145559351231602;0,5991322607715289
Reverberation Time (T-10);0,3901842505561909;0,3829956392268818;0,49909809138858346;0,5919383392303398;0,573710605664121;0,5519265978212442;0,5493232913337059;0,6638257196809051
Reverberation Time (T-15);0,3989423572386695;0,39966738860538104;0,529429348949456;0,6300565606283749;0,6417684312214268;0,5972088762974059;0,5972039672953149;0,7041495030401597
Reverberation Time (T-20);0,40742719296499375;0,40900904179249353;0,5573531693841947;0,6422056022240398;0,7193176775060605;0,6217497268145171;0,6217123158158379;0,7426031838606622
Reverberation Time (T-30);0,4170748337280984;0,42677319314816353;0,6199645505828171;0,7281388534956407;0,8356706889473874;0,732205765445456;0,7678380459979605;0,8017710028489236
Clarity - 50 ms (C-50);8,721869938206543;9,753757894878309;7,690291545155103;6,919075323059828;6,747889727453144;7,043689064375417;6,940307516070651;5,234144710264105
Definition/Deutlichkeit (D);88,20170116985217;90,48144562020998;85,50140783866993;83,17022984966432;82,55362803583078;83,51630256793699;83,23717144243538;77,05328490547255
Clarity - 80 ms (C-80);13,61032212659482;14,504585428523459;11,580542846831658;10,457320966200395;10,27461612718543;10,901205479243941;10,777049366844844;8,699548825163832
Center Time (TS);20,1809349297681;16,671230722361507;22,665557510626506;25,373541273857544;26,297089818992816;24,434116028979656;24,93694515843587;33,322738321657276
Strength(G);11,999951561046736;10,883621192242842;11,39294147597063;11,57995402712676;11,59773229246575;11,226073389696964;11,295295335155984;12,529687732841865
Lateral Fraction(LF);3,827033711613721E-08;4,0082349579088243E-07;0,00013846368555223086;0,0003534888754233604;0,000344322637123249;0,00010910714241830852;4,447368548108653E-05;1,6178008433492264E-05
Lateral Efficiency(LE);1,774524891590848E-08;1,9550347601205008E-07;8,044369671666924E-05;0,00020889912327275232;0,00020613900989852066;6,0096684600789295E-05;2,3414387378218194E-05;9,697096175353582E-06
Receiver 23;63 Hz.;125 Hz.;250 Hz.;500 Hz.;1000 Hz.; 2000 Hz.;4000 Hz.; 8000 Hz.
Early Decay Time (EDT);0,36241064120708993;0,3665445062998501;0,44413148644598127;0,482102370852619;0,4887587320918564;0,4813354885143751;0,4860212941556708;0,548568261370024
Reverberation Time (T-10);0,36466166881871825;0,3665165715302625;0,4776369341529933;0,5486986050779269;0,5936547528689128;0,5315930207405538;0,5517834683549363;0,6254172022221144
Reverberation Time (T-15);0,3793507085992561;0,3873676659226933;0,5182424323623304;0,5993777084053202;0,6176659800581247;0,5775068749820855;0,5740712660154769;0,6710401660528899
Reverberation Time (T-20);0,39289659215175887;0,40155788311951734;0,5460604082890905;0,6173744540601923;0,6413051120366648;0,5897485547870799;0,6013351159243483;0,7037174617021706
Reverberation Time (T-30);0,40688182768187525;0,41375098711240954;0,5782390377228435;0,6759911696354567;0,7530780280969522;0,6685761701183182;0,6884730553790255;0,7610858028078596
Clarity - 50 ms (C-50);9,913634282800741;10,259089188892732;8,08794942490707;7,441034378567002;7,438265178689766;7,4919599828914585;7,236701734176992;6,150412281805115
Definition/Deutlichkeit (D);90,74339764032194;91,39993423005194;86,57667547587951;84,72717759575016;84,72185315360635;84,87924610451202;84,11205225246653;80,490020888457
Clarity - 80 ms (C-80);15,126668566912809;15,562870982774232;12,42941563758067;11,384232518514823;10,989771964527472;11,768756102662065;11,326124443320957;9,87759954901801
Center Time (TS);16,369962533993846;15,083384868366714;20,728378090454175;23,269149110129685;23,735036829577755;22,74414366717429;23,834631941530056;28,570814924165322
Strength(G);10,352394638946592;9,368113674092921;10,084092408757854;10,3606440778793;10,4435584333308;10,148809047849916;10,251962847242794;10,868790832070864
Lateral Fraction(LF);3,008349742765922E-08;3,518346887276452E-07;0,00013199249161808434;0,0003165373126578805;0,0003273663763176126;0,00010451569852172028;4,268726399539316E-05;1,3983065979560469E-05
Lateral Efficiency(LE);1,2228545196306596E-08;1,535365363652774E-07;6,732474907215333E-05;0,00017465845483477562;0,00016591199347110194;5,0756452070641975E-05;2,111204378672858E-05;7,14037159827046E-06
Receiver 24;63 Hz.;125 Hz.;250 Hz.;500 Hz.;1000 Hz.; 2000 Hz.;4000 Hz.; 8000 Hz.
Early Decay Time (EDT);0,22446831632011444;0,2941966277830126;0,3607275133660895;0,40841683696338793;0,4200197228437393;0,4027145946502686;0,3996346136267083;0,38586399966553925
Reverberation Time (T-10);0,2569131883787869;0,3057705725893296;0,37851595650203995;0,439171949757638;0,4540133309905927;0,4398395544105518;0,4370692734169208;0,42555238081166497
Reverberation Time (T-15);0,2569987536880194;0,31518101414431476;0,4027952724174274;0,4406385913928866;0,45381425180824847;0,43682819425699254;0,43459675783316754;0,42916912508051497
Reverberation Time (T-20);0,27135534801549066;0,3259374775135124;0,400907096738671;0,4330863604782147;0,44914342573402866;0,431346414393527;0,4306826135140453;0,42440233193414784
Reverberation Time (T-30);0,29152721953950295;0,3364420805172899;0,3934436774995068;0,41209802921769173;0,4238268925261459;0,413670369451087;0,411743664201129;0,4176189851682056
Clarity - 50 ms (C-50);15,272426555526192;13,368850034818376;11,039620336975272;9,851963131951019;9,427114136188893;9,27394872926881;9,27320935752714;9,566161268285816
Definition/Deutlichkeit (D);97,11565898325001;95,59883552542549;92,70319611707836;90,62342643153802;89,7584872300505;89,42970897693449;89,42809953077824;90,04908168046997
Clarity - 80 ms (C-80);22,04136328103619;19,11007983303874;15,793795968216564;14,164453010585419;13,695024075058694;13,788280135193112;13,791040014163233;14,148641530535084
Center Time (TS);8,151802727651823;9,331815422585565;12,898307912768063;15,26944824595022;16,346877556285747;17,098748477034963;17,202477218223972;16,60249451361054
Strength(G);7,224955834005087;6,891475184108138;7,298886546263006;7,511428601973115;7,678456578738263;8,051116918988015;8,100192396147342;8,029361088882084
Lateral Fraction(LF);2,8829641999299596E-08;2,8435949976690016E-07;9,880751412287142E-05;0,0002598227503636951;0,0002722400516593307;9,78771206335256E-05;3,9770956553500526E-05;1,2674602341988957E-05
Lateral Efficiency(LE);3,890213568636197E-09;5,988175708907232E-08;2,6560956030976745E-05;7,830265696935897E-05;8,341003275102768E-05;2,7696432498440704E-05;1,1052806896350182E-05;3,386284550204413E-06
Receiver 25;63 Hz.;125 Hz.;250 Hz.;500 Hz.;1000 Hz.; 2000 Hz.;4000 Hz.; 8000 Hz.
Early Decay Time (EDT);0,32094484112618044;0,3319963882709574;0,3758901974798327;0,4241995596467681;0,4600532139708621;0,41906022466054976;0,4346118959386863;0,47912963544917675
Reverberation Time (T-10);0,31990450661102326;0,32376454288290873;0,46756118687902465;0,528385761225955;0,5314307664121622;0,49846139290742364;0,5141362256822501;0,54522190508855
Reverberation Time (T-15);0,34530235101271434;0,3570205378874705;0,4603482407217499;0,507116636993503;0,5602610855248654;0,4770754699130407;0,4933382522596531;0,5721219164074342
Reverberation Time (T-20);0,3600246240985739;0,3557093889221275;0,4714773423551667;0,5293746829763654;0,5746708182098108;0,502242942741086;0,51267878585721;0,6049139766330164
Reverberation Time (T-30);0,381734262983475;0,37938742046557555;0,4985290434986425;0,5854121697123658;0,6765594529320064;0,561726746551545;0,5739609936560599;0,68897431376792
Clarity - 50 ms (C-50);11,519532811539205;11,999603219198596;9,623869684861386;8,617410967449967;8,206928925814896;8,614281730469559;8,323081986956433;7,193280678575741
Definition/Deutlichkeit (D);93,41630923847745;94,06439560881162;90,16751827162898;87,9131594872128;86,8723056762349;87,90550106228889;87,17432078328979;83,97425922344439
Clarity - 80 ms (C-80);16,834098269273895;17,07627931167989;13,543324467948167;12,072123038999731;12,08539933317838;12,657086902696184;12,302125987824528;10,896645744173219
Center Time (TS);13,61920732021231;12,06900987351931;16,97888595463454;19,876058796823422;20,62240409355972;19,625238394774414;20,47041716934207;24,711842518951432
Strength(G);8,479337763575295;7,810985662271381;8,307487944687367;8,634549516101906;8,587124337095773;8,740567087725807;8,864010561870998;9,290617959178505
Lateral Fraction(LF);3,0398227242491704E-08;2,852031917520925E-07;0,00010717073048703698;0,0002906443741480003;0,0002945683764714208;9,535099373443027E-05;3,8387381051756714E-05;1,2921986142649978E-05
Lateral Efficiency(LE);7,347042263274715E-09;8,75940589226985E-08;3,877927929684577E-05;0,00012086099268257764;0,00011825315301712169;3,4346207586551924E-05;1,3622831744679196E-05;5,279766772999683E-06
Receiver 26;63 Hz.;125 Hz.;250 Hz.;500 Hz.;1000 Hz.; 2000 Hz.;4000 Hz.; 8000 Hz.
Early Decay Time (EDT);0,355377581533737;0,3570064731003137;0,4521007643463369;0,521191234106977;0,5213452748821453;0,4701047403152254;0,4900720433332531;0,5608501420852889
Reverberation Time (T-10);0,3606454674386822;0,36081253579900824;0,48460837122424666;0,5406609149969627;0,5566686014185583;0,512266726830691;0,5072129659576118;0,6117748906124336
Reverberation Time (T-15);0,37244477217011235;0,36760709768359934;0,49801293808026514;0,5751197795440657;0,6340195733370749;0,5471375161443928;0,549690796522244;0,6722989560821142
Reverberation Time (T-20);0,3890781670438931;0,3792590459686486;0,5228450685070462;0,6145954502971324;0,662597198260776;0,6021365036149061;0,6070029946532842;0,7105335377525006
Reverberation Time (T-30);0,40416003968872083;0,4112549930275314;0,5734645920012842;0,6602331142831306;0,7891526408257563;0,68859098355772;0,7060866445693201;0,7621750768655731
Clarity - 50 ms (C-50);9,500904306304609;10,236761866137883;7,832202545435921;6,764208791405155;6,742972035325435;7,409931838981305;6,936746640231996;5,462803151414145
Definition/Deutlichkeit (D);89,91362571191299;91,3497041961852;85,8566109792436;82,59967171170993;82,52927836265475;84,63427386177975;83,16329753063204;77,8656966214979
Clarity - 80 ms (C-80);14,538502977628177;15,135612955393889;11,824169235587927;10,318550724445073;10,254344881640431;11,20412760581659;10,867055429152988;8,993491355036443
Center Time (TS);18,53881397477171;15,971443247623895;22,095353117191397;25,618311964252186;26,415966057260604;23,864811920745773;25,265095500285128;32,38928661942888
Strength(G);9,79023797120037;8,82596235992727;9,44236284250816;9,676429959252424;9,602205810027641;9,598570756887874;9,815656382622407;10,667750977661044
Lateral Fraction(LF);3,447902240329764E-08;3,614248624380251E-07;0,00012576623414724811;0,0003216226000545246;0,0003299233167380951;0,00010581012926209837;4,46302850673261E-05;1,5189944346703327E-05
Lateral Efficiency(LE);1,3366391113481624E-08;1,6439407069534835E-07;6,073207060616346E-05;0,00016901922402934007;0,00017168031802372623;4,879138378617704E-05;2,167790614093741E-05;8,023578124484313E-06
Receiver 27;63 Hz.;125 Hz.;250 Hz.;500 Hz.;1000 Hz.; 2000 Hz.;4000 Hz.; 8000 Hz.
Early Decay Time (EDT);0,3787376246285366;0,374401061120693;0,4657277131621109;0,533125903474026;0,5529543656904591;0,5015029079602641;0,5210592035822185;0,6059010815800691
Reverberation Time (T-10);0,38563521543025325;0,3817999759211246;0,5155283885587684;0,5895777730357838;0,6350840530166098;0,5748310826451756;0,5577534999756124;0,6979942370756289
Reverberation Time (T-15);0,40179549860241226;0,39427008205483344;0,548179822228717;0,6380967376089081;0,7109998493607178;0,6386612787152023;0,6245751144150222;0,7373462911623015
Reverberation Time (T-20);0,4120886281278793;0,4142587644788714;0,5654416148965327;0,6670804426711215;0,7631349609813866;0,6979291978899962;0,6840410425302323;0,7656930758005808
Reverberation Time (T-30);0,419655544356033;0,4432898236861294;0,6260118287667918;0,7461609600149302;0,8591995950878234;0,8143059031553181;0,8074887095892924;0,8105452037578582
Clarity - 50 ms (C-50);8,14715075351014;8,967843236636991;6,822210155972658;6,04330372580908;5,564371901637731;6,377919716952193;5,994370072043971;4,386519380144067
Definition/Deutlichkeit (D);86,71873041152861;88,75339666705074;82,8018294205227;80,08794962236766;78,26614548115045;81,30015008908482;79,92225042344326;73,32204855750058
Clarity - 80 ms (C-80);13,205730115206688;13,83096519417785;10,789302448194265;9,75789599991221;9,261791649727542;10,231988545796193;9,902676689785924;7,981352599450436
Center Time (TS);22,782214359175104;19,52061434944663;26,307826711032032;29,46773312549403;31,672772340433504;28,112391987934704;29,12133784134789;38,21327054279638
Strength(G);11,208300110222623;9,76917393435938;10,449070461472942;10,6707244195932;10,542069314450451;10,415263999666493;10,519200799470148;11,939714555420792
Lateral Fraction(LF);4,826686966821568E-08;5,044106852981911E-07;0,00017717275292029208;0,00045589045450883674;0,0004525802072889115;0,00013925034473221974;5,55844128045222E-05;2,0118822645056106E-05
Lateral Efficiency(LE);2,0847619212716082E-08;2,527683372996794E-07;9,173867715176003E-05;0,00023985782415087564;0,00026384457089606583;6,95341188249255E-05;2,884930150534403E-05;1,1856463117322896E-05
Receiver 28;63 Hz.;125 Hz.;250 Hz.;500 Hz.;1000 Hz.; 2000 Hz.;4000 Hz.; 8000 Hz.
Early Decay Time (EDT);0,38661701700558954;0,3912463728898421;0,4790337984760989;0,5308753754211615;0,5674362891427032;0,5294124047404198;0,5345030086776545;0,620749208390055
Reverberation Time (T-10);0,39382052989028415;0,40810247641769043;0,5245308066985636;0,6180349189760558;0,6411701416595303;0,5872573743142137;0,5948433467121635;0,6986234146445095
Reverberation Time (T-15);0,40330307142814775;0,4094703895277673;0,5553587927938506;0,6494909392583764;0,7049531440838768;0,6211392205748285;0,6264643040874825;0,736032322475482
Reverberation Time (T-20);0,4110116948877534;0,42046781973449054;0,5758856951485862;0,668625509462486;0,7713943694104747;0,6774353310222013;0,6697054632629572;0,7690736461190666
Reverberation Time (T-30);0,41839569251820435;0,43776557499382923;0,6395309931513009;0,7634070494002811;0,8534104855074115;0,7736896342282934;0,8047168968032247;0,8156489248099837
Clarity - 50 ms (C-50);7,972207758625652;8,457213232348666;6,56157854427362;5,68730562279775;5,296117763889297;5,874830266928713;5,710758466924015;4,1919401104698135
Definition/Deutlichkeit (D);86,27160308797687;87,54050978811195;81,92657079988263;78,7472195995733;77,30343717022691;79,49153722690511;78,84612557953989;72,47764208680469
Clarity - 80 ms (C-80);13,096703330159194;13,273523614324699;10,581901216512666;9,419038486731118;9,01509904254566;9,978611128239251;9,578987115521052;7,8241194437099715
Center Time (TS);22,929422361246807;20,708606909935813;27,51533256735858;31,63066916329786;32,80378776396555;29,589431189065323;30,46542349717397;39,107720165143185
Strength(G);11,446640759257367;9,962851041469996;10,820970599932124;11,001638835730738;11,03024212775739;10,649770369371787;10,747856856326678;12,124246715355852
Lateral Fraction(LF);4,7653218949939126E-08;4,960311536310074E-07;0,00018018169147831446;0,0004750050261346241;0,0004623541042164641;0,0001435042356220753;5,660602258036646E-05;1,9823651839816803E-05
Lateral Efficiency(LE);1,9324053193849246E-08;2,2370148723234253E-07;8,94441875950135E-05;0,00025198067607583855;0,0002438094122215676;6,886338241730466E-05;2,6457693408233858E-05;1,0881797355394443E-05
Receiver 29;63 Hz.;125 Hz.;250 Hz.;500 Hz.;1000 Hz.; 2000 Hz.;4000 Hz.; 8000 Hz.
Early Decay Time (EDT);0,37131425564357884;0,3647413028869122;0,4576861992729716;0,49158872157307165;0,5336763218704014;0,4846658220471171;0,5008746313157736;0,5699543162711859
Reverberation Time (T-10);0,36929769482371316;0,36883274365261826;0,4815358227838394;0,5601172522297565;0,6061829195093602;0,5247016582798186;0,5448726025899006;0,655825331195301
Reverberation Time (T-15);0,38341568246949415;0,3833215015228687;0,5258624640811419;0,6118771802362405;0,6331177687552185;0,5843940451792393;0,5889453806469621;0,693150959624085
Reverberation Time (T-20);0,3964460205842901;0,4064759453446714;0,550455163555292;0,6338384044516477;0,6747392863270245;0,6212454584276348;0,6212775812426331;0,7193214938466295
Reverberation Time (T-30);0,4079389908243363;0,417855711759672;0,5797587404473041;0,7105543368221179;0,7891080402434664;0,6979732867616325;0,7046703580859159;0,7721488317620216
Clarity - 50 ms (C-50);9,018894684375647;9,322698043196608;7,105767285136782;6,438901936175146;5,809912860348852;6,548802740053286;6,257615953354634;5,148742668732923
Definition/Deutlichkeit (D);88,87153641147508;89,53534948683541;83,71195833217485;81,50132652869043;79,21249348350747;81,87523837721257;80,86535902562115;76,59427727997627
Clarity - 80 ms (C-80);14,387534256058842;14,62855567926467;11,698142435028638;10,45017078986962;9,740534290175592;11,014636615187337;10,493233440496601;8,926794212421365
Center Time (TS);19,090446175577547;18,006135562397525;24,811739557740644;27,95528113067077;29,755040502101753;26,636377521102403;27,813097715711024;33,35635420669696
Strength(G);9,571060582796342;8,724105478640105;9,524378264589146;9,765265541010564;9,760794120932694;9,686209699608675;9,801947689209925;10,44962514521832
Lateral Fraction(LF);3,785507887734926E-08;4,6401918693771704E-07;0,00016292604272703543;0,00040991361509494446;0,0004101011316333781;0,00013748142358999322;5,4764454268576205E-05;1,7197973924536692E-05
Lateral Efficiency(LE);1,3692103146225793E-08;1,7048796216568066E-07;7,141054680945497E-05;0,00019037740584162426;0,00018510568459344047;6,10630206752774E-05;2,2720487557582915E-05;7,810668937784032E-06
Receiver 30;63 Hz.;125 Hz.;250 Hz.;500 Hz.;1000 Hz.; 2000 Hz.;4000 Hz.; 8000 Hz.
Early Decay Time (EDT);0,21922864318840304;0,2948886844208035;0,3699982340840784;0,4179589522855988;0,4426777400334628;0,42125539884653923;0,42192995376492876;0,4024209699765021
Reverberation Time (T-10);0,2816515790116785;0,3371940534907605;0,41560125338512804;0,480842758890838;0,4903624530043018;0,4808172438155682;0,4783154420046957;0,46309283587849404
Reverberation Time (T-15);0,2709023451829565;0,344587614301981;0,4127349588558865;0,4463902902747308;0,4602338442421922;0,44383415786185904;0,44251432248005684;0,43564143726741167
Reverberation Time (T-20);0,28708067491969325;0,3339747418022334;0,3996654400206668;0,4328566446199869;0,44499920396686715;0,43062832438288334;0,42971117804386194;0,4254991203432036
Reverberation Time (T-30);0,2914134799767338;0,33662247881311863;0,39080145271746985;0,4190571795569063;0,42340481521738405;0,41492245783736664;0,41205568480734267;0,41896794327642867
Clarity - 50 ms (C-50);14,476105347784884;12,387286256356933;10,016871183100813;8,864189197769006;8,446343761967746;8,469927904807468;8,442544213563645;8,767555973731112
Definition/Deutlichkeit (D);96,55519141836943;94,54363196065276;90,94114516316336;88,50406502323774;87,48831817142813;87,54764037143104;87,47873838417736;88,2757321691319
Clarity - 80 ms (C-80);20,25880018500831;17,25287009146484;14,157882026594937;12,691817728058922;12,234247670226372;12,390020335057706;12,40577254887642;12,850202325171622
Center Time (TS);9,101469635688451;11,03401087099647;15,233353473607561;17,9837876486184;19,10222448060172;19,370759742437233;19,48897508653395;18,753525195282602
Strength(G);6,438549089671383;6,168895918592003;6,70236738731063;7,0093960575971295;7,203079598965317;7,558013056230351;7,620910058030724;7,521610724772195
Lateral Fraction(LF);1,9247908825327597E-08;2,2576494886746056E-07;7,935781468019347E-05;0,0002090996748557502;0,00021935470233825556;7,803970739037677E-05;3,1578035385365416E-05;9,993744873728152E-06
Lateral Efficiency(LE);3,2647549524481596E-09;4,9967479538364695E-08;2,256015248652244E-05;6,641282358163693E-05;7,076393928467281E-05;2,282415215136353E-05;9,168120000296684E-06;2,8133989928020997E-06
Receiver 31;63 Hz.;125 Hz.;250 Hz.;500 Hz.;1000 Hz.; 2000 Hz.;4000 Hz.; 8000 Hz.
Early Decay Time (EDT);0,3146930650688458;0,34259216095103323;0,44064758628244666;0,47203516488727437;0,5035440242238672;0,4608657164030714;0,4617415141082558;0,5055981199880919
Reverberation Time (T-10);0,33987372616104405;0,36435881275261967;0,4930568330677099;0,5228418594731508;0,5436395852009924;0,5143382906103022;0,5223836169308143;0,5449729364464935
Reverberation Time (T-15);0,3589319933658948;0,37518933573572605;0,47365584669428745;0,5111046457905415;0,5654893374746176;0,49126228499821684;0,5197834096254099;0,5889031835800695
Reverberation Time (T-20);0,3726816930043251;0,3788952212806571;0,48322389135736515;0,5319905928571441;0,5754294226091169;0,5044913239697072;0,5386076306576818;0,6223607786851165
Reverberation Time (T-30);0,38964415165589344;0,39218913073771;0,5007306610827971;0,601516219070719;0,6525764372129494;0,5611038298040005;0,6165064281263237;0,7105819936112032
Clarity - 50 ms (C-50);11,20488701737905;10,652160222777265;8,295133849228327;7,570902986303469;7,053120035359955;7,409796487319376;7,31849570898735;6,4426402729654955
Definition/Deutlichkeit (D);92,9564616676527;92,0762359495827;87,1021973811456;85,11012856442593;83,53516663458414;84,63386855550115;84,35847329605399;81,50965454298785
Clarity - 80 ms (C-80);16,165572731255708;15,658219728144436;12,43994579605209;11,282721286405765;10,774673795993648;11,379844694273526;11,186457402772431;10,243551871758662
Center Time (TS);13,870976860850108;13,88071551077007;19,343083461211506;22,070136047119792;23,671656252424473;22,1838616117482;23,064743140688144;26,887768851770037
Strength(G);7,585668921668482;6,913415967293201;7,542709334546828;7,826713957192624;8,01752500155903;8,110200429241381;8,235194274738461;8,645140355836858
Lateral Fraction(LF);2,586397919441652E-08;2,6702835352194767E-07;9,675296703451834E-05;0,0002483045134638671;0,000256021493654017;8,570280739386826E-05;3,467401829781141E-05;1,1049735503819855E-05
Lateral Efficiency(LE);5,153776002297146E-09;6,318461524028522E-08;2,591205128683367E-05;7,155071297491868E-05;7,408856217658369E-05;2,342415908137748E-05;9,63302937517975E-06;3,391271181052186E-06
Receiver 32;63 Hz.;125 Hz.;250 Hz.;500 Hz.;1000 Hz.; 2000 Hz.;4000 Hz.; 8000 Hz.
Early Decay Time (EDT);0,364864818046356;0,38574088806653917;0,4924999976372952;0,5422573166228895;0,5427168875619941;0,49295390514746884;0,507952203068845;0,5889786384933913
Reverberation Time (T-10);0,36750515496766933;0,37331970317843416;0,49656561064751853;0,5512889924446148;0,6085128436562651;0,531141029223202;0,5363808917595709;0,6392629616992956
Reverberation Time (T-15);0,3828007574812704;0,38137449904376436;0,5110298678674391;0,5853630897365882;0,6538469761006622;0,5655194169369572;0,5905212718539108;0,6880160260051241
Reverberation Time (T-20);0,3956489378141554;0,39533091211466886;0,5391723834092407;0,6368859777422489;0,6755038159177492;0,6163683423045275;0,6504819277067085;0,7228303064144491
Reverberation Time (T-30);0,40882544590577813;0,4173646004319446;0,582337257147495;0,6973859886210533;0,763048145000593;0,7081531026192056;0,7370001761396593;0,7772263820371601
Clarity - 50 ms (C-50);8,966889675153611;8,940184462563055;6,417441766343439;5,780606065795249;5,567409313432803;6,269462503222249;5,972934626550891;4,55630247699244
Definition/Deutlichkeit (D);88,74248306766366;88,68090580168273;81,42204769159007;79,10115753599028;78,27803992663534;80,90110634838197;79,82381625985788;74,06073039547978
Clarity - 80 ms (C-80);14,273052924827645;14,616855007631129;10,978704515934831;9,708100543539791;9,683236317005743;10,610005114324267;10,299057228233819;8,462998621950026
Center Time (TS);19,55664555328259;18,081662772470008;25,670424033152084;28,81718122688911;30,250260932246043;26,75461689610049;28,4935392793937;36,190775465122194
Strength(G);9,048528113929478;7,9227928414722655;8,61085623686212;8,937813421265027;9,068645295381224;8,887900636499602;9,14021983304579;10,158816380888098
Lateral Fraction(LF);3,4161531824687534E-08;3,5264279061986323E-07;0,00012210224195143972;0,00031651840810050424;0,0003333962854069327;0,00010523051369572583;4,3974030715725796E-05;1,4495670047160233E-05
Lateral Efficiency(LE);1,1667976515728892E-08;1,359433248571574E-07;5,264874154138994E-05;0,00013828648071432032;0,0001582564509928865;4,19351868671071E-05;1,8364019102653838E-05;7,273519137188767E-06
Receiver 33;63 Hz.;125 Hz.;250 Hz.;500 Hz.;1000 Hz.; 2000 Hz.;4000 Hz.; 8000 Hz.
Early Decay Time (EDT);0,38697144576931075;0,39725662396631284;0,49881924552042384;0,5767704924541124;0,571005955456403;0,5450700075983135;0,5438496650986746;0,6458115656595376
Reverberation Time (T-10);0,398313338089099;0,4010567723678313;0,5439589685845252;0,6239583847797747;0,7008864281668932;0,6101375828950736;0,6120725289786334;0,7331005618942834
Reverberation Time (T-15);0,4107610038928153;0,4095106473641482;0,5678385665180892;0,6599091091849362;0,7342285719181729;0,6708037395795631;0,6716654567015313;0,7537245542987008
Reverberation Time (T-20);0,41896304278148033;0,42812559110855225;0,5913330921346168;0,6897371017848052;0,7832355344663475;0,7280501022649634;0,732441666877156;0,7804111361679347
Reverberation Time (T-30);0,4242403196819357;0,4494412228354516;0,6399174259833109;0,7551311897511952;0,8577999966001054;0,8233769443242872;0,8242789655540667;0,81695136173999
Clarity - 50 ms (C-50);7,428455626263428;7,512249028817376;5,459659176555256;4,580457456994184;4,413888451820348;4,933131064858237;4,761262488777056;3,3747620515236725
Definition/Deutlichkeit (D);84,70854538434993;84,96319439954651;77,85321720200619;74,16743574405731;73,43746740877923;75,69252335997827;74,99044741431295;68,5047787842895
Clarity - 80 ms (C-80);12,579711182247223;12,75416716125413;9,811647307877513;8,440717621275631;8,467498205599679;9,089057680861643;8,97654598070877;7,121813229776322
Center Time (TS);25,094313816806856;23,624309753875252;31,07391086913271;35,55412901191923;37,44222016170415;33,40476486617395;34,579198252756534;43,92220207841017
Strength(G);11,147884752322355;9,628447530413755;10,805111193332671;11,07761712129934;11,083680071990862;10,593506707514244;10,858696102162142;12,471831936380802
Lateral Fraction(LF);5,446811245732119E-08;6,068252731675211E-07;0,0002084173224141212;0,0005328541572609182;0,0005436231500679475;0,00016213067158675677;6,695137449242358E-05;2,3362788701253888E-05
Lateral Efficiency(LE);2,3394420067622835E-08;2,769438924114522E-07;9,938373460199579E-05;0,00026457553841220926;0,00029116052569427885;7,240050215843807E-05;3,166758999626229E-05;1,3335385627061144E-05
Receiver 34;63 Hz.;125 Hz.;250 Hz.;500 Hz.;1000 Hz.; 2000 Hz.;4000 Hz.; 8000 Hz.
Early Decay Time (EDT);0,38982276165951824;0,40545870191471095;0,4901576172093866;0,5630697017322968;0,6153669818441191;0,5585077901207787;0,5811749071237233;0,670484156307679
Reverberation Time (T-10);0,4075932912460704;0,4237827285160279;0,5450021604752543;0,6550081070298428;0,6963679999843584;0,6248556185903671;0,6425623001858491;0,7367330439473365
Reverberation Time (T-15);0,41297572073774436;0,4232422905832949;0,568684343984066;0,6675574720375499;0,7455061980639668;0,6643039144256595;0,673493463470613;0,7621290766120138
Reverberation Time (T-20);0,41883940683243753;0,4310998657454658;0,5922634451928971;0,7015534737850245;0,79361728155299;0,7078960888393728;0,7274166770556758;0,7872235100399625
Reverberation Time (T-30);0,42391792620934793;0,44746533488156676;0,6451700964045011;0,7678497047945715;0,8582016775139341;0,7967746292717909;0,8293314464562458;0,8193110255303303
Clarity - 50 ms (C-50);7,358074192026239;7,393064681463221;5,683139103010091;4,778479697561847;4,42767522769408;4,942495718388531;4,689516008902269;3,1063596164121634
Definition/Deutlichkeit (D);84,48686510834065;84,64275837897827;78,73930843137423;75,07129217776722;73,49809043023583;75,73642895801581;74,65563673993297;67,19512546581501
Clarity - 80 ms (C-80);12,307509111873156;12,20193468976445;9,730908269177291;8,430072315992689;7,766214706840364;8,769187838242328;8,3588666911267;6,721056604358195
Center Time (TS);25,602906059958553;24,600042359141028;31,758245449895522;36,565646503790816;39,18483207552976;34,43389761716271;36,036930333111556;45,84128276095443
Strength(G);11,516909655127456;10,08018285631523;11,434532721220506;11,767637932276273;11,68805448632579;11,075705077505859;11,278820562308404;12,76906165640554
Lateral Fraction(LF);5,3744918955502567E-08;6,255669869868643E-07;0,0002162844870010438;0,0005578121223996534;0,0005424486913925922;0,00016769747923601715;6,686034144062319E-05;2,3245183910461857E-05
Lateral Efficiency(LE);2,2262957512473417E-08;2,661880627925565E-07;9,899998188430534E-05;0,00027058202234007115;0,00027654321011706993;7,509643256649406E-05;2,9767138408069783E-05;1,2960744625752523E-05
Receiver 35;63 Hz.;125 Hz.;250 Hz.;500 Hz.;1000 Hz.; 2000 Hz.;4000 Hz.; 8000 Hz.
Early Decay Time (EDT);0,37758722548623064;0,3778622314626944;0,44310073010198575;0,5078773661692181;0,5423151645439598;0,4748236556799372;0,4952485035675981;0,5952930185087707
Reverberation Time (T-10);0,3804851969659154;0,38542274004955623;0,5071175624963317;0,5837282865082839;0,6540979595135641;0,566377227030875;0,596733789695605;0,7023991476499232
Reverberation Time (T-15);0,3928311970938874;0,40214604011552424;0,5377226402690902;0,6393392252340423;0,6806644250322246;0,6024723047877707;0,6213451320608832;0,7348198537158487
Reverberation Time (T-20);0,40428927488470084;0,4135542995288491;0,5614243351169314;0,6668419270958964;0,7309265861932616;0,6564982127061826;0,6584863449501869;0,7497070751606423
Reverberation Time (T-30);0,4135680873902431;0,4257752525341992;0,5986222340854397;0,7235622242408215;0,8175706793610211;0,7454179928482967;0,7333444023757975;0,7932617852987479
Clarity - 50 ms (C-50);8,41550610114724;8,697909198458252;6,807435490740117;5,739602594838187;5,490260237320374;6,133581689244185;5,923608574012413;4,641493891668633
Definition/Deutlichkeit (D);87,41038566578518;88,10873527561618;82,74226302161605;78,94465079896226;77,97446841288323;80,41299374150226;79,64027552553641;74,43578840708194
Clarity - 80 ms (C-80);13,538321911391161;13,78606659295119;11,191497945494511;9,649459197128188;9,199062750942804;10,35776272734245;9,800185692859257;8,155236433714503
Center Time (TS);21,30512151841212;19,8750855821386;26,73816581142869;31,130059923895494;32,459929977534095;28,805660074063205;30,09372192101551;37,222809680418045
Strength(G);9,173826169060188;8,364714809585024;9,436353397486549;9,733422907694319;9,814476993553939;9,54909579256298;9,783333070574002;10,494244904479089
Lateral Fraction(LF);3,627383095649991E-08;4,667421401736172E-07;0,00015807019786759452;0,00040662095879063375;0,00040471133282433144;0,00013156021737662448;5,145066891082679E-05;1,6215621902356367E-05
Lateral Efficiency(LE);1,2224905752913174E-08;1,4994041786774426E-07;6,086740685175324E-05;0,0001664019043106125;0,00016524385845046526;5,120815361620283E-05;1,920145009241066E-05;6,8894361851026374E-06
