Pachyderm Acoustic Simulation Results
Saved 23.12.2024 23:35:34
Filename:ORASE_FlatCeiling_Rough_Concrete (2).3dm
Source 0;
Receiver 0;63 Hz.;125 Hz.;250 Hz.;500 Hz.;1000 Hz.; 2000 Hz.;4000 Hz.; 8000 Hz.
Early Decay Time (EDT);0,34693763620796525;0,2932766950625237;0,36317971208963795;0,4527448546072127;0,4691016660121284;0,4369117403116593;0,4349150838553232;0,41611649543332996
Reverberation Time (T-10);0,3264765910881698;0,34782259276818556;0,3927821067286466;0,4166738075390358;0,4128000408972813;0,3911646954697188;0,3918657689967473;0,3851733006949297
Reverberation Time (T-15);0,2798815997104839;0,2933320282996785;0,3852418765090214;0,42578199517553816;0,44330788275456245;0,4258466542128686;0,4257861692682264;0,4193481226194359
Reverberation Time (T-20);0,27184245516802724;0,3162927724786011;0,3998982184986766;0,44146829221751727;0,45678315316697704;0,439443219249342;0,4386749961012824;0,43575580590367824
Reverberation Time (T-30);0,29016639494018265;0,3267775637645091;0,3775305775631854;0,4011514208054016;0,40564235442539326;0,3965305032531065;0,39338653913983584;0,3965136214196582
Clarity - 50 ms (C-50);18,445227294333474;17,063142305009094;14,728687365915807;13,55149187037053;13,100717243723071;12,829580862619137;12,739536401492575;13,044239173446275
Definition/Deutlichkeit (D);98,58970861290071;98,07146104866955;96,74348566423654;95,7724252233943;95,33162974536509;95,04578580469112;94,94723961962366;95,27341144647326
Clarity - 80 ms (C-80);24,071444877121596;21,808063075226542;18,536210083967735;17,028824161502133;16,407698114647037;16,369986206678476;16,288937730826028;16,614944681485152
Center Time (TS);4,1390483888022835;4,755649036867066;6,4906219649250225;7,63010382052568;8,217468140831613;8,916430955949151;9,068287939985408;8,716804181766125
Strength(G);12,260385195299257;12,294732333755107;12,459933025815573;12,54389895156205;12,60587122064247;12,767284636567837;12,794284061712844;12,755473507947826
Lateral Fraction(LF);8,038325193211737E-09;9,507628416522775E-08;3,532771063689683E-05;9,52046878693924E-05;0,00010040379315513483;3,5032914932307704E-05;1,4212413259474812E-05;4,4907262280550376E-06
Lateral Efficiency(LE);4,498964366556114E-09;5,1940614689967275E-08;2,1686183333629462E-05;6,150576459477927E-05;6,502997425943111E-05;2,2383071044028146E-05;9,02171349846899E-06;2,755592432481974E-06
Receiver 1;63 Hz.;125 Hz.;250 Hz.;500 Hz.;1000 Hz.; 2000 Hz.;4000 Hz.; 8000 Hz.
Early Decay Time (EDT);0,3234363146183754;0,27493810836409294;0,3357471310769245;0,37661050449394323;0,3879360690665436;0,4144133601957565;0,3936062086937537;0,3821087570233377
Reverberation Time (T-10);0,34726806590758474;0,3176390529634106;0,39793804910444003;0,4305200714131756;0,44502992578956846;0,4301998181450339;0,43803322773913117;0,4405175911077751
Reverberation Time (T-15);0,3283459714674836;0,3098462342536523;0,3931790375053693;0,4416626315488624;0,4560218619933041;0,4310491666195533;0,4507625869842623;0,48670988959626116
Reverberation Time (T-20);0,340701817341776;0,3293754758608775;0,3886770082579225;0,44065495939528165;0,46424164071885987;0,43150717039924624;0,46078764414594586;0,5256239551554314
Reverberation Time (T-30);0,36793355774570696;0,3389472808875472;0,43883466421640765;0,4905247304037291;0,5506233033186811;0,4772586783079991;0,5008379963294877;0,638021186274199
Clarity - 50 ms (C-50);16,837843495489892;17,62285025600559;15,340898003828517;14,603545178966;13,786764821812781;14,164225419902072;13,712443885403061;12,972073980269618
Definition/Deutlichkeit (D);97,97085744256647;98,3006941249867;97,15949569667363;96,65147185090268;95,98640768711623;96,3081790537792;95,91995838169497;95,19801820259937
Clarity - 80 ms (C-80);21,800185084254714;22,35592983416183;19,42101331424966;18,176935333133116;17,373087720254173;18,012267986303353;17,340047549839607;16,16934854313663
Center Time (TS);4,153194441080735;3,7136756451855883;4,982770255557501;5,594499996982605;6,399743157523033;6,0613170735653155;6,551806951512042;7,906310995582523
Strength(G);15,669227520653216;15,643514799459282;15,732396160248086;15,720154018249133;15,77883701694384;15,75979649635368;15,822568626587852;16,083183120664614
Lateral Fraction(LF);5,958007622438011E-09;7,324350742949317E-08;2,588539237614778E-05;6,664934842480683E-05;7,101011837106821E-05;2,2688145802582488E-05;9,363519814769147E-06;3,245297205177338E-06
Lateral Efficiency(LE);2,689694900922302E-09;2,88755758618625E-08;1,1581528626989653E-05;3,233669627742382E-05;3,752326607150746E-05;1,1918417586784016E-05;4,836600589660437E-06;1,6411583651861318E-06
Receiver 2;63 Hz.;125 Hz.;250 Hz.;500 Hz.;1000 Hz.; 2000 Hz.;4000 Hz.; 8000 Hz.
Early Decay Time (EDT);0,4530918777774147;0,3916413556050226;0,5599856570288495;0,7703401146469522;0,767972891156439;0,9726842188665232;0,6387840896944642;0,363265659042336
Reverberation Time (T-10);0,3299694811884164;0,2671218313028812;0,35599183994785144;0,40799719474133483;0,43887362211506836;0,4062089555678743;0,41399021492236326;0,46469828235350036
Reverberation Time (T-15);0,3517898042824505;0,30840753149188016;0,3855442090696304;0,4380652066972973;0,46366192101620884;0,4259947174537619;0,442528631439274;0,5433933069176399
Reverberation Time (T-20);0,36956342050965063;0,3352683436013754;0,41958612967826525;0,4713452483281378;0,49524658442316216;0,45332820413436514;0,47983598273730027;0,6114751772290059
Reverberation Time (T-30);0,39408185231907517;0,3732460672324164;0,49177511848195093;0,5798003910098483;0,6155237536314719;0,5507848530748717;0,5910449750637309;0,7066714340516846
Clarity - 50 ms (C-50);17,389818605575627;19,286731208058075;16,942371265337094;16,470490848154334;15,757686336268357;16,47914247327068;16,149963425653226;13,957727907620008
Definition/Deutlichkeit (D);98,20870090811515;98,83523402887998;98,01815628977488;97,79570012829078;97,41269907861374;97,79999045494762;97,63085974963988;96,13534869425386
Clarity - 80 ms (C-80);21,962688414936014;23,78130444554277;20,857988414937584;19,851910245069885;19,193068472033957;20,09181334035845;19,501677560421896;16,95106833886832
Center Time (TS);3,381552224294426;2,568883528639347;3,5489439726162106;3,8341913390471154;4,290987582717726;3,7750897766034712;4,129411132026978;6,2622759176751455
Strength(G);19,62829555772901;19,563929957423625;19,612701177457765;19,594631338893826;19,622669372624244;19,570964482300454;19,63487795125642;19,894329266569386
Lateral Fraction(LF);5,0286974220623076E-09;5,468615875257517E-08;2,0199877042946783E-05;4,873027383500239E-05;5,165456530661115E-05;1,5717130893337048E-05;6,63327207486206E-06;2,687477739847526E-06
Lateral Efficiency(LE);1,8511696533201043E-09;1,7472731831110876E-08;7,3694788264325E-06;1,8815638865422155E-05;2,17240210522599E-05;6,1903532969667255E-06;2,5582681528764904E-06;1,0664846632924278E-06
Receiver 3;63 Hz.;125 Hz.;250 Hz.;500 Hz.;1000 Hz.; 2000 Hz.;4000 Hz.; 8000 Hz.
Early Decay Time (EDT);0,3045586650822142;0,23767243663557636;0,28596434927607584;0,27831373399376313;0,2991229048761219;0,2798363017801052;0,2880597135168131;0,36131215939557526
Reverberation Time (T-10);0,36976138395434993;0,2661113113817427;0,3658823384625555;0,40304312688212557;0,409914458633254;0,39899024550901296;0,4113688669364547;0,5257440067970496
Reverberation Time (T-15);0,3842569504354123;0,3279556582263517;0,4153816712256428;0,4643186216719533;0,48384999415036295;0,48062104783175463;0,4799973705124528;0,6118785010007771
Reverberation Time (T-20);0,39707238216353846;0,3563535282470119;0,45912799033242335;0,5244525524096743;0,5580448766019568;0,5500554004046937;0,533337403636808;0,6707145947895526
Reverberation Time (T-30);0,4133665354921676;0,39716698531157996;0,5404348854572777;0,6187870037057158;0,7072904721465294;0,6566329385725752;0,6524490426805207;0,7514170254070767
Clarity - 50 ms (C-50);14,81820021416783;17,45531023272051;15,182143350301674;14,621088841884207;14,46652399459294;14,908175241842859;14,589089942125844;12,07705912620167
Definition/Deutlichkeit (D);96,81039663801421;98,23729665829232;97,05883232441747;96,66626936120127;96,54872925015503;96,87212135750906;96,64206734916571;94,17288137443556
Clarity - 80 ms (C-80);19,51034987858964;22,120079313853175;19,218673650121016;18,223379902157298;17,923517999814344;18,26872125435604;18,070078565117342;15,026145665744542
Center Time (TS);5,360226415086728;3,5870767393849485;4,978671946976244;5,558549070530915;5,7699056369754675;5,254155008739926;5,534539856702031;9,178702415546585
Strength(G);20,040353945605347;19,875427739382356;19,93096265100524;19,94083150153166;19,927662709985654;19,857598165025728;19,91461380183489;20,42970585635257
Lateral Fraction(LF);9,762878525474043E-09;9,10716997015548E-08;3,555679341042212E-05;8,853415298195541E-05;9,136833118409042E-05;2,7646743269206344E-05;1,0911266718242034E-05;4,732300214959924E-06
Lateral Efficiency(LE);3,5478388499517986E-09;2,7381784086458877E-08;1,2398309271131232E-05;3,15812622008063E-05;3,2441223960608614E-05;9,299791100529842E-06;3,889874141383866E-06;1,8355281721437813E-06
Receiver 4;63 Hz.;125 Hz.;250 Hz.;500 Hz.;1000 Hz.; 2000 Hz.;4000 Hz.; 8000 Hz.
Early Decay Time (EDT);0,3249697391830419;0,2277917318933666;0,3008941227907055;0,3540853444607673;0,3464342351602678;0,3633221353489645;0,3617798664664912;0,4963191839863205
Reverberation Time (T-10);0,3983752436753029;0,3315958830192158;0,4207178442441076;0,47306814652919454;0,4779404055390728;0,4802143312398258;0,48208079758827227;0,6211037060258054
Reverberation Time (T-15);0,4030514744568182;0,3494508194993458;0,46802214929694397;0,5213187033486334;0,5491583899521989;0,5375207798700049;0,5443449881205293;0,6854323210067632
Reverberation Time (T-20);0,41316508150744125;0,3762737196406359;0,5187501135881393;0,5644092477443058;0,6241210405487133;0,582109062833544;0,5933082089389011;0,7312998700753351
Reverberation Time (T-30);0,42546707141092055;0,4113768949514667;0,5868676501827444;0,6764336940362393;0,7580224785902907;0,7090777866113075;0,703199973161824;0,7837301660323397
Clarity - 50 ms (C-50);11,906003559548568;13,978529266170492;11,935878897488884;11,134527557266606;11,102124820279148;11,195397482853702;11,250384491702876;8,963830628347207
Definition/Deutlichkeit (D);93,97073573529623;96,16939725389575;94,00967619774212;92,86763735904027;92,81177000977078;92,95488189446797;93,04904101119055;88,84625051794929
Clarity - 80 ms (C-80);16,624282597909065;19,006475353228225;16,087240495296584;14,9338300840744;14,732471706907385;14,764144378111144;14,70628728438992;12,166441596347418
Center Time (TS);10,144122985153544;7,561643280105915;10,280330902228167;11,509056137754994;11,822557049719054;11,291777100657749;11,486721019422802;17,09584112917393
Strength(G);17,21457779395886;16,93659163963159;17,1532307598031;17,190916495881304;17,19076196357237;16,99446672142767;17,03440969502573;17,829649017597575
Lateral Fraction(LF);2,043184363805246E-08;2,3512558734421034E-07;8,233809162144244E-05;0,00020009742124010393;0,00020810827195663186;6,117244843380637E-05;2,5047323080389088E-05;9,82965892262685E-06
Lateral Efficiency(LE);7,726748865197692E-09;6,849909461670247E-08;2,7132291455999482E-05;7,682183289369344E-05;7,333345968434868E-05;2,280793625673612E-05;9,075261503587014E-06;3,983933269999791E-06
Receiver 5;63 Hz.;125 Hz.;250 Hz.;500 Hz.;1000 Hz.; 2000 Hz.;4000 Hz.; 8000 Hz.
Early Decay Time (EDT);0,30886509939924106;0,27729647359417925;0,33571283977564126;0,3784652259805634;0,3987988489031124;0,3809006643034979;0,36971648847648964;0,4885321591264296
Reverberation Time (T-10);0,3660498764033535;0,3269383878525574;0,429514331224924;0,4501709688275397;0,4696584450833131;0,45451452499348305;0,4509527433381774;0,5938930605095181
Reverberation Time (T-15);0,3831325504499719;0,35083097607618907;0,46798599412539116;0,4843207457173011;0,5322390178599375;0,4937843735659042;0,5085415942131501;0,6559531554509755
Reverberation Time (T-20);0,40089483757485644;0,3726172985306719;0,501941640900716;0,5367166671992191;0,5986640752576873;0,5392251415648445;0,5663931549659625;0,7008583366936317
Reverberation Time (T-30);0,4164455444409669;0,39372784584582265;0,5476823876948591;0,6635745810772132;0,7409652119180792;0,6367992750925667;0,6928722419629287;0,7640698689591142
Clarity - 50 ms (C-50);12,312200506250743;13,717874272559289;11,342570800752643;10,66560062800101;10,515480635150954;10,712221901001183;10,851364933246037;8,662341822305807
Definition/Deutlichkeit (D);94,46274235019594;95,93781847041879;93,1729558037686;92,10114067383194;91,84874228923543;92,18124365311512;92,41151793138809;88,06760019563701
Clarity - 80 ms (C-80);16,974866326827883;18,479606644366836;15,507703939387241;14,69822492797402;14,377272209748568;14,735027768914495;14,756269061259095;12,013325770381458
Center Time (TS);10,661301642681922;8,928608103642288;12,221359578572073;13,647102619510521;14,113175340191221;13,614062621247939;13,696807634227305;18,84948134404737
Strength(G);14,055438327436956;13,83123413801151;14,169966532109846;14,334978749545968;14,381489628667325;14,253515440869748;14,229740011117762;14,661732143591365
Lateral Fraction(LF);2,1408305282457645E-08;2,5032482614529973E-07;9,196637867869549E-05;0,0002487994991490785;0,00024440242812191656;7,684315652519443E-05;2,9414276770359903E-05;1,0285989961369989E-05
Lateral Efficiency(LE);8,13860794888349E-09;8,978220620136438E-08;3,647580539659909E-05;0,00010520555529574917;0,0001033174531460208;3,199365756420627E-05;1,2771311889663928E-05;4,7584083563697446E-06
Receiver 6;63 Hz.;125 Hz.;250 Hz.;500 Hz.;1000 Hz.; 2000 Hz.;4000 Hz.; 8000 Hz.
Early Decay Time (EDT);0,332916182599511;0,36889102215422925;0,4823122643301768;0,5018138532787959;0,5063928278289666;0,4715502922568978;0,4727561338664102;0,44948508239861723
Reverberation Time (T-10);0,3127452120796349;0,3639610808890856;0,3880954346432112;0,4446974647801597;0,46639216813260315;0,45288664493104286;0,4552206688822997;0,4373282241006186
Reverberation Time (T-15);0,27410437595560905;0,339129861032048;0,4276470282721676;0,4622231242889162;0,4630713243879289;0,4503773278183372;0,44746399823510624;0,4434431406325251
Reverberation Time (T-20);0,2982661737079717;0,3520459067380328;0,4074576355507847;0,4354823446832051;0,44788820731353984;0,4347685443384804;0,43464358572408796;0,4301190972107216
Reverberation Time (T-30);0,29119497546410306;0,32838005701070483;0,35669343326502206;0,3744302730810746;0,3835001536699479;0,37133083628173;0,37275438888652257;0,3794659169378593
Clarity - 50 ms (C-50);17,024400411345205;15,407405993901671;13,121246816455452;12,026837574563562;11,508731016853819;11,280965195466361;11,230039074373241;11,461455758462165
Definition/Deutlichkeit (D);98,05451645786863;97,20145580273663;95,35262240478869;94,09931150357264;93,4009957992698;93,07029761378632;92,99428670376332;93,33358463036217
Clarity - 80 ms (C-80);22,40302344928741;20,127839380063726;17,024533362995463;15,564967021291963;15,00830151725925;14,882310736230476;14,82682512912454;15,201564859979266
Center Time (TS);5,187526661481977;5,7274529742129;8,035808411337381;9,487974533365058;10,23562411891036;10,946456283886642;11,080738878301247;10,738443836941922
Strength(G);10,922265928492259;10,836106359389461;11,080068872001284;11,199708254376745;11,267160413552219;11,446916536024638;11,468709838673476;11,445709564754289
Lateral Fraction(LF);1,0114729775281942E-08;1,1917169359907309E-07;4,671819288642411E-05;0,0001266263779087617;0,00013272301877564208;4,565444770780484E-05;1,849454262634252E-05;5,844664568848899E-06
Lateral Efficiency(LE);6,2882772607866185E-09;6,709806058779052E-08;2,7809223872828517E-05;7,790694170369004E-05;8,2807958200652E-05;2,7719338742207045E-05;1,117108595434397E-05;3,4925797459260018E-06
Receiver 7;63 Hz.;125 Hz.;250 Hz.;500 Hz.;1000 Hz.; 2000 Hz.;4000 Hz.; 8000 Hz.
Early Decay Time (EDT);0,37330276601216333;0,48395514871639933;0,4376764549621301;0,5560004032325077;0,5735289737679691;0,5862036760182181;0,5912209227756525;0,536281705679674
Reverberation Time (T-10);0,37107442629974535;0,38355802932471317;0,4148369250430459;0,4562411291356891;0,47806506102279145;0,45522243521891276;0,4713694344512394;0,5176515599950807
Reverberation Time (T-15);0,3579845513591538;0,3529081231156084;0,42323038997046913;0,45554064098638775;0,4713774685964792;0,45412966505473445;0,46033194198663946;0,5332983434208333
Reverberation Time (T-20);0,35744702414714213;0,3499591522755825;0,409539031016632;0,4498527592907007;0,4685766732610429;0,4419904681289317;0,44642087320841317;0,565440302633596
Reverberation Time (T-30);0,3754192724655229;0,35985766536878705;0,4589586571004967;0,5367159586902676;0,5384481548313846;0,4817309476740205;0,5087473182805174;0,6612427009811535
Clarity - 50 ms (C-50);14,105950679905561;15,435908948171233;13,478212005280433;12,677915415182506;12,09249034434768;12,255134612424056;11,794884777292069;10,712071803045532
Definition/Deutlichkeit (D);96,26017252620439;97,21925357514611;95,70357759795411;94,87873393510824;94,18269191353605;94,38451480750167;93,79567773202932;92,17630162757577
Clarity - 80 ms (C-80);19,237061174150586;20,27250172808057;17,34484764152439;16,217318370600868;15,659328981828779;15,81380706891373;15,471596823021052;13,998422426873397
Center Time (TS);6,555929098449955;5,1628894072713285;7,113484697574172;8,090925607000004;8,823235826975946;8,621807901529538;9,279285619290823;11,676315025219612
Strength(G);13,123937072661093;12,899361441880934;13,077671804366851;13,076709665004898;13,15121468984151;13,11877762127277;13,205654825869011;13,538865066644235
Lateral Fraction(LF);1,0160429751932828E-08;9,982891324819704E-08;3,7440752017268946E-05;9,861013324143453E-05;0,00010245161891836672;3,249209252466664E-05;1,3816398973570244E-05;4,948892226091971E-06
Lateral Efficiency(LE);5,013118446326097E-09;5,286764951873427E-08;2,1612908455800063E-05;6,0852873824697496E-05;6,408557667098196E-05;2,0915883357177698E-05;8,842168381708192E-06;2,861452023976669E-06
Receiver 8;63 Hz.;125 Hz.;250 Hz.;500 Hz.;1000 Hz.; 2000 Hz.;4000 Hz.; 8000 Hz.
Early Decay Time (EDT);0,40313322220774517;0,41017856096738875;0,4392628955291847;0,49309098795358336;0,5619403126711078;0,5034324088379153;0,5549155046715755;0,5687347844987931
Reverberation Time (T-10);0,3845097604744438;0,38014791344875876;0,45433335126686536;0,4590874596205575;0,5073993637518366;0,48603764332323207;0,4959444689640001;0,5781662815572759
Reverberation Time (T-15);0,3795539596971081;0,3678761360958705;0,4537197828392182;0,4865146768581289;0,5075964023057595;0,49014870568816815;0,5022449668344731;0,6268795175616485
Reverberation Time (T-20);0,387291808762056;0,3748966534970309;0,4612322508169644;0,5184229734034288;0,5506751707432432;0,5168287626211203;0,5391667286244688;0,6695483425544437
Reverberation Time (T-30);0,40502050583575483;0,39593335018712683;0,5156075247392615;0,6390824991892543;0,6841208147086023;0,6067711398538995;0,6376460123633392;0,737166251312259
Clarity - 50 ms (C-50);12,89273067677312;14,836661154913205;12,626085694914977;12,410915120094527;11,65719646302704;12,138510977191908;11,860948901915862;9,796701582677501
Definition/Deutlichkeit (D);95,11380828302747;96,820908428595;94,82043402366361;94,57163093702897;93,60859854798693;94,24047873725327;93,88361369025235;90,51474177567106
Clarity - 80 ms (C-80);17,92903572794583;19,74457093036162;16,848118088850832;15,97544642899889;15,533595271271114;15,93024470739431;15,635835108659146;12,998797629438194
Center Time (TS);8,066955940798499;5,571990572235498;7,803880983007926;8,585775729675634;9,089475229902195;8,366154162739816;8,94997230936877;13,709789297432222
Strength(G);15,034589763400534;14,689976860798463;14,820782831463248;14,835103355460006;14,806822765377177;14,750991564152073;14,806102302646295;15,368599416434677
Lateral Fraction(LF);1,2893660326811098E-08;1,0942479882827143E-07;3,9824383117572216E-05;0,00010624455783556524;9,911498675545628E-05;3,184322023081763E-05;1,3251428143979963E-05;5,367446965617917E-06
Lateral Efficiency(LE);5,9959385414411265E-09;5,140237107083694E-08;2,1065525010243683E-05;5,68063895241462E-05;5,8755128891461376E-05;1,7918080049509593E-05;7,662798354869398E-06;2,9960252169236612E-06
Receiver 9;63 Hz.;125 Hz.;250 Hz.;500 Hz.;1000 Hz.; 2000 Hz.;4000 Hz.; 8000 Hz.
Early Decay Time (EDT);0,40099784394930277;0,31837796005520624;0,39375748275322864;0,45441693643833236;0,4761750089470909;0,4455544617798362;0,48803843980586253;0,5708475675138213
Reverberation Time (T-10);0,3979143526157839;0,36473544959703735;0,43861658516838786;0,4899355118012228;0,5029387101754966;0,49325410085875077;0,5132850811643591;0,6269956585528325
Reverberation Time (T-15);0,39932082168584276;0,3739540783558293;0,4645616045193126;0,5298763533556331;0,5600013239637212;0,537054415485874;0,5403787571192906;0,6743918537044676
Reverberation Time (T-20);0,40688554983539393;0,38589743908062424;0,49336313113907376;0,5755908989326259;0,6149456928622906;0,6045533245758871;0,5887974849891134;0,7185294242482695
Reverberation Time (T-30);0,4200087757589842;0,410827494467736;0,5735114940099906;0,6537953799537658;0,7408290075009281;0,7320107515707911;0,6888134119438731;0,776941632379884
Clarity - 50 ms (C-50);11,177169771703818;13,724807523381866;11,745343153115444;11,270094290340724;11,006058517587647;11,302660157024572;11,030988399003274;8,618091363835328
Definition/Deutlichkeit (D);92,92063368762346;95,93643239098365;93,74213566820892;93,05765262037336;92,65364477632106;93,10660435520178;92,70156881614827;87,93973104884026
Clarity - 80 ms (C-80);16,15085579917231;18,725043322039813;16,01354917571792;15,0181607729494;14,625629852091901;14,996469934640848;14,694879912427885;11,821790505116114
Center Time (TS);11,21862861915857;6,9730108183317;9,60828251034589;10,329431511465337;11,001243355415294;10,258265267015615;10,657913533167068;17,461047539716414
Strength(G);15,791618366118643;15,162594401863082;15,339900728270294;15,236326689443523;15,304420377035903;15,174305742049306;15,19545244985244;16,11779407476385
Lateral Fraction(LF);1,9384809544746903E-08;1,6360109411201368E-07;6,19632427899349E-05;0,0001465437483611447;0,00014878773869791972;4,834395281487564E-05;1,833803045714927E-05;8,052516806146658E-06
Lateral Efficiency(LE);8,685379727417336E-09;6,976002963577647E-08;2,8118855264159747E-05;7,075063423450373E-05;7,294954688987244E-05;2,1617581991851826E-05;8,96576317204204E-06;4,1484055170869305E-06
Receiver 10;63 Hz.;125 Hz.;250 Hz.;500 Hz.;1000 Hz.; 2000 Hz.;4000 Hz.; 8000 Hz.
Early Decay Time (EDT);0,38618174526100224;0,32130864796765585;0,3772576511866342;0,43573597730561786;0,40797983397067406;0,4467071784978582;0,44527389280979984;0,5590835781689809
Reverberation Time (T-10);0,4059439440094899;0,3634913511108522;0,44462581782194327;0,4997249653487127;0,5140461360063933;0,5332928552239456;0,5352840943073504;0,6411709397574802
Reverberation Time (T-15);0,4076518945247157;0,37280869596451915;0,487882670854137;0,5409623976514303;0,5775869453792971;0,5664483680175246;0,5651112091024577;0,6970160639405255
Reverberation Time (T-20);0,41453977421765437;0,3895658160440132;0,5325546051064916;0,5766938531794613;0,6469569997046407;0,591665914907129;0,6019448340579859;0,7404984114243465
Reverberation Time (T-30);0,4263085568660922;0,4170022566865593;0,6075912765375646;0,7010661639007522;0,7724280997506666;0,7535653032089104;0,7092626187886896;0,7915169791479258
Clarity - 50 ms (C-50);10,320833096493896;12,462160026393567;10,740564934167562;10,02662292656934;10,002251328971637;9,889024349325217;9,853766418264668;7,503987374913481
Definition/Deutlichkeit (D);91,53180331321532;94,66635337351227;92,25448753636432;90,97199727043062;90,9311919206825;90,70342520211027;90,65190419885273;85,01953868371099
Clarity - 80 ms (C-80);15,13650977900513;17,542847556358186;14,878701275573313;13,729790494899133;13,64822976378136;13,433321246210808;13,367163793601067;10,857349206950841
Center Time (TS);13,83657291483697;9,649924183261296;12,7237983857359;14,083552861855686;14,545328509095295;14,26009667470867;14,488568867818653;22,118197629012684
Strength(G);14,934647189487507;14,27845954349463;14,654662767654877;14,63657681848251;14,709377464507824;14,379793512149178;14,484590454496747;15,408863534828491
Lateral Fraction(LF);2,5432755167723282E-08;2,6275561854041103E-07;9,522707034067979E-05;0,000231573663464268;0,00024235431933258215;7,068040869506287E-05;2,7673561038454278E-05;1,1419539404042198E-05
Lateral Efficiency(LE);1,1409197463062921E-08;1,030300387499492E-07;3,6928560837272154E-05;0,00010526961415094158;0,00010431373594283044;3,3156854614823054E-05;1,285939160224508E-05;5,785154657909381E-06
Receiver 11;63 Hz.;125 Hz.;250 Hz.;500 Hz.;1000 Hz.; 2000 Hz.;4000 Hz.; 8000 Hz.
Early Decay Time (EDT);0,35977564534462725;0,31975730287055065;0,3804093141654858;0,4190457451185768;0,43020079100520986;0,4391792309930069;0,42729269865820607;0,5042956222714421
Reverberation Time (T-10);0,37288568795729543;0,33892427283772314;0,4268954340361258;0,46473294766439033;0,4966926626635829;0,46867034583185396;0,4590883461103536;0,593671282688377
Reverberation Time (T-15);0,38574020585042723;0,3562415304104114;0,4811237604826574;0,5046691343864984;0,5427429273872735;0,5092496088419715;0,512052958253179;0,6572802371005044
Reverberation Time (T-20);0,3984884003129055;0,37234110286637484;0,5005575707090489;0,5251062467678458;0,5882322437824599;0,5356026853028956;0,5636388034514702;0,7100496004483532
Reverberation Time (T-30);0,4149743091315791;0,39204570348813267;0,5620511621371479;0,6702920465061437;0,7393469379440472;0,6450457511110995;0,6754742840746221;0,7688657954287095
Clarity - 50 ms (C-50);11,277394140939842;12,752214188340387;10,841599567800484;9,996921544995969;9,963193653371999;9,738967946344122;9,813798226072661;8,1034310149323
Definition/Deutlichkeit (D);93,06866435238142;94,97426120639487;92,39573473842225;90,90693214082329;90,84249986976904;90,40283238281445;90,55622256861352;86,64248764587573
Clarity - 80 ms (C-80);16,29303873375925;17,92716172442124;14,972681212903783;13,967154551610827;13,798165832955416;13,91893313614606;14,04370656655217;11,441473865421095
Center Time (TS);12,379096489961007;10,109029472009716;13,248449707515823;15,198994205591937;15,295799603860578;15,350343565393992;15,684282991059325;20,870433208847228
Strength(G);12,673654002306279;12,302080227424312;12,651215724740773;12,794807994578221;12,765548347361289;12,596915534198054;12,679922675429452;13,193170380449345
Lateral Fraction(LF);2,323985892641229E-08;2,7800892710269746E-07;9,453462074364675E-05;0,00026246787941302375;0,0002457412947977947;8,211188246389501E-05;3,268114311806519E-05;1,1180995213970937E-05
Lateral Efficiency(LE);1,0537135721376414E-08;1,1393811803101827E-07;4,4719355751819594E-05;0,0001310983653337894;0,00012313352198534014;4,192275376148246E-05;1,6971634280166032E-05;5,795428479473901E-06
Receiver 12;63 Hz.;125 Hz.;250 Hz.;500 Hz.;1000 Hz.; 2000 Hz.;4000 Hz.; 8000 Hz.
Early Decay Time (EDT);0,3578888536852715;0,4636465581099651;0,4747506118021016;0,49322272532675776;0,5137059253716333;0,49128235901353134;0,49272092738715406;0,46316978898715644
Reverberation Time (T-10);0,28842809007543574;0,36397017830089207;0,4307746058117715;0,4979527129919558;0,5216947197802486;0,5131829168731741;0,512789663029448;0,487886936735369
Reverberation Time (T-15);0,29109249844130713;0,3690213910915054;0,44590118944203194;0,4924828427826969;0,5011373530363684;0,48993876687003934;0,48939934408135816;0,48087713240793567
Reverberation Time (T-20);0,3008678045890308;0,36806856403011695;0,42850924473935015;0,45979603517219575;0,4676178316363437;0,45414144310734766;0,45420982153962164;0,4461529001979414
Reverberation Time (T-30);0,3024080483816119;0,33361651446077184;0,37510410171692343;0,38420665723194003;0,39067424054256966;0,3775056051696696;0,3797350762375875;0,38207938561396876
Clarity - 50 ms (C-50);14,925990932839975;13,346134262614939;11,111626731026721;10,005716857639875;9,553260424853962;9,351853798222953;9,312339321503728;9,650237318847816
Definition/Deutlichkeit (D);96,88361405037205;95,57677583304162;92,81455892819308;90,91996402017102;90,02243194529407;89,59808398964786;89,51298027725213;90,22121414997982
Clarity - 80 ms (C-80);21,539208636103737;18,822726136269573;15,656357280914957;14,17928751475699;13,566003767924483;13,485691242415198;13,452424980337431;13,908095695584118
Center Time (TS);6,383013302006232;7,141216788265932;10,167273034790846;12,122540992442653;13,1079922010119;13,865688737949691;13,999307383626736;13,411517413685434
Strength(G);9,475864872205378;9,293441748510137;9,594109030083317;9,7494492876651;9,838067475100722;10,04470741605806;10,063373193005496;10,016332751554081
Lateral Fraction(LF);1,548156887670694E-08;1,7061848224278656E-07;6,592633125847004E-05;0,00018098449076799945;0,00018780373818900683;6,400307349610492E-05;2,5741116076103302E-05;8,083559884951657E-06
Lateral Efficiency(LE);6,58179309493576E-09;9,173116139598809E-08;3,8357383776814126E-05;0,00010929608521071143;0,00011542046689807804;3,7779570634121395E-05;1,5150091959994758E-05;4,64727405945202E-06
Receiver 13;63 Hz.;125 Hz.;250 Hz.;500 Hz.;1000 Hz.; 2000 Hz.;4000 Hz.; 8000 Hz.
Early Decay Time (EDT);0,4076558793865711;0,40287282745649833;0,4447411028608694;0,4657607426213125;0,48099746983291397;0,44993867282722794;0,4639642482539854;0,4941978617737748
Reverberation Time (T-10);0,3508057356622373;0,35102668392440395;0,41394733147258833;0,45168199603001075;0,48863042191021877;0,4569021480580555;0,45589785540174416;0,5241567109072508
Reverberation Time (T-15);0,3530126799668799;0,3520247140808281;0,41395074409536037;0,4598060657856386;0,48118978125993694;0,4608454954611464;0,4722966041727114;0,5444136884009577
Reverberation Time (T-20);0,36469658994036325;0,3549392840421959;0,41463203926535525;0,4580893925733946;0,47732752068419776;0,4490745558152634;0,46664746358306625;0,5657433550402206
Reverberation Time (T-30);0,38037167047830306;0,3538936411724039;0,41804081943638105;0,46490127162170936;0,49806929989739207;0,48681794210371254;0,46189402732941626;0,6501745651957569
Clarity - 50 ms (C-50);12,78928936919443;13,839705733238361;11,909785432777655;11,266581757388337;10,609500864430132;10,698441946913295;10,462522095744378;9,298359670829289
Definition/Deutlichkeit (D);95,00191735005463;96,03310769837991;93,94786807850365;93,04890698129803;92,00427377842576;92,15363884569213;91,75174423014253;89,48272490759224
Clarity - 80 ms (C-80);18,183433686743072;19,32014629356044;16,730891658226703;15,334317098766718;14,563199238246035;14,80882513365556;14,583228099548048;13,04635045942151
Center Time (TS);9,102281370494143;7,333317042440684;9,777161638535706;10,927783031810467;12,052556802010166;11,987432996820164;12,677126121378269;15,817601667915179
Strength(G);11,009850188473838;10,698461500369458;10,955293254590302;10,969192871777494;11,049889042358515;11,119699094539243;11,21112921319515;11,537475667047929
Lateral Fraction(LF);1,5712586429702E-08;1,5885028629353916E-07;6,121203658243807E-05;0,00016227622836551532;0,0001634194621794973;5,411587041440658E-05;2,2665219387877555E-05;7,714970532168284E-06
Lateral Efficiency(LE);7,822476203264176E-09;8,834566109117599E-08;3,667326824279501E-05;9,733792065723001E-05;0,00010377935944513882;3,269161608695545E-05;1,396771561714145E-05;4,731670213610047E-06
Receiver 14;63 Hz.;125 Hz.;250 Hz.;500 Hz.;1000 Hz.; 2000 Hz.;4000 Hz.; 8000 Hz.
Early Decay Time (EDT);0,41663137673633344;0,4159528431733213;0,49158182794030425;0,5221500527562334;0,5151522110417449;0,520238103335713;0,5239173808463367;0,5921149856807623
Reverberation Time (T-10);0,3813672775543245;0,38768301216206796;0,4598670698495121;0,4830914555031939;0,5001908179309833;0,4982880841372514;0,5031069900136944;0,6381500808569253
Reverberation Time (T-15);0,39258819230429093;0,3873896098860288;0,46941685020817187;0,5341992220441515;0,5400328107715622;0,529018969992799;0,5439451114856835;0,6757247426079521
Reverberation Time (T-20);0,404128172397216;0,39217094368160293;0,4876277868183468;0,572466052994813;0,613183275061701;0,5583551170544683;0,5985117435629517;0,717546422242837
Reverberation Time (T-30);0,4163002919612608;0,4127574938638278;0,5509874170574495;0,6672811345226791;0,7347923615307128;0,6652956032973728;0,7002921725841721;0,7750266700190505
Clarity - 50 ms (C-50);10,689199846055722;12,239150581426623;9,986078621243058;9,710916486179554;9,346458842655107;9,475144608835304;9,314190267486111;7,273797891184247
Definition/Deutlichkeit (D);92,1382375671969;94,3649759318801;90,88256427907059;90,34379090521004;89,58650077103711;89,85970630043963;89,51698040994557;84,22218941750653
Clarity - 80 ms (C-80);15,413734574298697;17,195464001630857;14,359587489917924;13,45233899296452;13,247500636510942;13,549293739187206;13,270950589779943;10,573259602102489
Center Time (TS);13,238810598933208;9,468788512999645;13,250235206221209;14,763797957379467;15,390775599942152;14,481975890655908;15,467168261067956;22,44120202848055
Strength(G);12,566260599416914;11,917100060120745;12,153445439766543;12,17238254354686;12,295313177496197;12,137768750032507;12,223228434954407;13,024731013562103
Lateral Fraction(LF);2,1544050235589324E-08;1,8940338849181565E-07;7,25245287093029E-05;0,00018832977792799868;0,00019113126184236762;5,827837322151346E-05;2,3938040770078425E-05;9,384633263928661E-06
Lateral Efficiency(LE);1,1087790721100217E-08;1,0720828498122299E-07;4,438370288993413E-05;0,0001227679465419552;0,0001226851258376389;3,774726973260646E-05;1,5981071505751727E-05;6,073115363165758E-06
Receiver 15;63 Hz.;125 Hz.;250 Hz.;500 Hz.;1000 Hz.; 2000 Hz.;4000 Hz.; 8000 Hz.
Early Decay Time (EDT);0,4160102028555121;0,3817301074075111;0,4612916216299624;0,4970591054663151;0,5433253579325591;0,5150120864271321;0,5292234468315561;0,6301619419706654
Reverberation Time (T-10);0,40180942084559473;0,37714654527059216;0,4875037827843271;0,5657745688230704;0,586271663056916;0,5814275093992013;0,5640295803131541;0,6972259666411093
Reverberation Time (T-15);0,41088953226589925;0,39628550584251143;0,5223240166113796;0,624397104890607;0,6328801209521594;0,6392227210788325;0,6044469510727924;0,7338726379460778
Reverberation Time (T-20);0,4192651209907537;0,4079958269151587;0,5644831813896762;0,6592591868789687;0,6911820440794204;0,6959747348441906;0,6554393566079327;0,7733084328364593
Reverberation Time (T-30);0,43062587658254364;0,4409867129033444;0,6705664722199663;0,7562332864839895;0,8509468567570113;0,8594350779269011;0,764558377441386;0,8176995078198548
Clarity - 50 ms (C-50);9,232280283430477;11,294229362963966;9,216858331438356;8,753138201323562;8,412453243933415;8,652581760239467;8,450799189335843;6,212377400198373
Definition/Deutlichkeit (D);89,355884649823;93,0990321852598;89,31787877136767;88,25084010663642;87,40961257151429;88,00556574130573;87,5043570485918;80,76818458994332
Clarity - 80 ms (C-80);13,84360638577417;15,9956448896618;13,160426731572944;12,246005026144339;11,757218516262757;11,986337721114705;12,04637478125653;9,336682225174094
Center Time (TS);17,363681096217956;11,787865013960543;16,289565038002536;17,83473164951955;18,81167729214078;17,967239735717843;18,37291672588655;27,748065402891157
Strength(G);13,618834445773075;12,63467761582083;12,985502964938902;12,769628409031917;12,869087027710137;12,755960130141233;12,824052753462851;14,054998696855506
Lateral Fraction(LF);3,078994912166631E-08;2,6878131283058335E-07;0,00010078131274945209;0,00023742002201977735;0,00023978963478605086;7,551055174308126E-05;2,9727602239438605E-05;1,2390048195985314E-05
Lateral Efficiency(LE);1,5807709254958666E-08;1,4377296064614396E-07;5,2418353392519565E-05;0,00013914173970802217;0,00013987190249502009;4,329639446788313E-05;1,7647290873114016E-05;7,284081246819475E-06
Receiver 16;63 Hz.;125 Hz.;250 Hz.;500 Hz.;1000 Hz.; 2000 Hz.;4000 Hz.; 8000 Hz.
Early Decay Time (EDT);0,42232511566462855;0,38495151537737515;0,4576045183485577;0,4966005297681866;0,5302451793510425;0,5122462064238128;0,5312734567331809;0,6257111049863197
Reverberation Time (T-10);0,40221133808425275;0,3835147985827952;0,4911991415269717;0,5871618603573974;0,6074181089860209;0,6064861655957259;0,6217159900026287;0,7183899232281233
Reverberation Time (T-15);0,4150147334019638;0,4035183507207055;0,537308181434502;0,6120210005200991;0,6666466523478951;0,648283863259176;0,6368758182895933;0,7678016742783231
Reverberation Time (T-20);0,4229841725946787;0,417555825362521;0,5934108847469279;0,6597334921251168;0,7633792256225651;0,7076039652103682;0,6916384697075536;0,7926738034979608
Reverberation Time (T-30);0,4347763488080456;0,443525216477603;0,6943104997267384;0,7902441313118724;0,8551203856736564;0,8468861278253812;0,7986558391363974;0,8292497652378956
Clarity - 50 ms (C-50);8,81163353417508;10,512156515368936;8,692667683931935;8,266154205181692;7,63309991216542;7,905002545071471;7,921583281768328;5,736031900179793
Definition/Deutlichkeit (D);88,40322163868963;91,86170464575659;88,10719466719829;87,04237553239508;85,3055727689825;86,06413550505297;86,10644673388313;79,01704900790774
Clarity - 80 ms (C-80);13,597627682717839;15,485849522046864;12,593338916974927;11,656488574365975;11,374977936168927;11,249147311194092;11,226458147666216;8,987640853380785
Center Time (TS);18,628568979922864;13,870559487762241;18,628913284710176;19,74015358102604;22,04045558108769;21,427903661221183;21,22756128925613;30,608633867435355
Strength(G);13,458273392107856;12,366073121013535;12,825670969693746;12,888988583209134;12,821246128404965;12,594668886238352;12,665488641319527;13,856244554423085
Lateral Fraction(LF);3,4320332288104584E-08;3,4646157165630646E-07;0,00012488975937278402;0,00028901009602758934;0,0003262097470459202;9,720654986978685E-05;3,675491195934471E-05;1,4529885619476288E-05
Lateral Efficiency(LE);1,7464601625417136E-08;1,6510581934967762E-07;6,134515256451413E-05;0,00015226470198566176;0,00018468897991127386;5,5612849774880985E-05;1,994504803009917E-05;8,670028303407097E-06
Receiver 17;63 Hz.;125 Hz.;250 Hz.;500 Hz.;1000 Hz.; 2000 Hz.;4000 Hz.; 8000 Hz.
Early Decay Time (EDT);0,3846041334295983;0,3600230844489731;0,43439360790143516;0,44393551644781637;0,4788907371914776;0,46748273667460066;0,4618869442833403;0,5435908201031702
Reverberation Time (T-10);0,3673150265818672;0,34791740822420647;0,43582005010294644;0,5173059066664801;0,5524255094667393;0,5204990267257313;0,5155321269889128;0,6166038922733516
Reverberation Time (T-15);0,39553484712881704;0,38230769791897035;0,46303453245011683;0,5250126872167696;0,5772166270779506;0,5389455872250746;0,5450475375604087;0,6715986664245319
Reverberation Time (T-20);0,4019586250039033;0,3878535298490826;0,49607628578971436;0,5399803333756558;0,6186579854892043;0,5958972478922011;0,6038350124179933;0,7255247908563093
Reverberation Time (T-30);0,41842817424915707;0,4026584924228715;0,5776025505107338;0,6598857536970751;0,7647948404238515;0,6765037784166251;0,7044017999739153;0,7844165680787611
Clarity - 50 ms (C-50);10,21693162336981;11,359312151338816;9,307611769707936;8,813336078106094;8,450344167573267;8,483902151040656;8,36624997914313;6,9166642309129225
Definition/Deutlichkeit (D);91,31888572034296;93,18677325144411;89,50275731203622;88,39054112737075;87,50153885755009;87,58267644444007;87,2850446230511;83,14295286722569
Clarity - 80 ms (C-80);15,089227116164608;16,36999210170196;13,736564102798074;12,597430805543873;12,355504277455548;12,38296484583155;12,587057793821923;10,450057006864313
Center Time (TS);15,093925664434298;12,338756875748379;16,271471184725375;18,027104925988503;19,206678964801885;18,872367439393248;19,331397336416234;25,028095831740718
Strength(G);11,502981767020067;10,713042244298812;11,173078010554718;11,40101070671966;11,23108008639398;11,07630160355447;11,291352722563722;12,032670933787479
Lateral Fraction(LF);2,8673192655398234E-08;3,128281666894076E-07;0,00011134616370159037;0,0003027522073530451;0,00028685506339979754;8,988734012792062E-05;3,7520501441282336E-05;1,2799645748192198E-05
Lateral Efficiency(LE);1,296899735263526E-08;1,3738392300538448E-07;5,6126145385761634E-05;0,00015041494369613147;0,0001545198175181535;4,865908277401611E-05;1,9537553069895806E-05;6,845482073966797E-06
Receiver 18;63 Hz.;125 Hz.;250 Hz.;500 Hz.;1000 Hz.; 2000 Hz.;4000 Hz.; 8000 Hz.
Early Decay Time (EDT);0,27660722429869344;0,36737424329419255;0,3794122587401632;0,4281842318548776;0,44628740490588636;0,4265831934260001;0,4280315251550097;0,40560962138609447
Reverberation Time (T-10);0,2603339758529755;0,31637303995728155;0,4075012363121711;0,50145814333088;0,527924999408177;0,5175416526482776;0,5241630029781982;0,49694671524441003
Reverberation Time (T-15);0,2651529633908675;0,35747602242601595;0,45299938104689874;0,48533521137183283;0,4986425920034211;0,484741390522248;0,4860484710783375;0,4789730971313706
Reverberation Time (T-20);0,2902617910518329;0,3642853033443;0,4281967856499773;0,4569780596383324;0,462518116897827;0,44774711121634075;0,4482983404968071;0,44453003696330107
Reverberation Time (T-30);0,30192762426603387;0,3390017679830156;0,3782769964803751;0,3977539352302645;0,40064124363187614;0,3979013792854094;0,3979859589089572;0,40692606090457184
Clarity - 50 ms (C-50);15,065387627723744;13,756063312241132;11,353130323280014;10,174110207440329;9,748991726245364;9,55655736400329;9,497786887998327;9,81880452463119
Definition/Deutlichkeit (D);96,97907951014179;95,95908453809582;93,17670253977958;91,23502697137562;90,42000357034607;90,02924858135655;89,90711399087044;90,55834702144182
Clarity - 80 ms (C-80);21,29727549429999;18,236840507154678;14,952590690245016;13,47341008756713;12,87322182281743;12,880322365248313;12,865270630670908;13,249716320257384
Center Time (TS);7,569485401474525;8,255022692529494;11,654673391263556;13,876259573288182;14,891324988360939;15,55084900368528;15,696924384677068;15,187221947387407
Strength(G);8,329040620027243;7,966983009499142;8,322275037463044;8,513835003836064;8,607577398653149;8,854798354528945;8,890255318769135;8,864532983958568
Lateral Fraction(LF);2,34676461129901E-08;2,3338179256614412E-07;8,811485003261253E-05;0,0002373662300228445;0,00024351535178979323;8,26549544208081E-05;3,339666753577352E-05;1,0564799823989197E-05
Lateral Efficiency(LE);4,569525219730382E-09;6,932028616063708E-08;2,9678646428622476E-05;8,698463196531944E-05;9,122374564014716E-05;2,882249369144238E-05;1,1623647549920995E-05;3,6012797407190254E-06
Receiver 19;63 Hz.;125 Hz.;250 Hz.;500 Hz.;1000 Hz.; 2000 Hz.;4000 Hz.; 8000 Hz.
Early Decay Time (EDT);0,3527866137738006;0,4016312101208316;0,4509418203268421;0,49255350574672385;0,49752420321968116;0,45582138243676174;0,46464057829134603;0,5327803861655405
Reverberation Time (T-10);0,3347881366068189;0,3588277187196621;0,4187832631981438;0,47381344055822994;0,5340283178226441;0,47529093400202094;0,5137664392120476;0,56237132719978
Reverberation Time (T-15);0,35967528716375663;0,3623876193626191;0,44076377037916614;0,49085660552069255;0,5211410131068605;0,4807631426886917;0,5220079928076682;0,5963503821755946
Reverberation Time (T-20);0,37028128145146366;0,363021970816935;0,4550282738086155;0,4977982459817043;0,5237771205787408;0,496009578404815;0,5055785978150903;0,6230071587851849
Reverberation Time (T-30);0,39301066094747344;0,36992674089926236;0,4779783457932644;0,5308469019442444;0,5905352560127045;0,561535811473654;0,5381665438337679;0,699187527292909
Clarity - 50 ms (C-50);11,717517678603837;12,624121620546035;10,169630111677625;9,43519136081305;9,158439495456832;9,550823392047205;9,213032382477518;7,566317441151758
Definition/Deutlichkeit (D);93,69119627281944;94,8182124692389;91,22677419813303;89,77557149665142;89,17563871959969;90,0173905582656;89,29638148127054;85,09674290269282
Clarity - 80 ms (C-80);16,80326867651409;17,601218655604395;14,514656630290979;13,08061549944161;12,472489762286273;13,273942962105863;12,702530001363927;11,279705634209554
Center Time (TS);12,001147503155456;9,761068631920317;14,154347702121491;16,072707886155573;16,792173501072416;16,026708354698556;17,23048047206306;21,873825298107242
Strength(G);9,51269843304813;8,928014033092634;9,302699895933983;9,389817931527276;9,459048923840157;9,525120970817511;9,630846924553097;10,142533588167723
Lateral Fraction(LF);2,260973620603252E-08;2,1760800163369717E-07;8,662816013917065E-05;0,00022926634286505094;0,00023264436147922335;7,494274971947418E-05;3,130887393628704E-05;1,0760028080118912E-05
Lateral Efficiency(LE);8,542836794653076E-09;1,0776934819524252E-07;4,8112760986794896E-05;0,00013109165734886887;0,00013079652545449006;4,0094841859954184E-05;1,6686912096514065E-05;6,197423138994021E-06
Receiver 20;63 Hz.;125 Hz.;250 Hz.;500 Hz.;1000 Hz.; 2000 Hz.;4000 Hz.; 8000 Hz.
Early Decay Time (EDT);0,39753336861733457;0,3956720110094627;0,44791835288593385;0,46477637375244923;0,5004919400421646;0,45749849154396416;0,46409212115125414;0,5714782936260404
Reverberation Time (T-10);0,391627093375756;0,35881897983407945;0,44629083037900275;0,49371296164887585;0,5405223242626862;0,49055653372789154;0,5244667671502089;0,6577164800013175
Reverberation Time (T-15);0,40120684783775606;0,3626333759395247;0,47703137736846646;0,5581307913643012;0,601163501141122;0,5266046596105224;0,5583228467127382;0,6902836099488672
Reverberation Time (T-20);0,4092749251561291;0,3778853175473403;0,5082938786061175;0,5845570861114273;0,6345553203589923;0,5766699938404016;0,5830490509267633;0,7206485444845465
Reverberation Time (T-30);0,4197628472535999;0,4053182110644077;0,5652645058237399;0,6576638904779032;0,727370610399299;0,6837543028525574;0,6838044238558743;0,7782103431314901
Clarity - 50 ms (C-50);9,697986079627153;11,240918985493147;9,115114150113437;8,729885883608844;8,3066166489799;8,749475092321115;8,37773558421145;6,1579088851070125
Definition/Deutlichkeit (D);90,31778604676848;93,01059024381769;89,07896615565116;88,18566201118152;87,1318718009746;88,23257486299049;87,3143667833192;80,50107056970154
Clarity - 80 ms (C-80);14,32183389499691;16,203693775675955;13,03253283307544;12,22961417626437;11,584355126474222;12,34742231793619;11,843109911434173;9,58343359679408
Center Time (TS);16,49513618552928;12,405282060180525;17,570142253007003;19,604540525213743;20,349254115072867;18,716977365664825;20,310561503674094;28,67703440601095
Strength(G);10,758123233200646;9,950879266772692;10,349276896159836;10,445750973926195;10,539523341894188;10,479694453948483;10,687471498361035;11,548234519745378
Lateral Fraction(LF);2,76615667907833E-08;2,7088615085924247E-07;0,00010666510730012496;0,00027938956987158894;0,00027310127041391857;8,653065988927983E-05;3,652450160570507E-05;1,3030615926274653E-05
Lateral Efficiency(LE);1,3212212915931882E-08;1,511322214999538E-07;6,322491423796568E-05;0,0001846186189267351;0,00016753636750246184;5,220902561626431E-05;2,192303607694891E-05;8,606423411849853E-06
Receiver 21;63 Hz.;125 Hz.;250 Hz.;500 Hz.;1000 Hz.; 2000 Hz.;4000 Hz.; 8000 Hz.
Early Decay Time (EDT);0,40320481071247666;0,3690856051117615;0,45053051704410835;0,4675916984054688;0,4984213187395968;0,4950147347878714;0,49921358828639933;0,6082585286769037
Reverberation Time (T-10);0,4004402016947809;0,37500765966598304;0,49548406709291626;0,5648117706568337;0,5717892760348097;0,5487557554692126;0,5553073803632136;0,703241361720932
Reverberation Time (T-15);0,40955446215262103;0,3900564260516469;0,5281961242821762;0,6218130822236034;0,6573822393093777;0,5876361770026195;0,6040281108109349;0,7396198914913966
Reverberation Time (T-20);0,41617480669699947;0,4040664163945011;0,5619532442008001;0,6531716520391416;0,7183668899591457;0,627855577303466;0,6454475562887307;0,7698740121843273
Reverberation Time (T-30);0,4289863411730424;0,4348412162999308;0,64846086707279;0,7583874257017545;0,8234490694591287;0,8350496615450443;0,7555528057797706;0,8163007162576875
Clarity - 50 ms (C-50);8,420151183593315;10,452564277936569;8,509266881156844;8,225532161877673;7,941961852368649;8,06290378275889;7,726915407342796;5,386212781457741
Definition/Deutlichkeit (D);87,42215117686631;91,74903028078323;87,6529105365088;86,93044667959897;86,20006203038787;86,48945731714551;85,56491339219323;77,61695357907932
Clarity - 80 ms (C-80);13,183139288957069;15,154010398641171;12,094112773957628;11,483220951856579;11,264752479592632;11,33566543665333;11,290860313843496;8,585681464826951
Center Time (TS);20,79066204402978;14,823228041712243;19,955925979523347;21,845658231709304;22,279473235861353;21,57963823431984;22,658128558364734;33,473657068657374
Strength(G);12,076420759598285;10,749869326996784;11,117750628069793;11,022847906985135;10,978078079514376;10,945486236732151;11,19199407428686;12,561723607004744
Lateral Fraction(LF);3,932615773453266E-08;3,494266856947321E-07;0,00012931978275125067;0,0003169651406394684;0,00031382552105703487;9,789069013854129E-05;4,11304483006225E-05;1,55838426642973E-05
Lateral Efficiency(LE);1,8833929633665833E-08;1,8279482304219437E-07;7,09342507845926E-05;0,0001938947093664069;0,00018895874263684064;5,812356730652663E-05;2,4168952038150517E-05;9,7374847039108E-06
Receiver 22;63 Hz.;125 Hz.;250 Hz.;500 Hz.;1000 Hz.; 2000 Hz.;4000 Hz.; 8000 Hz.
Early Decay Time (EDT);0,41458000386325805;0,37483616750471255;0,45455671870179404;0,49338869224382587;0,5040640691323877;0,47843365782258057;0,5075919891840907;0,6102510391457777
Reverberation Time (T-10);0,3975453957211477;0,3773410660839417;0,4849687290993758;0,5817985944088242;0,6215741366243076;0,5721090981028909;0,6084154693937239;0,7107606381119961
Reverberation Time (T-15);0,4109337870856408;0,396407938632685;0,5343840814783613;0,6193807519346114;0,6729798230692685;0,6506239187366172;0,634617842161149;0,7532068776624199
Reverberation Time (T-20);0,41960225515492533;0,40914107068892663;0,5794859903926213;0,6588858578581225;0,7293643853538732;0,7097977864559689;0,688266079348371;0,7816937594998632
Reverberation Time (T-30);0,43152373767170216;0,440207741874222;0,6637807609947126;0,7749003578999867;0,8334886002984943;0,8295467246324832;0,7954732269161582;0,8229146149884555
Clarity - 50 ms (C-50);8,051392817645366;10,095002391756893;8,109209159566092;7,647477054141936;7,407931090141523;7,759513679686294;7,360572846507171;5,158012898637789
Definition/Deutlichkeit (D);86,46458312025447;91,10648189192936;86,62444931188854;85,37420755021613;84,63773651509831;85,6808450851187;84,53822342896045;76,74876644305225
Clarity - 80 ms (C-80);13,034339481395648;14,92273094531241;11,923181847570774;11,011573522422747;10,845003483611231;11,44344152561812;10,910028197641225;8,437869038836045
Center Time (TS);21,630358689253953;15,729942119862509;21,471482993415865;23,35325083668861;24,595043805722984;23,21083423742006;24,374836027601024;34,699916389805395
Strength(G);12,086436182975223;10,766730678984615;11,18643501538466;11,255180497209068;11,233762916036383;11,076210093560434;11,15111021923579;12,564930215776776
Lateral Fraction(LF);3,9502567454131425E-08;3,6338767325779766E-07;0,00013639006885001026;0,00033042556533397177;0,0003472858730769064;0,00011200602691306672;4,229812055713513E-05;1,6000421668532616E-05
Lateral Efficiency(LE);1,9072149185117586E-08;1,7739259164982804E-07;7,724066548724457E-05;0,00018194229527601372;0,0002051101246684061;5,683251320792926E-05;2,2770575660013748E-05;9,646057261001044E-06
Receiver 23;63 Hz.;125 Hz.;250 Hz.;500 Hz.;1000 Hz.; 2000 Hz.;4000 Hz.; 8000 Hz.
Early Decay Time (EDT);0,37934542969354285;0,36698567893765077;0,4313162766778569;0,4920272055909112;0,4733444850365039;0,43828732185264974;0,46611987716998166;0,5590930880902605
Reverberation Time (T-10);0,3843027032391558;0,3393672272845296;0,4446919811115601;0,5168255648780767;0,5794641581558044;0,4899606078659741;0,5228245424490799;0,6413808269800039
Reverberation Time (T-15);0,3957848573248309;0,3618105466899891;0,47820766734075354;0,5634262673214663;0,6099047506630068;0,5806825603571579;0,5703169854555368;0,6939185140017685
Reverberation Time (T-20);0,40706081762596946;0,38764773875568886;0,5313413742516446;0,5828430266896563;0,6043190048156147;0,6075727597424996;0,6046570653031005;0,7472535975121675
Reverberation Time (T-30);0,42073402769804463;0,41448297160742675;0,5878670164175515;0,692352315108614;0,7146254423880462;0,7014665341356202;0,7104168895756158;0,8039809990428252
Clarity - 50 ms (C-50);9,325986857819908;10,70766928054917;8,54007294463307;7,4766979745270925;7,677972823281033;8,016906732679672;7,618506960028605;6,032824915510309
Definition/Deutlichkeit (D);89,54244272136786;92,16898797484897;87,72265467497725;84,84066406841501;85,42912029769771;86,3652179534936;85,24850386735939;80,04500054117094
Clarity - 80 ms (C-80);14,214657631146306;15,946099998229133;12,574491001640222;11,095265275409856;11,194795085159416;12,22444672358543;11,7596224514089;9,59416798029438
Center Time (TS);18,043402408777467;14,666768417271852;19,91419650800079;23,03610656624867;23,287829103594568;22,10830173646505;22,623340780150333;29,780332685311123
Strength(G);10,293288649782692;9,422166331114695;9,847368075662509;10,178695242006185;10,299478192285711;10,13374210984729;10,207643469135526;11,006551103140197
Lateral Fraction(LF);3,397758460212381E-08;3,477042762485256E-07;0,00011938361433054636;0,00031266703344764985;0,0003310686842630281;0,00010935885677032558;3,939949966916328E-05;1,408618718118948E-05
Lateral Efficiency(LE);1,482734611216043E-08;1,5483103403426027E-07;6,393275392062348E-05;0,00016712895508898398;0,00015981263601606155;4,9936662737278906E-05;1,9046367707060977E-05;7,493517079519964E-06
Receiver 24;63 Hz.;125 Hz.;250 Hz.;500 Hz.;1000 Hz.; 2000 Hz.;4000 Hz.; 8000 Hz.
Early Decay Time (EDT);0,21029875725390493;0,2737296771618357;0,372121959187929;0,426800621104194;0,4525507097079727;0,42755230855941473;0,4288647057665085;0,40760869658788856
Reverberation Time (T-10);0,26642102169282067;0,3346382929898674;0,44897987159593905;0,5418825724068433;0,5665490112985894;0,5461202544672878;0,5461926465213831;0,5280803644992061
Reverberation Time (T-15);0,26740121271556216;0,3759505232491793;0,45945984766816356;0,48598458675167994;0,5083790860908658;0,49164217461629406;0,4918755833997901;0,4785182301277264
Reverberation Time (T-20);0,30696865358942615;0,35963228441995254;0,43147077299300696;0,47415292168474943;0,47739096925520613;0,4686169127927757;0,4694315247280181;0,4663873462526755
Reverberation Time (T-30);0,31042362279156416;0,35083384728805356;0,4010402214777804;0,4228219162872035;0,43247604373420373;0,4233818047185671;0,42439226318649;0,42750640249945004
Clarity - 50 ms (C-50);15,03564964566381;13,062230221345468;10,5664782300469;9,411520901678117;8,91666827605864;8,95130562013499;8,905410425124371;9,250102709479323
Definition/Deutlichkeit (D);96,95895422006151;95,29203134416862;91,93109486719692;89,72543418515352;88,62643874627321;88,7065847525792;88,60028308062546;89,3776925498252
Clarity - 80 ms (C-80);20,590637941575842;17,463792942713102;14,336812250802868;12,879222639863183;12,274404991767828;12,378503836731799;12,346590178221646;12,803765309662637
Center Time (TS);8,21655576489406;9,475576112910952;13,347835689108626;15,873876627141035;17,067677946693017;17,561157501331582;17,682041612589135;16,995370743749763
Strength(G);7,349971309500024;6,905221767589637;7,334907547256847;7,574381975727924;7,680133939632512;8,005639712085404;8,031692895786122;7,98104964491835
Lateral Fraction(LF);3,433812712482587E-08;3,1433803952409023E-07;0,00011209171017732954;0,00029541013732010854;0,0003019114490428253;0,00010580994434188011;4,252548812871648E-05;1,3750065784943943E-05
Lateral Efficiency(LE);3,6977439774802437E-09;5,816616893675334E-08;2,602691132143276E-05;7,546232436711896E-05;8,053305515661232E-05;2,603179837772876E-05;1,0371129346541939E-05;3,2455848995543207E-06
Receiver 25;63 Hz.;125 Hz.;250 Hz.;500 Hz.;1000 Hz.; 2000 Hz.;4000 Hz.; 8000 Hz.
Early Decay Time (EDT);0,3475846425207134;0,3713832974248701;0,4740061475829799;0,5210140140158791;0,5243380493733218;0,49780744997764126;0,509105954644481;0,5300641119822854
Reverberation Time (T-10);0,3438742298368416;0,34887767805853653;0,45727831986294665;0,5166149813654549;0,5052321176932766;0,49078071638037485;0,5065487345442226;0,5639847945309047
Reverberation Time (T-15);0,36159680626197555;0,3534768822489643;0,4421379035935332;0,5139518380200869;0,5281059966152715;0,4967291576021408;0,5059824753706205;0,6058890046867468
Reverberation Time (T-20);0,3730644680552191;0,346912727388289;0,4564831628620538;0,528510079999576;0,5670670756012436;0,5205032362085337;0,5221246683056222;0,6371418257805254
Reverberation Time (T-30);0,3974628941662519;0,37749438287938925;0,4809339857773681;0,5464522945716775;0,6396342489641976;0,5732539862674023;0,5828151829759838;0,7150253119461369
Clarity - 50 ms (C-50);10,699242816375794;10,907482857414418;8,413341920183068;7,4255567619288785;7,269159603351519;7,616069439464832;7,264989849587917;6,2805057983577885
Definition/Deutlichkeit (D);92,15497213515218;92,49469191266495;87,40490080403505;84,68100341676316;84,20799213025809;85,24144438709428;84,19522011611252;80,94036502800853
Clarity - 80 ms (C-80);16,052706074619174;16,173121263415588;12,965341465932864;11,535006749705525;11,611716364655356;11,971249635715553;11,497018354130756;10,349690586847109
Center Time (TS);14,008339481553561;12,628251916677833;17,79262763050024;21,29232053741461;21,37802610619266;20,48212627675494;21,734969655165816;26,17771260903175
Strength(G);8,416438291695432;7,727417995533532;8,159586357646276;8,459668627076283;8,481466490281193;8,546131486988749;8,69120760708794;9,209319607342266
Lateral Fraction(LF);2,947063510017602E-08;2,9175035076270627E-07;0,00010756118227447948;0,0002997638794174194;0,00029552383008353274;9,55255647265587E-05;3,90062338151301E-05;1,2971160253539429E-05
Lateral Efficiency(LE);7,559040915362863E-09;1,0090145032928667E-07;4,758396886289217E-05;0,00013894686217869235;0,00013350449218978375;3,958316289610076E-05;1,6698980797949877E-05;5,9230488910697975E-06
Receiver 26;63 Hz.;125 Hz.;250 Hz.;500 Hz.;1000 Hz.; 2000 Hz.;4000 Hz.; 8000 Hz.
Early Decay Time (EDT);0,38121621903407216;0,37510306790333764;0,44065298852507473;0,5003831587354188;0,5252533733929108;0,4808484295409498;0,4730214620904033;0,5877702133045379
Reverberation Time (T-10);0,38335161026626624;0,36048141142274887;0,46656528534542097;0,574398063739589;0,5572563497293769;0,5182266638065597;0,5429175957031505;0,6801690668913565
Reverberation Time (T-15);0,397218737467397;0,3630394374514763;0,5097961311740964;0,6023537585293106;0,6489782476422095;0,5971107828258385;0,5982992607328881;0,7146503634846209
Reverberation Time (T-20);0,4063739010075564;0,3808165977575345;0,5398913725675317;0,6070355664571798;0,6842972626401732;0,6402023171572286;0,6277294559558405;0,7347714894498003
Reverberation Time (T-30);0,420043329936019;0,4162150158995112;0,5812518739264455;0,6565523586454469;0,7350094729010711;0,7098937485613297;0,7129480205599522;0,7841521246558995
Clarity - 50 ms (C-50);8,911717101672803;10,015582413746142;8,001566120625462;6,887666864451331;6,36840612205757;7,251531189262627;7,116717725096776;4,952027182718796
Definition/Deutlichkeit (D);88,61494200064766;90,93870017155842;86,32356908370569;83,00446733794317;81,25064945537254;84,15393880070528;83,73559004555219;75,77248749360707
Clarity - 80 ms (C-80);13,747847421165897;15,133200154955183;12,300852454989467;10,681200651135905;10,213138572269047;11,387793855092958;10,828112027370496;8,595586529678247
Center Time (TS);19,7436439436014;15,74519241339227;21,552884013173948;25,14510629013089;26,509310784981256;23,37318184228492;24,891235776226313;34,588028974090925
Strength(G);9,85315882069662;8,728489680182818;9,32298298680206;9,432432124304555;9,54987688025102;9,380752429975217;9,713123430303796;10,715005678804602
Lateral Fraction(LF);3,5297860869470444E-08;3,584949131573922E-07;0,0001408044961497605;0,0003611114951880122;0,0003598434841833574;0,00011017537019045851;4,6678029363229136E-05;1,6807137718111942E-05
Lateral Efficiency(LE);1,3759139499427397E-08;1,5826113816891636E-07;7,01030122155496E-05;0,0001978589808843779;0,00017987009472863406;4,87088378635292E-05;2,2617516948695714E-05;8,93947630055588E-06
Receiver 27;63 Hz.;125 Hz.;250 Hz.;500 Hz.;1000 Hz.; 2000 Hz.;4000 Hz.; 8000 Hz.
Early Decay Time (EDT);0,4026263482250339;0,3814785928755619;0,4572720389895833;0,509489551422803;0,538854234328005;0,51929794712693;0,5168676155830526;0,6483329216787571
Reverberation Time (T-10);0,4040670962654217;0,3994955964904324;0,5276669463374076;0,6060535707556935;0,6367414376597289;0,5919238430993401;0,6053443278001491;0,7327683850494415
Reverberation Time (T-15);0,41403340347901396;0,40836728757404867;0,5652458645861412;0,6539253793567491;0,7213508157891492;0,6514359295392638;0,6484870846666594;0,7625236032774847
Reverberation Time (T-20);0,4211550169372179;0,4220834621337246;0,5946808087635329;0,6914433304223887;0,767841562410692;0,7044710253725749;0,6903636072109309;0,7867213973193337
Reverberation Time (T-30);0,4326734646205727;0,44467506629497955;0,6676656048677975;0,7918439960485016;0,8437763526195388;0,8567104504616279;0,775748813778208;0,8252594742509549
Clarity - 50 ms (C-50);7,519125091432073;8,993141472308544;7,090675568111891;6,46638586013295;6,0705836005542535;6,4314688856100215;6,196311676598142;4,036873827586273
Definition/Deutlichkeit (D);84,97317312149801;88,80272955406254;83,66358590340207;81,59191744532762;80,18971052608556;81,47085480554057;80,63949678173265;71,71837766733185
Clarity - 80 ms (C-80);12,46852859502244;13,93767884164924;11,204591764927603;10,182951525420272;9,802598170932857;10,170551210298486;10,013786645242416;7,5504569136967
Center Time (TS);24,690472787132606;18,825045149728645;25,597715725674117;28,226638955989433;29,513169629868912;27,878237438892075;29,19588657453227;40,587414480348286
Strength(G);11,276712094096958;9,703913355561028;10,30493142381637;10,362558423115445;10,349421965724744;10,127475647736645;10,549602489370443;12,064220246425705
Lateral Fraction(LF);4,590838769069728E-08;4,70657459974595E-07;0,00017843968121586992;0,0004570655806520332;0,0004457914211227903;0,0001404683623792253;5,8005895422319954E-05;2,1077024849734248E-05
Lateral Efficiency(LE);2,2560976924753003E-08;2,1720049367020455E-07;9,331657050180372E-05;0,00023152081248142652;0,00022765661456640953;6,970363096119047E-05;2,9681065731455065E-05;1,2179611920638079E-05
Receiver 28;63 Hz.;125 Hz.;250 Hz.;500 Hz.;1000 Hz.; 2000 Hz.;4000 Hz.; 8000 Hz.
Early Decay Time (EDT);0,4081218438746466;0,3753929659709185;0,46945692465359584;0,5325346709127841;0,5246997765860291;0,49485779197032337;0,5351037882319941;0,6605948130407877
Reverberation Time (T-10);0,40062273724928266;0,3994450408892373;0,5218059845930947;0,5996210747567501;0,6601577218775542;0,6071464278209137;0,6272222820004415;0,7270628379329139
Reverberation Time (T-15);0,41367621582936576;0,41597037029941675;0,5543343364926449;0,6362190595997437;0,69653744199362;0,6843430475771581;0,6670869924816507;0,7680480295015882
Reverberation Time (T-20);0,4243730856609559;0,42554913363028274;0,5961029274139146;0,6954427577772698;0,7490046579037607;0,7327041861218934;0,7184857442824568;0,7991754102387859
Reverberation Time (T-30);0,43353949823381177;0,45458187459475596;0,6700581555351574;0,7970530716943289;0,8518794228073358;0,8456782657840644;0,8165484021783791;0,8343096863452533
Clarity - 50 ms (C-50);7,344183804161823;8,888977065978406;6,786614175701713;6,16070620350587;6,103223469255078;6,487244712852235;5,773771434088266;3,8683787829435277
Definition/Deutlichkeit (D);84,43874099182621;88,60339649072755;82,71445281942864;80,5700099106156;80,31628252605633;81,66956224681503;79,09813142869919;70,94715220203199
Clarity - 80 ms (C-80);12,480162423068197;13,640145660960092;10,924591630007207;9,89169802905841;9,593353519740722;10,342000845970924;9,57082992804827;7,306562180095279
Center Time (TS);24,974361364315214;19,801058263889203;26,911356268958006;29,11203626682982;30,59188846786281;28,44488938802609;30,74277869956019;41,57714492866812
Strength(G);11,485109842867875;9,876504702382835;10,65168985125787;10,81706929102053;10,839062604108463;10,64771809500651;10,681004225611545;12,211039955525699
Lateral Fraction(LF);4,775253936768707E-08;4,942806964878246E-07;0,00018270169806685203;0,0004377282913806485;0,00044982252690713273;0,00015125601963583566;5,680034850557026E-05;1,9964890736538274E-05
Lateral Efficiency(LE);2,2996903831909117E-08;2,1927129348922244E-07;8,736597710859292E-05;0,0001964628621466582;0,00021919160063827483;6,264586880399752E-05;2,8052628603203962E-05;1,1176729281684839E-05
Receiver 29;63 Hz.;125 Hz.;250 Hz.;500 Hz.;1000 Hz.; 2000 Hz.;4000 Hz.; 8000 Hz.
Early Decay Time (EDT);0,37621569578147485;0,3646957219440807;0,4304984872942751;0,4923962138177056;0,48289563615090564;0,4373549922642594;0,4860620732837676;0,5924635484085198
Reverberation Time (T-10);0,3848975072227268;0,3486127624340218;0,4799779729472616;0,5239168801703633;0,6162995586345856;0,529530565861937;0,5464936144813847;0,6698931339434102
Reverberation Time (T-15);0,39761443217143494;0,37693291020439945;0,5067235107675611;0,5711038122266663;0,644514181791001;0,597276042899665;0,6144304411995236;0,7226179543803959
Reverberation Time (T-20);0,4108114727778426;0,39562559360057353;0,548830534640039;0,5983170104374759;0,6604230707646649;0,620997504223108;0,6506826042036908;0,7625424321523541
Reverberation Time (T-30);0,4237266602948455;0,42463640843720224;0,5878283884503984;0,7017310861778118;0,7380231642660469;0,7373292824871189;0,7286479417231333;0,8103911800763004
Clarity - 50 ms (C-50);8,91332785681374;10,102377381112927;8,094858725425583;6,974068326926943;7,0787816564671955;7,658127339492783;6,880136006121903;5,1774058422186355
Definition/Deutlichkeit (D);88,61868332378774;91,10204159000779;86,57520517655487;83,28328256358681;83,61627496911174;85,36286009855024;82,98331695241737;76,7123895883892
Clarity - 80 ms (C-80);13,819307434543155;15,231374142234088;11,80704308214175;10,955155179462137;10,33101825184868;11,48058847393344;10,508083568963105;8,539364164744196
Center Time (TS);20,07627306800706;16,907239806534264;23,112173957365798;26,637586679113205;27,011187696683507;24,852891397306372;26,722503316499484;34,861480852631246
Strength(G);9,798495562620765;8,636946143914184;9,450035420221852;9,577826927309552;9,703358768095356;9,777200373792148;9,687756448913007;10,560867196641837
Lateral Fraction(LF);3,838500341783592E-08;4,237079076703223E-07;0,000146279770523695;0,0003940988799846438;0,0003837369106520092;0,00013322696473457734;4,9732633768647586E-05;1,703920271633099E-05
Lateral Efficiency(LE);1,5227290339864096E-08;1,7193493462432666E-07;6,878359096756714E-05;0,0001881349457349364;0,00017589800722892662;5,2401398043887986E-05;2,1811116220056492E-05;8,52408897642863E-06
Receiver 30;63 Hz.;125 Hz.;250 Hz.;500 Hz.;1000 Hz.; 2000 Hz.;4000 Hz.; 8000 Hz.
Early Decay Time (EDT);0,21206480769834812;0,3113784238872418;0,41511039590271914;0,46147105081800777;0,4839332584203676;0,46083889773644;0,45915359331710004;0,4400107897697372
Reverberation Time (T-10);0,31325126702147726;0,3646347590570706;0,40145300622555574;0,4598828470478474;0,480182953023973;0,47649123883090017;0,4748831245697063;0,457979113810481
Reverberation Time (T-15);0,28059497933675714;0,3472432033664223;0,3931450900709367;0,4421471660332418;0,46699415580994963;0,4576977372909627;0,4578584055860215;0,4434044723122835
Reverberation Time (T-20);0,2934195304869822;0,33241936701934105;0,4087523058489142;0,4398007010979006;0,4530712219825898;0,4474879989932615;0,44768067484483626;0,4422456659920451
Reverberation Time (T-30);0,3012869979165079;0,3257204191471751;0,36201677597749315;0,3845206046176124;0,39780152559007703;0,38547460015564877;0,38739543796063175;0,40790998038685977
Clarity - 50 ms (C-50);13,731911306408858;11,49240573896133;9,123513468309527;8,071786366259275;7,628538957372564;7,727893569442534;7,729891062592419;8,069773473044892
Definition/Deutlichkeit (D);95,93746506738107;93,377789024762;89,09776669878649;86,51333910314294;85,27752887018826;85,5624399460806;85,56812071226132;86,50793034660833
Clarity - 80 ms (C-80);20,732467697259732;17,5004884350754;14,391013458260689;13,033397960428967;12,430955107821953;12,466059246477244;12,48114782748711;12,964979710162536
Center Time (TS);9,12300362261006;11,345131213182436;15,758020844028584;18,408912365752784;19,6507384316276;19,938287317575114;19,971545578032643;19,13362249520066
Strength(G);6,519961075138596;6,150833168975229;6,72801800703877;7,046104690001968;7,183064051350954;7,521095676595678;7,549771582390477;7,467757789303988
Lateral Fraction(LF);2,5648158496001162E-08;2,9589843237142503E-07;0,0001082674904530853;0,0002896582779893497;0,00029730116337135424;9,908959036615246E-05;3,963666763393895E-05;1,2459659882632915E-05
Lateral Efficiency(LE);4,109723166766167E-09;6,548269585217351E-08;2,927916814386434E-05;8,493009711365401E-05;8,997689549082482E-05;2,8351745836256867E-05;1,12597960017691E-05;3,399402080705996E-06
Receiver 31;63 Hz.;125 Hz.;250 Hz.;500 Hz.;1000 Hz.; 2000 Hz.;4000 Hz.; 8000 Hz.
Early Decay Time (EDT);0,34530333273370517;0,37354479175626143;0,46083817348395517;0,5010869922593875;0,5183476719176288;0,48403458917939907;0,49136632647099554;0,5375687451968176
Reverberation Time (T-10);0,3551748461982632;0,3474936195347531;0,4289814294482229;0,5000046006779699;0,49763679339026257;0,4663978098603523;0,49186528500117616;0,5685771520094813
Reverberation Time (T-15);0,3697547582424096;0,3500833620876518;0,44848871132876417;0,5250642068775347;0,5365500707890714;0,509147862754998;0,5230057636520087;0,605914776954358
Reverberation Time (T-20);0,3841851819115043;0,3711656234295981;0,45847399631191965;0,5274874546811681;0,5616203299113685;0,5241753595241593;0,5529486600952995;0,6542409052781424
Reverberation Time (T-30);0,3985247876044971;0,37754369426469375;0,5194998894635314;0,5909997598637861;0,6667209390573289;0,628075814803216;0,6531713160304112;0,7341163270718282
Clarity - 50 ms (C-50);10,258032409426157;9,774171764436728;7,598905441121802;6,792942919173324;6,159976096962128;6,760472558126704;6,406383957805807;5,479039718496804
Definition/Deutlichkeit (D);91,38832780660717;90,47010892494316;85,19165537049112;82,69455990451407;80,5085410761217;82,58730349099662;81,38350234262082;77,93006450339468
Clarity - 80 ms (C-80);16,02026223918913;16,55585598515732;13,213371072450599;11,951754404315393;11,453670472368183;12,183574884822026;11,447708921020915;10,193535520697187
Center Time (TS);14,612112710973113;14,54023929988814;19,90737219950244;22,432648159325225;24,2900798471147;22,9353535543409;24,4313729976365;28,619993312934348
Strength(G);7,641986343392549;6,945589210042598;7,631070550424546;7,779997919728814;8,002831296070319;8,098946734744665;8,276836249795132;8,631759131167016
Lateral Fraction(LF);2,854920843149274E-08;3,2211918892481534E-07;0,00011626706394638244;0,0003096531381136817;0,00031318238658056905;0,00010471934251766181;4,149515436367131E-05;1,2901795274585768E-05
Lateral Efficiency(LE);6,268386115713618E-09;9,131178178118344E-08;3,924508974681186E-05;0,00010932505389909328;0,00011835628150710539;3,463154121881504E-05;1,4104278631696795E-05;4,637995785824131E-06
Receiver 32;63 Hz.;125 Hz.;250 Hz.;500 Hz.;1000 Hz.; 2000 Hz.;4000 Hz.; 8000 Hz.
Early Decay Time (EDT);0,3856130600406522;0,3938411192291271;0,45468066048417777;0,507911549445288;0,5179041367832928;0,4757703860862541;0,5079907674283597;0,6081051413890128
Reverberation Time (T-10);0,3733714206910587;0,3622253026850113;0,46547209049244304;0,5831109982192935;0,5899599484446969;0,5471156983613517;0,5714761746465181;0,6946884578371181
Reverberation Time (T-15);0,4008488323545283;0,37701477872155137;0,5124443656165953;0,6066785039911298;0,6634131255336236;0,62026223351375;0,6055212132583138;0,7335359735830782
Reverberation Time (T-20);0,41070839217369115;0,392219968484224;0,5449585854282492;0,6254470211906425;0,6957468062765717;0,6532441990833548;0,6517491731815537;0,7589350446951509
Reverberation Time (T-30);0,42315464051352863;0,42334531324733715;0,5908097742311129;0,6926023976550627;0,7684379761637729;0,7559314461571826;0,7400588989865778;0,7958598971220512
Clarity - 50 ms (C-50);8,3278603627207;8,73044208615312;6,727975700419985;5,866504135515789;5,65098952078143;6,3142008077707885;5,777831280635538;4,040850781764062
Definition/Deutlichkeit (D);87,18661744691785;88,1869962537474;82,47943499549513;79,42624297778931;78,60349247655392;81,05976866304198;79,0905934758445;71,71645996767195
Clarity - 80 ms (C-80);13,580782651094381;14,879734764905809;11,81784489588297;10,30327936849484;10,126553786702704;11,079114931880259;10,123023321362561;8,144050593637246
Center Time (TS);21,315373688040033;18,20315176187949;24,99104765949556;28,458681823105284;29,351706734557464;26,86230364291703;29,343400749944998;38,49068371481428
Strength(G);9,083933762354064;7,819854687224833;8,761106956602383;8,842187870430323;9,016057030045765;8,825770828904012;9,16650673974791;10,267653644786712
Lateral Fraction(LF);3,4860719219662805E-08;3,71381058936469E-07;0,00013293802797330134;0,0003492252299963927;0,00035187020063633833;0,00010921310450684635;4,533053281912966E-05;1,5713518338545713E-05
Lateral Efficiency(LE);1,2735004395682244E-08;1,4935817574830467E-07;5,642817957311931E-05;0,00015191458637697704;0,00015321242906357675;4,154088559157933E-05;1,8788722103354983E-05;7,475290509880316E-06
Receiver 33;63 Hz.;125 Hz.;250 Hz.;500 Hz.;1000 Hz.; 2000 Hz.;4000 Hz.; 8000 Hz.
Early Decay Time (EDT);0,4055346541563311;0,38750113300661326;0,4753938485932013;0,555933462887468;0,5660589957669401;0,5310573837422122;0,5497479914706817;0,6765285672834954
Reverberation Time (T-10);0,414686021050359;0,3941071221559065;0,549062804051037;0,6428669492586213;0,6912409950210198;0,6580666059255065;0,6560964238564211;0,7577076625264142
Reverberation Time (T-15);0,4208637770124335;0,4169815637934448;0,5856664428944871;0,6702624634018772;0,748830747231577;0,7034376232592037;0,6909227840886762;0,7861210252791101
Reverberation Time (T-20);0,4269805413017972;0,43220197346004735;0,6130073885926275;0,7140422308954685;0,7937120231006415;0,7453702570310513;0,746504136922932;0,8041122982479347
Reverberation Time (T-30);0,43587498926570856;0,4517552146074484;0,6657099322553818;0,781950046057469;0,8519006128122355;0,8646343818886463;0,80845985799649;0,8334129285416647
Clarity - 50 ms (C-50);6,89106630521231;7,827040913215547;5,790641559663895;4,908789121855298;4,808114030509996;5,41497085481868;5,121890791262573;3,176452275839106
Definition/Deutlichkeit (D);83,01550678215796;85,84217271316935;79,13933150971785;75,6633380980006;75,15897784967503;77,67529112558535;76,48325196035145;67,51135507926335
Clarity - 80 ms (C-80);11,946364577673233;13,158321808906685;10,216746784537625;8,717468964511319;8,626305554652795;9,361154969068131;8,795804082884377;6,765587918847716
Center Time (TS);27,15762868952666;22,679660091171534;30,88690903160456;34,84303525970863;35,8458724637242;32,55543515473745;34,47040515269148;45,801625555704625
Strength(G);11,300493946178328;9,751263873554237;10,698982229412842;10,773796681371046;10,912180625628153;10,574310764430479;10,922848317004252;12,716737517666807
Lateral Fraction(LF);5,373013078512589E-08;5,893703145744845E-07;0,0002142027278751973;0,000534880737907647;0,0005327533036586875;0,0001653358771220212;6,727298687146545E-05;2,421243957457716E-05
Lateral Efficiency(LE);2,4714078478794923E-08;2,427219755954158E-07;9,726798476999927E-05;0,00025579362629624065;0,00025550206338528715;6,46660141915262E-05;2,9266620670996617E-05;1,331818213638645E-05
Receiver 34;63 Hz.;125 Hz.;250 Hz.;500 Hz.;1000 Hz.; 2000 Hz.;4000 Hz.; 8000 Hz.
Early Decay Time (EDT);0,405527536429121;0,38593756206336977;0,47799800488520916;0,5605141132392152;0,5860439261708379;0,5149847596531271;0,5680612919174867;0,7100422807127402
Reverberation Time (T-10);0,4138401418152872;0,4165991785831435;0,5354924810149577;0,643210306628111;0,7038827373949085;0,6583504417948104;0,6552490401598106;0,7607326951658276
Reverberation Time (T-15);0,425275517252462;0,42861452618203555;0,5738911615252199;0,670013471864973;0,7427738829393268;0,7136445968423248;0,6974893924754232;0,7898610096827945
Reverberation Time (T-20);0,4313115300160519;0,4345158699233188;0,6057084662788498;0,7153444185341469;0,7793890215779079;0,7582335271140852;0,7419174077065414;0,8098539552502115
Reverberation Time (T-30);0,43815063593603054;0,45503636307499046;0,6626814051644375;0,7865736434070968;0,860481361850637;0,8439729900123633;0,8157699706961111;0,8353488792528637
Clarity - 50 ms (C-50);6,850304492700521;7,9680944868978205;6,093324635342552;5,073219291402462;4,923603638669043;5,773648707267661;5,0534895372516955;2,9666823397255633
Definition/Deutlichkeit (D);82,9419575029652;86,23232386387731;80,33662181909871;76,36960916689893;75,65779100537574;79,13094820792162;76,19878644579708;66,44720532568137
Clarity - 80 ms (C-80);11,89915084104219;12,798937425110502;10,146530139712898;8,64708126687531;8,286798546747095;9,444402795027004;8,567053906908232;6,479764238027275
Center Time (TS);27,475161159884653;23,42441607820775;30,90558800043949;35,1840696815576;37,21113947669782;32,621810982777575;35,492119993898456;47,42856942105574
Strength(G);11,688737080058008;10,206061226178534;11,47334412714607;11,528330656199437;11,531850261108602;11,416842661841244;11,538470892594901;13,108691545094437
Lateral Fraction(LF);5,470523319559021E-08;6,043792180123317E-07;0,00021904135746847732;0,0005414740649849036;0,0005743864176930563;0,0001821590078244609;6,846964491406445E-05;2,4025161365065893E-05
Lateral Efficiency(LE);2,4240382100210274E-08;2,520315289429128E-07;9,339129935190375E-05;0,00024800389580247625;0,00025969046754122603;6,837474394854656E-05;3,0198497060564666E-05;1,3112998915875395E-05
Receiver 35;63 Hz.;125 Hz.;250 Hz.;500 Hz.;1000 Hz.; 2000 Hz.;4000 Hz.; 8000 Hz.
Early Decay Time (EDT);0,37891660736847255;0,36360382496701354;0,4542708904510861;0,5257489618756193;0,5414080121289138;0,4688806849448713;0,5333786902741118;0,6475672121990348
Reverberation Time (T-10);0,39846074442989793;0,3853927704868956;0,512374541963637;0,5895360191002713;0,6754528693309085;0,604163653004124;0,6134660034925787;0,7292442677321793
Reverberation Time (T-15);0,41488347567443373;0,4020062731600005;0,5397180577359244;0,6244557348740042;0,6959930044062033;0,6435348654808699;0,657237349884048;0,751531554325087
Reverberation Time (T-20);0,42160487062337876;0,4152600634892298;0,5621773394102203;0,6535108900565296;0,7127091132729061;0,6553243231248637;0,6813450638666727;0,7766738719760246
Reverberation Time (T-30);0,42984016810383585;0,4320657962680165;0,5970495445691955;0,7175861090761118;0,7995986898581335;0,7586086390245034;0,7462195596384523;0,8128908446525314
Clarity - 50 ms (C-50);8,383558415532061;9,130141638907507;7,110167080727793;5,668100894842022;6,057747654816494;6,729622597617442;5,813809476371706;4,247704683179768
Definition/Deutlichkeit (D);87,32921008353155;89,11258275109657;83,71503733659821;78,66968296362225;80,13650621995822;82,48491426259314;79,23693543756767;72,67251237947512
Clarity - 80 ms (C-80);13,241244314122355;14,045630120298402;11,080447786050527;9,644177888187839;9,386914114953814;10,49338519602932;9,455296149539379;7,555685176802407
Center Time (TS);21,838149876507917;19,309898515070905;25,736919219388213;30,830258197587472;30,62519425177743;27,332020953751734;30,726119669362745;39,89436547271939
Strength(G);9,418229067506239;8,381292712505083;9,402800583133128;9,519172615926934;9,770118570030732;9,728693351898315;9,611495189276695;10,666572155945325
Lateral Fraction(LF);3,619173038029639E-08;4,2179971394519014E-07;0,00014832951938583116;0,00038581371375218164;0,0004010821880474104;0,00013226050760756678;5,0316005154928775E-05;1,6251929914312624E-05
Lateral Efficiency(LE);1,2967891615079942E-08;1,4708519978034197E-07;5,9106653662426276E-05;0,0001793159193803024;0,0001509122540861682;4,525896931844194E-05;1,958948692834702E-05;7,816549208804305E-06
