Pachyderm Acoustic Simulation Results
Saved 23.12.2024 22:48:01
Filename:ORASE_FlatCeiling_Rough_Concrete (2).3dm
Source 0;
Receiver 0;63 Hz.;125 Hz.;250 Hz.;500 Hz.;1000 Hz.; 2000 Hz.;4000 Hz.; 8000 Hz.
Early Decay Time (EDT);0,2648542494537981;0,3326183180862806;0,3572214207655173;0,48557678071041693;0,5014856033960692;0,45144121853531705;0,4517767006618197;0,42560600281321886
Reverberation Time (T-10);0,3160354023226325;0,37096245440480313;0,4137791011808737;0,45455239384451224;0,44301243367815984;0,4120564753921875;0,41204745931091535;0,3986150037415903
Reverberation Time (T-15);0,27480042091754464;0,3125791849971618;0,36351123111503336;0,4117518085006996;0,4345143039395482;0,4199365508156497;0,42214268112230496;0,40182582962733526
Reverberation Time (T-20);0,2557393037304801;0,3016438253731327;0,40852495192079347;0,45603471659888245;0,4717302269635938;0,45452236732080903;0,45595796384160053;0,44507606778296926
Reverberation Time (T-30);0,28654194953222856;0,3542860686576531;0,42669371727973265;0,4572575552902823;0,47134300531597195;0,4564997256135019;0,45924450217542134;0,45475871600019896
Clarity - 50 ms (C-50);17,755562846287642;16,330360683791742;13,982841025937336;12,808526026429195;12,36151555101934;12,232367025987589;12,21997891031444;12,52007606563367
Definition/Deutlichkeit (D);98,35099312965735;97,72506035605123;96,15677520661784;95,02290750119762;94,51293989664747;94,35666440824086;94,3414561686375;94,69923138040784
Clarity - 80 ms (C-80);25,417643648458828;22,84291357706801;19,434374681027023;17,826100252765904;17,143199270746038;16,94645685000024;16,930191027232325;17,34474632977504
Center Time (TS);4,5633994807541525;4,805945267069838;6,655395924831295;7,863998641792689;8,523638617192132;9,298035093968231;9,334069028172703;8,953234934112022
Strength(G);12,408947762809913;12,30132925102103;12,474086930399025;12,557915505881752;12,627848188929995;12,837065200324048;12,844256415280753;12,81046150183576
Lateral Fraction(LF);8,591581887633384E-09;9,592359407927703E-08;3,6306623830931425E-05;9,86123689941622E-05;0,0001026107408660015;3,6197392124626456E-05;1,4506850936907381E-05;4,603671015005379E-06
Lateral Efficiency(LE);4,890082450090951E-09;5,352469696366437E-08;2,249973887549682E-05;6,484461387713584E-05;6,862122120065066E-05;2,290696937056832E-05;9,175048715805352E-06;2,8301144950755807E-06
Receiver 1;63 Hz.;125 Hz.;250 Hz.;500 Hz.;1000 Hz.; 2000 Hz.;4000 Hz.; 8000 Hz.
Early Decay Time (EDT);0,30664967912769103;0,2845495070449837;0,3264871534156406;0,3885269101625091;0,38712157264654673;0,38759362820455207;0,3553897520124646;0,3408028002648792
Reverberation Time (T-10);0,3247432527273156;0,33933893980281904;0,4096361379747979;0,467806458348242;0,48222658354264897;0,43853754549535745;0,4414043848722354;0,4447741848337923
Reverberation Time (T-15);0,31127630190253996;0,3368616351298587;0,4244034400987459;0,4598520239938646;0,4987026333708855;0,4491874748302291;0,45231961147485394;0,49082023625742904
Reverberation Time (T-20);0,31924552361698644;0,3407039621415948;0,4437527517494956;0,4665840907183673;0,5128961063651413;0,46369094007371886;0,4707460257681607;0,5209450017239758
Reverberation Time (T-30);0,33668059812411893;0,35056942180686446;0,4436264223824949;0,4837012883231055;0,5213104109125668;0,4532168083485159;0,4722574103638693;0,5964481219723541
Clarity - 50 ms (C-50);17,04817331449739;17,04193212231047;14,819575303487849;13,82806068766541;13,556389540750306;13,73323601651214;13,4835059375417;12,914880109625319
Definition/Deutlichkeit (D);98,06493126175243;98,06220232555899;96,8087766449519;96,02288031814628;95,77698887895191;95,93865373663901;95,70858701599965;95,13745622420363
Clarity - 80 ms (C-80);22,630681592516275;22,410885371895176;19,04002374410947;18,136025548810974;17,22327386103124;17,859505531331664;17,607437106244724;16,441058355042323
Center Time (TS);4,132777816267841;3,7496932028652434;5,24291784449909;5,967477031279383;6,337364150554335;6,332406440032661;6,712680709322824;7,853236857066353
Strength(G);15,711403601734586;15,609864846435038;15,7464948818279;15,733663838392161;15,746579989693473;15,805849961606981;15,873008180798294;16,101703808643272
Lateral Fraction(LF);6,222805829775767E-09;7,289097605071835E-08;2,791482818187617E-05;7,209127799947919E-05;7,390567388749454E-05;2,4749746095191277E-05;1,035938497051919E-05;3,5809283219561554E-06
Lateral Efficiency(LE);2,7032117795688953E-09;3,0976648590608864E-08;1,2972750943270622E-05;3,7949071416002234E-05;3,745829900851548E-05;1,273526013982003E-05;5,25026771061493E-06;1,6741133394560504E-06
Receiver 2;63 Hz.;125 Hz.;250 Hz.;500 Hz.;1000 Hz.; 2000 Hz.;4000 Hz.; 8000 Hz.
Early Decay Time (EDT);0,3927444959315998;0,3427195194715467;0,5729575612176436;0,7323139312547317;0,832642396876978;0,9385762770599818;0,6290100131957463;0,3472510807427632
Reverberation Time (T-10);0,302297221822922;0,2695596559040344;0,4055120177784403;0,4473367218320781;0,4806394611476139;0,43474410786973516;0,4526995756325401;0,4811711838891914
Reverberation Time (T-15);0,3331295385905097;0,3206376945746912;0,42923958158273906;0,46302088091785576;0,48322012246604185;0,440226513777455;0,46003088888067445;0,5335266758410607
Reverberation Time (T-20);0,3434392507583836;0,339539073567071;0,4395041419636997;0,48477524296749264;0,5170701616359665;0,4548258521895276;0,47679025685961385;0,5831489873014918
Reverberation Time (T-30);0,3605808991774144;0,36218366054734935;0,494341033771876;0,5619582912253405;0,5906143969225557;0,5290949273900598;0,5584900783131818;0,6712194227736903
Clarity - 50 ms (C-50);17,967354181491938;18,792463361604305;16,326951267683647;15,671069358812321;15,448231945771703;16,227623188891776;15,579982323668585;14,016982368382164
Definition/Deutlichkeit (D);98,42824687777116;98,69666475199166;97,72331439622572;97,36195411034475;97,22691419546784;97,67187022693943;97,30754602626827;96,18572175125145
Clarity - 80 ms (C-80);22,928569696554426;23,40363366182239;20,197122641951154;19,351282008469106;18,79684309823418;19,85567666705051;19,1732095758572;17,02997574293701
Center Time (TS);3,049051350931355;2,6767707097104805;3,6221293461936948;4,120626147962424;4,306945678202945;3,78282116703556;4,232571318043883;5,987828667377335
Strength(G);19,610050973201204;19,57436715500858;19,593143751891823;19,601631746042926;19,596155729064144;19,565176059837526;19,62985668233332;19,865608133548655
Lateral Fraction(LF);5,092449571287894E-09;6,003949451028832E-08;2,020876620573628E-05;5,380770387786557E-05;5,503744779577339E-05;1,7079866646092093E-05;7,004806546470508E-06;2,6403892938346974E-06
Lateral Efficiency(LE);1,8903033888008524E-09;2,0300637467898993E-08;8,497951206504073E-06;2,463059389250024E-05;2,4167869649281347E-05;7,306839358005365E-06;3,053516314527927E-06;1,1442986347412046E-06
Receiver 3;63 Hz.;125 Hz.;250 Hz.;500 Hz.;1000 Hz.; 2000 Hz.;4000 Hz.; 8000 Hz.
Early Decay Time (EDT);0,27079261804553195;0,23050861411185092;0,26046266137268625;0,27844081770743867;0,3103847753646612;0,3080110613809381;0,2991474857374288;0,3742832873796505
Reverberation Time (T-10);0,33580895152407625;0,2681584524673266;0,40635674053060045;0,4217929339285263;0,4478514069277893;0,41375123374464207;0,43346481096129597;0,5208161846838024
Reverberation Time (T-15);0,34969106366879443;0,3300634116965607;0,44010921476327075;0,46658343760722454;0,5097939933253064;0,44700391419199004;0,4765646281177401;0,5912323378537059
Reverberation Time (T-20);0,3609702431540302;0,3537871959428458;0,46800903933614535;0,5298228369645125;0,5575586381892107;0,4935891109010547;0,5380072732774709;0,6490984918488836
Reverberation Time (T-30);0,3817102870533111;0,39020745420960923;0,5340265104567605;0,6285464122339627;0,6528343207099817;0,6135052485885776;0,6444894548603862;0,7257244712248314
Clarity - 50 ms (C-50);15,947572338672229;17,2730395338508;14,6453722657845;14,364863426821902;13,85630673387337;15,21049131726177;14,463172995809696;12,347879087808744
Definition/Deutlichkeit (D);97,5223570417828;98,1636364326074;96,68530835199995;96,47031048385118;96,04876419058957;97,07642702620313;96,54810717040438;94,50385813987543
Clarity - 80 ms (C-80);20,96809892851074;22,01789197632106;18,704894916518757;18,109874407047155;17,394102890963566;18,96906929578153;18,114660695374102;15,401549930650592
Center Time (TS);4,620693576875994;3,6944684395316916;5,278295813954011;5,640320633854433;6,1931090454501945;4,782591298865139;5,485395507232525;8,457150222573963
Strength(G);19,993796130909473;19,899958981019623;19,974026433036386;19,94073064230883;19,969864121990796;19,77778619736104;19,880683424775057;20,318531557180876
Lateral Fraction(LF);9,000427078141567E-09;1,032450816171883E-07;3,750321824128301E-05;9,300346185149622E-05;0,00010067147345112372;2,537583711667878E-05;1,079476371950836E-05;4,128289742353501E-06
Lateral Efficiency(LE);3,154266122129296E-09;2,9753365194997466E-08;1,3602543180413212E-05;3,447875338624516E-05;3,930647183884305E-05;9,456882533136462E-06;4,056442289959074E-06;1,78940421006176E-06
Receiver 4;63 Hz.;125 Hz.;250 Hz.;500 Hz.;1000 Hz.; 2000 Hz.;4000 Hz.; 8000 Hz.
Early Decay Time (EDT);0,29838989697655777;0,23828137951248501;0,3295373296544807;0,3569246513965184;0,3864556905319398;0,31544107580102165;0,3722355297685627;0,4915307126715151
Reverberation Time (T-10);0,36476998326231674;0,34444792629753856;0,4440580304682615;0,48500796901979826;0,5040337814083611;0,4456285452053936;0,47316657882638585;0,5987305722953741
Reverberation Time (T-15);0,3669698430723677;0,3643513386699947;0,48240910976749024;0,5362767889044385;0,5730525435185798;0,49866450255584327;0,5420902535426058;0,6603169023180164
Reverberation Time (T-20);0,3772484783161131;0,37716033716584574;0,5239845165430371;0,5889661855864295;0,6241732468657392;0,5542966278139431;0,6148124344166054;0,7010731201890096
Reverberation Time (T-30);0,39470610381922894;0,4135303240646507;0,5702242457339991;0,6791349325811783;0,7207553309473324;0,6751976872381636;0,7070039903051897;0,759570928425181
Clarity - 50 ms (C-50);12,873057782247333;13,792191058915224;11,671329323536387;11,111006164174634;10,791774671782179;11,964097143319066;11,27056075446745;9,214283494069647
Definition/Deutlichkeit (D);95,10987442485273;96,01910635304235;93,6566084532867;92,83069153992304;92,32094895711383;94,02982506667713;93,07762992286925;89,40609907822858
Clarity - 80 ms (C-80);17,95611124489064;18,69292066755576;15,556355396449042;14,664649850580782;14,127140007492343;15,415833146097606;14,879259643050881;12,4250245873602
Center Time (TS);8,9379055258565;7,582147279344187;10,48847129365992;11,65990071693993;12,524449809143263;9,954524164076346;11,232105744098343;16,175302581738656
Strength(G);16,99936379656613;16,880131612558102;17,13792701473774;17,178740890404363;17,254664547826486;16,762904728218395;16,921142453349994;17,60938184434069
Lateral Fraction(LF);1,8435972477200464E-08;2,2450066889454003E-07;8,204603728172187E-05;0,0002032731410283735;0,0002125689677765077;5,484617520901124E-05;2,4199809339290878E-05;8,866923028624824E-06
Lateral Efficiency(LE);7,03212440322751E-09;7,005029245246551E-08;2,829802191293725E-05;7,554831440586949E-05;8,1523696997398E-05;1,9074080862550302E-05;8,897320039248881E-06;3,857000496210314E-06
Receiver 5;63 Hz.;125 Hz.;250 Hz.;500 Hz.;1000 Hz.; 2000 Hz.;4000 Hz.; 8000 Hz.
Early Decay Time (EDT);0,30762038427730237;0,2867276618208334;0,35433808430742664;0,39912213426985366;0,3927346541470577;0,3510822569994769;0,38696777812885824;0,47217563522270556
Reverberation Time (T-10);0,3489436501120193;0,3459852909099465;0,4246134874976442;0,5012349897603965;0,5038299863235877;0,447884069433612;0,463446587803212;0,573895310893478
Reverberation Time (T-15);0,35190592326525466;0,35173764991784934;0,46359073824146535;0,5264143061010033;0,5698415429969196;0,4880683517341639;0,5037276497121476;0,6300208619655574
Reverberation Time (T-20);0,35967985544836095;0,3621647519153078;0,49732737411841893;0,5596387612659496;0,6129510794792875;0,5345420567958535;0,5677206134295724;0,6695816331202986
Reverberation Time (T-30);0,3827435836608353;0,40068528924410274;0,5439079158537174;0,6621710891136178;0,6956516551570537;0,6430045240052809;0,6630839878954424;0,7350725538068381
Clarity - 50 ms (C-50);12,757831360560324;13,091902773255468;11,413141872129867;10,517474938385194;10,414885627362363;11,29245019332638;10,693281699769193;8,936658856148036
Definition/Deutlichkeit (D);94,97718440083979;95,33117548224672;93,27865453046434;91,85107343453454;91,6714213901257;93,09121107695252;92,1519423214598;88,71106491417248
Clarity - 80 ms (C-80);18,04481189075239;18,40306248574352;15,407998531632703;13,886777135095333;13,835840261430874;14,988271080660315;14,47690731057282;12,36427615364411
Center Time (TS);9,791782914925907;9,22747170717972;12,179779036511857;14,107435578273204;14,482124476270926;12,415014003005806;13,582481176441;17,755536997697995
Strength(G);13,803756052077588;13,68702617222782;14,12594687049603;14,253810810498202;14,340923699605838;13,979486931126488;14,09186195404709;14,56661620430851
Lateral Fraction(LF);1,9472775361790403E-08;2,544209681070961E-07;8,980078480653846E-05;0,000241205311289247;0,0002513162542583116;6,743645147671013E-05;2,81385573180196E-05;9,51539614234407E-06
Lateral Efficiency(LE);8,095687941174192E-09;9,36148862279054E-08;3,6452960419675805E-05;0,00010013018193160482;0,00010270906865542758;2,7498614045277502E-05;1,2394748430757977E-05;4,495555805570565E-06
Receiver 6;63 Hz.;125 Hz.;250 Hz.;500 Hz.;1000 Hz.; 2000 Hz.;4000 Hz.; 8000 Hz.
Early Decay Time (EDT);0,3475595305093366;0,4589202794687762;0,5362358846002044;0,5891484894550274;0,6100348162778623;0,5304525682323341;0,5290617186530807;0,5100640671901799
Reverberation Time (T-10);0,3207890789295152;0,37848241771444235;0,42539366176238286;0,43689707377903814;0,44763806488533786;0,42443267855407685;0,42665803810302033;0,41175569806686074
Reverberation Time (T-15);0,26884872937405613;0,3169949726919097;0,4005884737686006;0,4742852552721765;0,4988932584942632;0,4774366321025209;0,4795781017076775;0,4577801740350204
Reverberation Time (T-20);0,26285498338232255;0,33949981181914207;0,43344755434532384;0,4849989616033498;0,5054525376712581;0,48538625321339574;0,48647356248639134;0,4709183386147161
Reverberation Time (T-30);0,29395991048341136;0,36257174965929057;0,42435090528492597;0,4604835183861916;0,4696936248901522;0,4581696483972165;0,460846752483827;0,4519657472973782
Clarity - 50 ms (C-50);16,157992090769433;14,620195171221111;12,293160637139737;11,179518469537207;10,672933547706354;10,616933216446292;10,589339307156216;10,886187898405154
Definition/Deutlichkeit (D);97,63513197889505;96,66385740860154;94,43074198627568;92,91811994355051;92,11106380907327;92,01685421440682;91,97005593803192;92,46058182570836
Clarity - 80 ms (C-80);23,806593480122086;20,97006428500314;17,489197471246214;15,916238689773529;15,254552661202926;15,20486780620682;15,160615678709563;15,659701589716057
Center Time (TS);5,737280256180548;5,9873821522279975;8,515875924272684;10,171946512096069;11,063611664737639;11,831953174927012;11,859368601506347;11,377365545555548
Strength(G);11,043954177970296;10,828960603438595;11,03689690564591;11,14641591300105;11,221946446075961;11,45979135378991;11,460014439823524;11,426316996826905
Lateral Fraction(LF);1,059592919646933E-08;1,1917267638685306E-07;4,6293790868930626E-05;0,0001246101240477512;0,00013255103591168778;4,683724814477838E-05;1,8560783335673706E-05;5,897504170994237E-06
Lateral Efficiency(LE);7,022865080092277E-09;7,629141721618983E-08;3,154032832837509E-05;8,880286460764185E-05;9,388236755895833E-05;3,201071291370104E-05;1,2666650286980805E-05;3,962247451089128E-06
Receiver 7;63 Hz.;125 Hz.;250 Hz.;500 Hz.;1000 Hz.; 2000 Hz.;4000 Hz.; 8000 Hz.
Early Decay Time (EDT);0,39202250334636995;0,4536621899839974;0,4705858412669081;0,5909695713060543;0,6328718276674024;0,5869405923170278;0,5704246014761685;0,5643478940851417
Reverberation Time (T-10);0,34205424330477785;0,3908654780928981;0,4444709037584161;0,49975051452425373;0,5168400790153921;0,49669160100110576;0,5014881454375499;0,5251867414813025
Reverberation Time (T-15);0,3246480863206349;0,36516669249963085;0,44964507714269397;0,5039632404432879;0,5297267630260477;0,4931900715742297;0,5029572276199493;0,5402748642825344
Reverberation Time (T-20);0,336157152820043;0,36547299315722953;0,4508013703579395;0,4931885659719866;0,5083580884193384;0,48052472220402315;0,48225410459950707;0,5452934324702537
Reverberation Time (T-30);0,3467662073534499;0,3692322034925732;0,4544215955440929;0,496585898691467;0,5139682380017133;0,4753758289475941;0,5032654560225065;0,6097344809931737
Clarity - 50 ms (C-50);14,95503443204354;14,941887260800788;12,736347064998082;11,814877055940357;11,294027318646462;11,36151855054839;11,14663492130166;10,446969638727278
Definition/Deutlichkeit (D);96,90374225548379;96,89464642368058;94,94371533939776;93,82241270192952;93,08967042280176;93,18897199723341;92,8681331983645;91,72460231362591
Clarity - 80 ms (C-80);20,288402725457722;19,81867754608206;16,76014857718576;15,575898898960101;14,916828801070697;15,158431852475855;14,961925566828146;14,042710439524054
Center Time (TS);6,242192555593954;5,462716439760705;7,69318308287631;8,852972360540688;9,572359039165535;9,612183502731837;10,061289805182112;11,876652189261405
Strength(G);13,127244816877187;12,929833227955378;13,0885609927644;13,090737903571338;13,14011858678193;13,17599301374787;13,259799123471318;13,498671380008581
Lateral Fraction(LF);9,775593280083184E-09;9,496763936370486E-08;3,6504641202969845E-05;9,440275422700422E-05;0,00010198150526677628;3,245355960047213E-05;1,3711878924590807E-05;4,633065266291126E-06
Lateral Efficiency(LE);5,3195130836092906E-09;5,3574123638825615E-08;2,263141047665887E-05;6,173991637472247E-05;6,558687530244093E-05;2,185051780462945E-05;8,921261483798906E-06;3,001814802145581E-06
Receiver 8;63 Hz.;125 Hz.;250 Hz.;500 Hz.;1000 Hz.; 2000 Hz.;4000 Hz.; 8000 Hz.
Early Decay Time (EDT);0,36973461496481547;0,3644201714418726;0,47880647860518855;0,5136042498411626;0,5740961440460824;0,5637723792790791;0,5451382065394317;0,5598528332311584
Reverberation Time (T-10);0,35603119336372824;0,36828132880162007;0,46244043667309653;0,49125309685536683;0,5278310728219047;0,4886114841551457;0,5044629262390035;0,5596874038728593
Reverberation Time (T-15);0,3503372547930014;0,3662703602323758;0,4526453493138608;0,48949251211842076;0,5298147640192507;0,4765228647381732;0,4940162632314532;0,580686555285256
Reverberation Time (T-20);0,3551331467175387;0,36523575305575284;0,4633904102616757;0,5385335933199176;0,5474776895647607;0,49295481580700284;0,5176464108084915;0,6238842195929333
Reverberation Time (T-30);0,37148162617033353;0,3894825186597573;0,5156551751227766;0,6203615107274245;0,6206112275250405;0,5788431046844796;0,602595379206763;0,7033904085063514
Clarity - 50 ms (C-50);13,731831987894802;14,598860512720515;12,030717297281399;11,428511896410267;10,91784083393632;11,659030540284427;11,22160932337614;9,927014859427874
Definition/Deutlichkeit (D);95,93739388389615;96,64797903794215;94,104269822096;93,28623153716708;92,5112319240358;93,61112473311512;92,9816305568119;90,76924475031363
Clarity - 80 ms (C-80);19,063757245031727;19,610765688711243;16,518573060866157;15,565007459639515;14,765785454452338;15,73924372381085;15,217255062325876;13,28545763219379
Center Time (TS);7,251818441702507;5,856029536848137;8,383974415791505;9,530486384083085;10,069174647415817;8,960863896650633;9,748210879356773;13,255794951526916
Strength(G);14,98735787979588;14,768817475148296;14,888674223273384;14,923132561352404;14,908989389602134;14,801105858691614;14,944725676776052;15,371288432343228
Lateral Fraction(LF);1,1935886256090146E-08;1,2040678920393078E-07;4,2872406067325136E-05;0,00011548766595840801;0,00011689023630397942;3,479595772710564E-05;1,499809402413683E-05;5,43135142643031E-06
Lateral Efficiency(LE);5,574481064550859E-09;5,6601780557305965E-08;2,502992333072552E-05;6,633336870285344E-05;6,913355648696007E-05;2,140467580024188E-05;8,881419825709773E-06;3,1819143226841617E-06
Receiver 9;63 Hz.;125 Hz.;250 Hz.;500 Hz.;1000 Hz.; 2000 Hz.;4000 Hz.; 8000 Hz.
Early Decay Time (EDT);0,37474640460577063;0,3044795109452611;0,4161521681885351;0,4469813322377311;0,5148030117976417;0,48734845359072987;0,49055206467793366;0,539481052449802
Reverberation Time (T-10);0,35736580488021186;0,36375348953039754;0,44849506367184133;0,46192695236006526;0,5215247897223494;0,4715446871914237;0,4849191321716702;0,5756672785516015
Reverberation Time (T-15);0,3607685913635874;0,3659227146313611;0,4696964033761602;0,5051586047628601;0,5578345128392768;0,4895127246749533;0,5302883043026598;0,6411582184390285
Reverberation Time (T-20);0,3702150936594924;0,37489595450538876;0,5010899205000243;0,5706355067576218;0,5906042963936334;0,5387666243926351;0,5915054719086411;0,6860175184809676
Reverberation Time (T-30);0,38936997359029213;0,40639925572238184;0,5515264674807842;0,6608532299286435;0,681926891061553;0,6323143607475634;0,6768407423370858;0,7489094617428504
Clarity - 50 ms (C-50);12,273060108789096;13,519653842453343;11,111266480217534;10,988586905800084;10,145002335629714;11,172367257416607;10,798896259896939;8,853766200278425
Definition/Deutlichkeit (D);94,41718444643308;95,75251237884187;92,82562339162061;92,62825776156114;91,18711109672492;92,91067868584004;92,3271936676577;88,52275636055315
Clarity - 80 ms (C-80);17,529473977439892;18,800017685481258;15,532106733040184;15,157063911300604;14,148525840727025;15,454989403303799;14,81519900183342;12,30201831353557
Center Time (TS);9,82547694464934;7,243210237445867;10,487689521425436;10,970096822214023;12,035815648528242;10,067193810471293;11,150606531724597;16,74897156334649
Strength(G);15,631251566543355;15,236035176512381;15,453447911778547;15,450229019394754;15,423010615293876;15,13183804039737;15,31414995301553;16,048816585448932
Lateral Fraction(LF);1,8378311810803883E-08;1,8746884854022327E-07;6,709921267105128E-05;0,00016615414789689976;0,00017264992704672718;4,6108496729435416E-05;1,9393608232954368E-05;8,20184601258224E-06
Lateral Efficiency(LE);7,88910928603112E-09;7,327001073308472E-08;3,13698815148077E-05;8,213867052772719E-05;8,331453844906742E-05;2,4252618692983548E-05;1,0176462956751797E-05;4,4077013989771435E-06
Receiver 10;63 Hz.;125 Hz.;250 Hz.;500 Hz.;1000 Hz.; 2000 Hz.;4000 Hz.; 8000 Hz.
Early Decay Time (EDT);0,37705687606621824;0,32369265727973057;0,39581074643523145;0,43589241807633994;0,4776585986208963;0,4332377176889566;0,4490887408271271;0,5382568522198711
Reverberation Time (T-10);0,37090123917273565;0,374730577959916;0,4544210313985463;0,49839726640492976;0,5322852201250154;0,48060223871331476;0,5038030761991183;0,6169593549123806
Reverberation Time (T-15);0,37076210057051573;0,37717744083258464;0,49857321656744347;0,5620274943461431;0,6086238080188519;0,5142604256425055;0,5850230766417609;0,6734522314782929
Reverberation Time (T-20);0,3822207518817409;0,38811507758218705;0,5388204625440646;0,5978305284244799;0,6404493287561825;0,5677744092836127;0,6295882794742741;0,7067968077201193
Reverberation Time (T-30);0,3978756024368246;0,4197032800982155;0,5792651754194345;0,6680855651363756;0,7303881445729227;0,6893462000274666;0,7194583018917329;0,7639666258370262
Clarity - 50 ms (C-50);11,24827776738319;12,401001495619246;10,524213138867633;9,936462253968067;9,523863016066636;10,516630348419497;9,976610744009669;7,944216462794974
Definition/Deutlichkeit (D);93,04602989696474;94,5958191181039;91,88833920528606;90,81213216200723;89,97225127981646;91,85777486015343;90,89829710333046;86,26393179429297
Clarity - 80 ms (C-80);16,452925958971395;17,271209620749435;14,384559782524605;13,606648096128524;13,185223451549797;14,228861114569725;13,594371328753654;11,223947955882007
Center Time (TS);12,114635431560233;9,69931560884186;13,383466688348006;14,57375708061748;15,323658179716155;12,7958503467384;14,371486158330535;20,748441497208045
Strength(G);14,65544949293347;14,303831884635777;14,704541724473998;14,710133516482678;14,706778759570334;14,207733653088361;14,426507502218527;15,241803595118505
Lateral Fraction(LF);2,373301695436041E-08;2,5985715991516035E-07;9,663654731612054E-05;0,00023243388227640982;0,00024057455992661383;6,22703705724518E-05;2,692938601292048E-05;1,0881458697610314E-05
Lateral Efficiency(LE);1,0547511609126384E-08;9,813574141320251E-08;3,987765622004719E-05;0,00010803060871612065;0,0001094712304773337;2,8496384208207875E-05;1,2538593713800805E-05;5,438723884283894E-06
Receiver 11;63 Hz.;125 Hz.;250 Hz.;500 Hz.;1000 Hz.; 2000 Hz.;4000 Hz.; 8000 Hz.
Early Decay Time (EDT);0,3640125094429096;0,3464944178275482;0,3787308469481219;0,44774267015571895;0,4510955336454901;0,42237785069297035;0,4510098424580931;0,5071905616701574
Reverberation Time (T-10);0,35303890884605754;0,3623518553534292;0,4263593741661149;0,48931532583607323;0,4854177461378867;0,45396354577151465;0,4691996394041623;0,5650443554373434
Reverberation Time (T-15);0,35272834940305314;0,3719152640877557;0,4665246595308973;0,513734715832392;0,5596358148645161;0,4815038109430045;0,5084977597711875;0,6291019343422078
Reverberation Time (T-20);0,36071267328686696;0,37248277438433725;0,4993509788439665;0,5685445861653826;0,6046983452078033;0,5228616906050558;0,5558726156879337;0,6605597539648861
Reverberation Time (T-30);0,38280789707383395;0,40141989191079813;0,5353059977259866;0,665660457037779;0,6987905177181438;0,652268241477269;0,6550402607417173;0,7365526001064913
Clarity - 50 ms (C-50);11,763616012039046;12,114346462806129;10,664949961397497;9,521586606020687;9,383802548732715;10,079566218125041;9,469521873831683;8,093469912827869
Definition/Deutlichkeit (D);93,76038624449929;94,21349427997295;92,10760186150355;89,96521450423617;89,67141942034075;91,06330973701253;89,86290671075791;86,59118173093583
Clarity - 80 ms (C-80);17,245033004036898;17,31039420516923;14,750539761533537;13,351201233273676;13,49613048819879;14,185395965423517;13,764402173212968;11,762362634855474
Center Time (TS);11,38762927358606;10,30653720253282;13,636563395121312;15,718457021521091;16,15627371666631;14,505005706797153;15,51410337676716;20,010245014929254
Strength(G);12,344202197925242;12,09829640049167;12,71152702548489;12,662574814377116;12,738772104621965;12,476927929326209;12,529563147813832;13,05258292117523
Lateral Fraction(LF);2,1124329320227215E-08;2,699954963045583E-07;0,00010276623631773122;0,0002629133772259047;0,0002542537877961093;7,510009255728921E-05;3,057525939498175E-05;1,0261089057730024E-05
Lateral Efficiency(LE);1,080271652386316E-08;1,146524698506367E-07;4,5098984596177885E-05;0,00013256613892382587;0,00013312009663514455;3,7701621380575063E-05;1,637829358657932E-05;5,588494882460197E-06
Receiver 12;63 Hz.;125 Hz.;250 Hz.;500 Hz.;1000 Hz.; 2000 Hz.;4000 Hz.; 8000 Hz.
Early Decay Time (EDT);0,35798736834870243;0,5112472833535867;0,4943129920848136;0,5485524737412347;0,5391915805655677;0,4894985778399704;0,49053999000466747;0,4840046614566739
Reverberation Time (T-10);0,2985226362960173;0,3710588058538242;0,40414929364065116;0,44086180840956735;0,4554624134655511;0,43896177371478423;0,4406054373257991;0,41611172300798244
Reverberation Time (T-15);0,2643508757575002;0,3204580444824673;0,43397047703540376;0,5089397304253978;0,5336581168790279;0,5156777126645952;0,517593172359022;0,4930889573427518
Reverberation Time (T-20);0,2671733815607676;0,35491737427437736;0,4599415907773515;0,511389163544798;0,5305856541864215;0,5155424526920634;0,5160222418324844;0,4978206833870886
Reverberation Time (T-30);0,3144563664728802;0,375349902674806;0,42529044865325505;0,46256167689677463;0,4640508848896642;0,4565590024957915;0,449508965680856;0,44552976809379397
Clarity - 50 ms (C-50);14,972891693901385;13,405864180716431;11,029741873976068;9,946281565799026;9,452485576369314;9,447325766527623;9,420526149444528;9,684115376344256
Definition/Deutlichkeit (D);96,9160554526671;95,63455593851961;92,68779492607109;90,80634814401566;89,81206586583764;89,80118970502934;89,74453415389078;90,28982062616922
Clarity - 80 ms (C-80);22,67315155920793;19,72405661333398;16,247634583766374;14,653001394501636;14,006840247244476;14,000696323144272;13,96190684297621;14,49318635329493
Center Time (TS);6,991769464808218;7,517125103723704;10,778926686331866;12,902329294780694;13,97674906586423;14,70464077120486;14,751669145971274;14,13930846018355
Strength(G);9,602594913419566;9,328914433074601;9,57995087673931;9,740606221967127;9,835815579922809;10,085053009431547;10,089533559680476;10,048380651300278
Lateral Fraction(LF);1,5700405778960355E-08;1,5347722908182225E-07;5,843006713437975E-05;0,00015934054987617173;0,00016592939713421393;5,89217300675219E-05;2,3508312440625112E-05;7,46586735440894E-06
Lateral Efficiency(LE);6,324900396093741E-09;8,450099205062591E-08;3,52588523283683E-05;9,995489965087857E-05;0,00010459947415063802;3,573323277612871E-05;1,4199941465065001E-05;4,472642543780003E-06
Receiver 13;63 Hz.;125 Hz.;250 Hz.;500 Hz.;1000 Hz.; 2000 Hz.;4000 Hz.; 8000 Hz.
Early Decay Time (EDT);0,38635738201208436;0,4496712967577705;0,5014488398580011;0,5801247005993067;0,5471890563953951;0,5301329003967484;0,552082683909177;0,5515220183767584
Reverberation Time (T-10);0,33467664318178636;0,3743258219121888;0,41377675041916906;0,47157520002234804;0,47588287771864735;0,452300535064334;0,47296549525683096;0,4978070049856624
Reverberation Time (T-15);0,3239977397565779;0,35158463581170146;0,43558017879694405;0,49462435501698315;0,4983177933202352;0,4804557216155496;0,4924867028865572;0,5274124758841716
Reverberation Time (T-20);0,3347715340607953;0,3593750802510116;0,44391623446169315;0,49689061377299426;0,49026372090437953;0,47140804724948726;0,4830933204936478;0,5233326624295109
Reverberation Time (T-30);0,34685669464916147;0,3626756545615313;0,4242207200420923;0,46166437137813354;0,4634119067998258;0,4186080636025206;0,47624860671678065;0,60559923676635
Clarity - 50 ms (C-50);12,955542404300713;13,208968243501012;10,930330212592992;9,915122266048602;9,81716139060675;9,836304716071014;9,479521411519546;8,83089578599453
Definition/Deutlichkeit (D);95,18058706723583;95,44131493861613;92,53113088743416;90,74627516958623;90,55511159268661;90,59274439025495;89,86888568840665;88,42583684759308
Clarity - 80 ms (C-80);19,00878939708752;18,69780845509149;15,730654053193211;14,450023846485818;13,940303415151687;14,084598267475156;13,753356197336053;12,99460345822498
Center Time (TS);9,093125221107266;7,841571321344794;11,050169052159077;12,696001976667052;13,616175000751706;13,492067434150696;14,0333845728065;16,16516033207252
Strength(G);11,076445703437525;10,777604125436728;10,972559167706365;10,98962045225933;11,147821268173182;11,17413101895118;11,218966268788037;11,55154339785048
Lateral Fraction(LF);1,5565091344164756E-08;1,551168390979579E-07;5,979376795951328E-05;0,00015187338952592658;0,00016954342169679768;5,3552899350069445E-05;2,139863347875564E-05;7,236742283291483E-06
Lateral Efficiency(LE);7,719264082989138E-09;9,402226663532329E-08;4,118525122485178E-05;0,00011069635445969379;0,000122545493082882;3,732755668109914E-05;1,4797152882646639E-05;4,94962047792351E-06
Receiver 14;63 Hz.;125 Hz.;250 Hz.;500 Hz.;1000 Hz.; 2000 Hz.;4000 Hz.; 8000 Hz.
Early Decay Time (EDT);0,3802549119064398;0,4635975563256493;0,5218131770777943;0,5713656198530385;0,5748507664620764;0,5698597754429116;0,5682425125608497;0,5881131467694674
Reverberation Time (T-10);0,339579275903883;0,3880751414778191;0,44717160510102344;0,5073504694501562;0,5096091233131909;0,4786286884368397;0,5033790393653467;0,5763596108868074
Reverberation Time (T-15);0,3545472730192104;0,38124367350724875;0,47514789032552535;0,5602695095190865;0,5525955702913575;0,5018200288290869;0,5310631097812405;0,6145231490100305
Reverberation Time (T-20);0,3696804873626408;0,38201027836300655;0,49977389321615456;0,5989432369512125;0,5835226339464088;0,5336762808328444;0,5617373658484278;0,6602936462122221
Reverberation Time (T-30);0,38519847298252;0,40275709246959074;0,5449195487821973;0,6528679413695925;0,6974767940737319;0,6622787159120547;0,6634115200118925;0,7528339863544417
Clarity - 50 ms (C-50);11,700574813887687;12,022131651241217;9,759136346838876;9,015343963008117;8,727668779942642;9,479760795660848;8,969931450067127;7,424988554844694
Definition/Deutlichkeit (D);93,66809751283567;94,09329204812309;90,44021845722855;88,85346298817589;88,18034223060096;89,86938753166423;88,7494782509797;84,67930611777157
Clarity - 80 ms (C-80);16,938123182708523;16,955277186655312;14,088450269914158;12,768140002700228;12,596443274918425;13,377571229860068;12,785429642301679;10,872855091939321
Center Time (TS);11,748401880069213;9,897038705517208;14,266636731865193;16,32718392317667;16,88609033731437;14,988767903932414;16,27427685884366;21,681344379421926
Strength(G);12,467194457585048;11,931752637238493;12,283127606716619;12,2683479040478;12,350267173658409;12,137882245186937;12,297809675473687;12,987732534799775
Lateral Fraction(LF);2,1757974285378486E-08;2,076226892941473E-07;7,926284377532056E-05;0,00020196591831535913;0,00021070198192284128;6,037569678473084E-05;2,6098239952882006E-05;9,414901858749124E-06
Lateral Efficiency(LE);1,0298186977533818E-08;1,2540766151368387E-07;5,164994023954812E-05;0,00014002762216044554;0,00014963955168282293;4,191933680761695E-05;1,8137194059170405E-05;6,3991170095502195E-06
Receiver 15;63 Hz.;125 Hz.;250 Hz.;500 Hz.;1000 Hz.; 2000 Hz.;4000 Hz.; 8000 Hz.
Early Decay Time (EDT);0,38290370830396586;0,41624736546942126;0,503675004642371;0,5270499280034604;0,5722607394877433;0,5338031474922702;0,5181875613118125;0,595608078547007
Reverberation Time (T-10);0,3613246580812311;0,38909231700808267;0,5024495431993754;0,5649353849661177;0,6162938926899506;0,5202576228968647;0,5719595509156751;0,6668273340669558
Reverberation Time (T-15);0,38063259169111;0,4004358702503696;0,5316670125768341;0,6470919307126389;0,6463117304528214;0,5754777384765547;0,6477403026207201;0,71706384613348
Reverberation Time (T-20);0,3899555764024265;0,41166972973604465;0,5536156368315676;0,659468066740871;0,659290799498482;0,6024781463072406;0,6775599133646973;0,746844687984487
Reverberation Time (T-30);0,40281324858297474;0,4312297208179356;0,6062829398257334;0,7305340329776288;0,7332617089182629;0,7253707456642402;0,771980856487982;0,7949455147940118
Clarity - 50 ms (C-50);10,355011782053635;11,072357762681595;8,669148749254424;8,501488084249676;7,889909923913054;8,625357216045552;8,452509567290388;6,571873341321773
Definition/Deutlichkeit (D);91,56511752987345;92,76510521353512;88,05080792953002;87,63504221896136;86,02399418237849;87,93559047309721;87,51363861213451;82,00239921305828
Clarity - 80 ms (C-80);15,284289046959152;15,790824768072756;12,59124035358237;11,817445777198541;11,177981963248298;12,251789670622927;11,881787670704584;9,721047919542983
Center Time (TS);15,062911197222531;12,007415834621334;17,38419437108145;18,60649508266545;20,033894787451054;17,40557188775762;19,07307985823745;26,646966755612212
Strength(G);13,343176651235375;12,549427060897472;12,939885749516321;12,88806225855852;12,992537490278067;12,690063746698293;12,848099928088587;13,910137680563771
Lateral Fraction(LF);2,917552428172918E-08;2,7777097015799997E-07;0,00010420067898384696;0,0002516361400975978;0,0002630054849428291;7,375989814607659E-05;3,223912916650623E-05;1,3181292487227597E-05
Lateral Efficiency(LE);1,3684032137757398E-08;1,4680092183894156E-07;5,9598754817642886E-05;0,0001505073073416632;0,00016126542335235492;4,7750407470692314E-05;1,9972398753459327E-05;7,928350351296376E-06
Receiver 16;63 Hz.;125 Hz.;250 Hz.;500 Hz.;1000 Hz.; 2000 Hz.;4000 Hz.; 8000 Hz.
Early Decay Time (EDT);0,37844141521383134;0,39180675922935726;0,47486911908703533;0,49224052649320243;0,5260462840348249;0,49424083000796315;0,5119652676628484;0,6073627683679325
Reverberation Time (T-10);0,3692236002367542;0,39362050915370583;0,5182900656704514;0,6019387812250598;0,666344467362995;0,5418020137961287;0,6132870614322565;0,6994173699272836
Reverberation Time (T-15);0,3878416679860833;0,4073621407996519;0,5609638676228196;0,6410827106492946;0,6815176451363889;0,5757983064515241;0,6899886628710158;0,7365325619914452
Reverberation Time (T-20);0,40060310951170436;0,41940932868178393;0,5790458752008052;0,6621248494049223;0,6934504743714833;0,6248119005585182;0,7268493828348489;0,7636438333699419
Reverberation Time (T-30);0,412569317890295;0,44300277223624374;0,6265252018542322;0,7410698525978504;0,7835641874734655;0,771570301173716;0,806911535510233;0,807422521487901
Clarity - 50 ms (C-50);9,830033202719124;10,691506643285663;8,384272905953665;8,359067009986948;7,760492742395396;8,618442337462717;8,04457100040681;6,183989617419994
Definition/Deutlichkeit (D);90,59529540604713;92,19161006633561;87,34616247981425;87,28237829036402;85,67878910369005;87,9235836012523;86,45181636783079;80,65103473680959
Clarity - 80 ms (C-80);14,866534233114916;15,186071573115996;12,090839317820732;11,436200076903285;10,909435026853982;12,053033045321866;11,331401867227031;9,311753291829715
Center Time (TS);16,40578206986513;13,507157375142787;19,25292226744503;20,133646929003056;22,303304632292498;18,80273297543699;21,21834735815138;28,85809259184473
Strength(G);13,066091151792541;12,37129130141793;12,920205801305215;12,930245280637365;12,996808282290651;12,423232162553852;12,668321680581627;13,750919091131315
Lateral Fraction(LF);3,118651949030551E-08;3,3245499797419473E-07;0,00012110806282118141;0,00029349099379612236;0,0003299312947223584;8,65941637527228E-05;3,632651739255042E-05;1,4150828683905128E-05
Lateral Efficiency(LE);1,5293358011473116E-08;1,6334499419466844E-07;6,490320672204265E-05;0,0001573776370839351;0,0001813996136672683;4,749366933679707E-05;1,993525840394643E-05;8,174803630613508E-06
Receiver 17;63 Hz.;125 Hz.;250 Hz.;500 Hz.;1000 Hz.; 2000 Hz.;4000 Hz.; 8000 Hz.
Early Decay Time (EDT);0,34429428766008785;0,34571278117726156;0,40516779277830345;0,4546086583295012;0,4600042345234855;0,41797193503517505;0,4488456505644053;0,5056035455144163
Reverberation Time (T-10);0,3419502207041651;0,34277686823219083;0,43890405168268526;0,5053275183847662;0,4894675422982099;0,4492446191215604;0,4815941501085171;0,5990665232104144
Reverberation Time (T-15);0,35919505803466456;0,36118623140332706;0,4881939137190009;0,5304265944340283;0,5503212844280144;0,48354935538708327;0,5345227354094071;0,6510010239335667
Reverberation Time (T-20);0,37343216653355066;0,3737134540555485;0,512934832758168;0,5767424856890393;0,5935999879104173;0,5288271454173263;0,5727842289963421;0,6862645766228733
Reverberation Time (T-30);0,3900445845106699;0,4021182342557379;0,5460306923221709;0,6978474983217433;0,6970226205024997;0,6633675417945412;0,6889813147165026;0,7594453924944626
Clarity - 50 ms (C-50);11,095402580558138;11,27215067508839;9,393900183040515;8,571734937513686;8,276796544929338;9,144072648616653;8,38406980680698;7,129600383164866
Definition/Deutlichkeit (D);92,79574781335421;93,06427923795205;89,69723163367581;87,80443338359856;87,05887166987974;89,14366534637317;87,33051298968346;83,77594853110713
Clarity - 80 ms (C-80);16,206139372575;16,629254406994086;13,598448797076344;12,390517691418175;12,417750560481354;13,144061101277531;12,527443658245785;10,87596144803914
Center Time (TS);13,645032383712888;12,366668478123662;16,791161461732926;18,769441760710176;19,508713514851294;17,64328034773123;19,185835242082863;23,811359177636866
Strength(G);11,212996624200848;10,788938171185016;11,351671777386116;11,344285045354027;11,533539615459595;11,282859516854117;11,275559115336762;11,915932812607636
Lateral Fraction(LF);2,6915151617169155E-08;3,245502077355894E-07;0,00011765554462447618;0,0002953379090694475;0,0003185243981875932;8,826209544933882E-05;3,5663692520110776E-05;1,2238630542390779E-05
Lateral Efficiency(LE);1,1604440865678014E-08;1,396819155444979E-07;5,297073287294277E-05;0,00015337473456399713;0,00016132551527568814;4,2375103143006045E-05;1,7475982281606448E-05;6,263765467619986E-06
Receiver 18;63 Hz.;125 Hz.;250 Hz.;500 Hz.;1000 Hz.; 2000 Hz.;4000 Hz.; 8000 Hz.
Early Decay Time (EDT);0,32231483661383487;0,3945757554839514;0,4489681305542602;0,47952496796175426;0,4877944738898116;0,44731229890264945;0,4485273606262496;0,4376834401148043
Reverberation Time (T-10);0,2846260470796517;0,3249536347355436;0,36589354995266105;0,4514368846710207;0,5286722339017366;0,49206582029491186;0,4933535503145212;0,4477350706902121
Reverberation Time (T-15);0,2507407017551483;0,32301847782969717;0,4723924072478326;0,5422969170148174;0,5769094949894519;0,5624088232094953;0,5645302239698216;0,538670885048254
Reverberation Time (T-20);0,28018830286504826;0,37963854376993766;0,470272677993304;0,5185645715441357;0,5354726410544013;0,5262779047477653;0,5280865885661934;0,5126706052578405
Reverberation Time (T-30);0,3186862874943166;0,37878175389255786;0,4354274407068276;0,4635055213004297;0,43885443327768353;0,4321405483183509;0,4320701929704988;0,43501855020488606
Clarity - 50 ms (C-50);14,745562776326885;13,577388512450053;11,053413873487965;9,92074896774601;9,441672123977815;9,437618438069853;9,409192096585718;9,649435564773695
Definition/Deutlichkeit (D);96,75570523954443;95,79650241924841;92,72465117568973;90,75714907877233;89,78926079787942;89,78070011015055;89,72048970782261;90,21958529389647
Clarity - 80 ms (C-80);22,213625906249273;19,034548314620345;15,49904936598816;13,84292319838195;13,188446916584319;13,320091126352144;13,280914716943332;13,759357802854195
Center Time (TS);8,416190546173473;9,31996921732257;13,22712155476417;15,699822591074813;16,930881702373554;17,49946169932154;17,559977607367667;16,874573524822864
Strength(G);8,370370002267919;8,047080113322128;8,402077359529201;8,59842099548841;8,716701078491703;9,040676796115115;9,045639244708873;8,979620427810538
Lateral Fraction(LF);2,2910425753146728E-08;2,176116123193663E-07;7,92179369168667E-05;0,00021109871576380205;0,0002190331690943395;7,828224401673631E-05;3,126060808597549E-05;9,988949213630343E-06
Lateral Efficiency(LE);6,154151751934167E-09;9,010453142307325E-08;3,810784305048852E-05;0,00010648448328466333;0,0001112850823145745;3,64957841835749E-05;1,448090032646935E-05;4,54802260147087E-06
Receiver 19;63 Hz.;125 Hz.;250 Hz.;500 Hz.;1000 Hz.; 2000 Hz.;4000 Hz.; 8000 Hz.
Early Decay Time (EDT);0,4051461878455382;0,47938857554839603;0,4990557656909046;0,5350476353991171;0,5337138314407638;0,49152764161542023;0,5127589459347132;0,5123024232958712
Reverberation Time (T-10);0,31885884472915255;0,3437298698810192;0,407667363652583;0,4746286912325038;0,5175267510608133;0,4582366897376663;0,49916184403248914;0,5533554876439255
Reverberation Time (T-15);0,32274682981142894;0,3473934112808372;0,47315013411607854;0,5293858798094937;0,552215801618218;0,5113052292764487;0,5294615182872533;0,5717635965090807
Reverberation Time (T-20);0,34407685270204696;0,36962112201949926;0,46748038654744745;0,5000308740917518;0,5177475788534223;0,4804244843618037;0,49923200179436983;0,5735755479059372
Reverberation Time (T-30);0,3553167866684485;0,3610437354143436;0,4489351192216445;0,5188397034665544;0,5856476117389022;0,4457801991506785;0,5321709455806845;0,6543295063808863
Clarity - 50 ms (C-50);11,661446538867464;11,826112907637494;9,651689823688281;8,692283563492735;8,335174494898556;8,741991472881622;8,382285626226542;7,5936554122456545
Definition/Deutlichkeit (D);93,61445101364463;93,83739073654789;90,2241644654629;88,09515687462424;87,20542014225589;88,21467194240178;87,32596681476002;85,1763984917465
Clarity - 80 ms (C-80);17,58050252854897;17,23770900976711;13,972303480381136;12,796190303424872;12,246353213628902;12,970750941222791;12,43622926204127;11,299804266316123
Center Time (TS);11,923122218231118;11,337789596040052;16,263344103141893;18,1373000362159;19,972484681124488;18,760629508331423;19,622068405274604;22,554025299395942
Strength(G);9,485278767438082;9,133723207117068;9,504121355662818;9,52822331123685;9,744918057225718;9,827125360007955;9,85192029776372;10,220595260677271
Lateral Fraction(LF);2,311404914286711E-08;2,3257103024239852E-07;9,219937843881081E-05;0,00022557615661650027;0,00025295110180945687;7,994816783146445E-05;3,145566405679665E-05;1,0609538932286052E-05
Lateral Efficiency(LE);9,945222146209029E-09;1,3809680288163919E-07;6,028310746021965E-05;0,00015058793125637997;0,00018060061312461922;5,0308698140718765E-05;1,9803594355497663E-05;6,613865607717041E-06
Receiver 20;63 Hz.;125 Hz.;250 Hz.;500 Hz.;1000 Hz.; 2000 Hz.;4000 Hz.; 8000 Hz.
Early Decay Time (EDT);0,37555612374687086;0,4545214283570926;0,48138389293545425;0,5256692746754272;0,504216633341068;0,4850545745509643;0,5159238720383484;0,5593624902735622
Reverberation Time (T-10);0,3321382035136072;0,33199389289928044;0,4347945585420439;0,5306737538781928;0,5417586204418721;0,46503138279868383;0,5129224771274306;0,6164799251660255
Reverberation Time (T-15);0,3518464530702746;0,3523849587436217;0,49436979268522874;0,5824486132328405;0,5901596225427357;0,5271848543102272;0,5612038374343832;0,644381877031364
Reverberation Time (T-20);0,370310542749165;0,37276381733823305;0,5083414395973451;0,5937568821031334;0,6268404163967354;0,542135711416943;0,5791119298423059;0,685593283528633
Reverberation Time (T-30);0,38365860674753416;0,38626932080994963;0,5473360611648531;0,6627780664006663;0,7218828935350082;0,6546685989714862;0,6951926646694162;0,7546454949055568
Clarity - 50 ms (C-50);10,526218980719298;10,721605372018841;8,581821724098392;7,8429832272286815;7,649744086695799;8,38342673538634;7,724037587777193;6,257756013022469
Definition/Deutlichkeit (D);91,86206346659615;92,19211776757146;87,82581206624135;85,88672734307268;85,33872495674242;87,32887457456792;85,5514684782392;80,85942260660445
Clarity - 80 ms (C-80);16,028216746931378;16,14685630010102;13,016437073241402;11,754944981985346;11,4792289715111;12,523882080742247;11,61476526155506;9,866109181885665
Center Time (TS);15,068496629526653;13,28663580087703;18,87583501557826;21,01738786296113;22,543701283517983;19,942384657273372;21,77691730464873;27,906744656474288
Strength(G);10,84294603771378;9,967397716483056;10,414306388807404;10,521828090887823;10,650916250565807;10,47671775916696;10,5492635038689;11,380948502736253
Lateral Fraction(LF);2,924468377442691E-08;2,797537654183281E-07;0,00010987097295972366;0,00027516298322108465;0,00029723321875388284;8,466612183513303E-05;3,5106998949953104E-05;1,2786694877513493E-05
Lateral Efficiency(LE);1,2562747827418416E-08;1,7018069607775788E-07;7,240210741308501E-05;0,00018276603850448408;0,0002214173478655076;5,589658033345069E-05;2,3626637123346814E-05;8,650662846863149E-06
Receiver 21;63 Hz.;125 Hz.;250 Hz.;500 Hz.;1000 Hz.; 2000 Hz.;4000 Hz.; 8000 Hz.
Early Decay Time (EDT);0,363006409419458;0,3931046288537752;0,48754179071056836;0,5312285108002673;0,5317856846496679;0,49032914979893716;0,508850612104149;0,5914816836793048
Reverberation Time (T-10);0,3619972418839601;0,37173500906965184;0,4911708943588332;0,5813203122495051;0,6272956797068387;0,5232275664780803;0,580083891502363;0,6647193344160314
Reverberation Time (T-15);0,3815683071262385;0,39408981342652577;0,5319340675830188;0,6385723373861693;0,6496791447402662;0,5774038292612762;0,6274999962200101;0,7023426832240285
Reverberation Time (T-20);0,3914734397323086;0,4116268905660963;0,5449033028917298;0,6397747334273054;0,6581797616100525;0,5948953034826203;0,6578365131575218;0,7354385991413414
Reverberation Time (T-30);0,40207416051120537;0,4207315307358746;0,6032783171073541;0,7070611758235285;0,7488512591325809;0,7428211402050557;0,7686897832153055;0,7871903066606107
Clarity - 50 ms (C-50);9,529574238695266;10,134651405652006;7,864144040088933;7,477400511254546;7,2621022358136065;8,08059523580719;7,462744724934592;5,542231263959364
Definition/Deutlichkeit (D);89,97333729138583;91,16209819745062;85,95956002371464;84,83521925822478;84,18637039836221;86,53889079685833;84,79175346992544;78,20379528241965
Clarity - 80 ms (C-80);14,583999031198548;14,658624454105563;11,723029906284758;10,759704868457284;10,569103543017661;11,587311590201066;10,929058830043425;8,929999117444705
Center Time (TS);18,165549683412213;15,443377547406234;21,200971602175528;22,80520378137279;24,101337186262896;21,259628671714122;23,80652087319446;31,987295302085126
Strength(G);11,82350506860686;10,623469639898225;11,121735699298625;11,264107484929717;11,235935742461933;10,856359951976664;11,078826853349213;12,401487407857367
Lateral Fraction(LF);3,675868884947009E-08;3,6408019027287835E-07;0,0001331716057470027;0,00030164995569936527;0,0003249559224606448;9,277983729373127E-05;4,152936344917463E-05;1,597610323796732E-05
Lateral Efficiency(LE);1,5776908435594866E-08;1,9200586561094344E-07;7,614588636471974E-05;0,0001786526681372349;0,00020822713414657792;5,41332769031711E-05;2,5437149061941922E-05;9,68766559497342E-06
Receiver 22;63 Hz.;125 Hz.;250 Hz.;500 Hz.;1000 Hz.; 2000 Hz.;4000 Hz.; 8000 Hz.
Early Decay Time (EDT);0,36455350778568674;0,3719461925673789;0,4730588075921674;0,4997057653241404;0,520828224442918;0,46703383707780777;0,49275630383345376;0,5800972301955141
Reverberation Time (T-10);0,3730055690376703;0,36509949909627554;0,5015086053309098;0,5655209671043052;0,6529628823318401;0,5357023577789218;0,5863968888344829;0,6817782083978422
Reverberation Time (T-15);0,3883316324093433;0,3926321649851624;0,5443429731454035;0,606841377360357;0,6624184144850537;0,5747865569987195;0,6523344065920406;0,7282404805967169
Reverberation Time (T-20);0,3982970974456667;0,411624605112272;0,5621578612466295;0,6361367821955446;0,6735554044724257;0,6153341756260352;0,6925873228077439;0,7551223767563573
Reverberation Time (T-30);0,4094569565900653;0,4339980304898188;0,6144348448589517;0,7289388833385039;0,7603396414073647;0,7447632116287396;0,784322857849206;0,7980274452122372
Clarity - 50 ms (C-50);9,477236791052398;10,31052407134073;7,807299708356723;7,520146599578772;7,150486203492087;8,065899631835958;7,485196621247104;5,680044059788861
Definition/Deutlichkeit (D);89,87007024015199;91,48704501186899;85,78683846022217;85,05144171961902;83,84869968300865;86,52023185937009;84,86753216344187;78,7543467008357
Clarity - 80 ms (C-80);14,288649038371197;14,893009660921393;11,53555535559972;10,766006714197253;10,384180339821114;11,452023216462502;10,925407613636755;8,918645193549551
Center Time (TS);18,60531371227715;15,955621634879382;22,401894670262138;23,988652541407742;25,61329027351945;22,222078305068955;24,479270224990877;32,65339403474831
Strength(G);11,720167013623325;10,675681783059279;11,243598285753265;11,364550047167121;11,453739482376832;10,91717734984492;11,221913670764309;12,48097654953851
Lateral Fraction(LF);3,672050361355382E-08;3,7928946629512187E-07;0,000139755530201512;0,00033177425680356866;0,0003697221850289063;0,0001044859156737339;4,346135000645826E-05;1,655025028313207E-05
Lateral Efficiency(LE);1,622751894544714E-08;1,8690670055521106E-07;7,349219457178451E-05;0,0001881895531988778;0,00020074873530593994;5,366610804502239E-05;2,3557448231935023E-05;9,223028619989846E-06
Receiver 23;63 Hz.;125 Hz.;250 Hz.;500 Hz.;1000 Hz.; 2000 Hz.;4000 Hz.; 8000 Hz.
Early Decay Time (EDT);0,33528005538676525;0,35312197508276766;0,4324700532370874;0,4577788983917433;0,4805379373589495;0,4222473601585445;0,4477087528349357;0,5242831697057532
Reverberation Time (T-10);0,349714622285242;0,3402271853859222;0,4690085324073607;0,49203900156060526;0,4996710542810085;0,46566824184282346;0,4850520640663444;0,6237477374001233
Reverberation Time (T-15);0,3641060235567074;0,35340228274659624;0,5030927751281464;0,542136304166438;0,589230433220874;0,5135069423475837;0,5523692743141446;0,6763097947672756
Reverberation Time (T-20);0,3771678465943864;0,38030065398714563;0,5239160347451712;0,5734743362525114;0,6414919285399873;0,5403535982452978;0,6212301213149078;0,7159593123719338
Reverberation Time (T-30);0,3951011576388416;0,41057625776380885;0,5683160484835603;0,6736602255769969;0,7254812814783582;0,6862299086954065;0,7169396983560218;0,7618353587268374
Clarity - 50 ms (C-50);10,773698229436475;10,806342667285993;8,472961501616444;8,051371434493129;7,735237952658881;8,47534187694403;8,074794509611133;6,522872997058956
Definition/Deutlichkeit (D);92,27802374205129;92,3403014230935;87,55525336986287;86,46168699871725;85,58331784417362;87,56203982087433;86,52141874087867;81,78646866877766
Clarity - 80 ms (C-80);15,603797863607841;16,25636449275669;12,526667263063755;11,889191214688562;11,692233154989742;12,462297237433653;12,056397745298694;10,079331578187322
Center Time (TS);15,496927168614967;14,18867947359806;20,110151921163595;22,038656292795814;22,6982277675125;21,10975677324157;22,085382722679388;28,033381609442106
Strength(G);10,113053852557382;9,4626454868211;10,026343674210572;10,215128386867022;10,387833448203416;10,125481202034749;10,248893748846143;10,842200104236007
Lateral Fraction(LF);3,019849680331518E-08;3,3539756015875636E-07;0,00012542569605715313;0,000326297588944704;0,0003321547553147155;0,00010225354918984418;4,117217690484736E-05;1,4418404521036407E-05
Lateral Efficiency(LE);1,1007250123946038E-08;1,4115261553159698E-07;5,8047188346609456E-05;0,00016891831487073698;0,00016549521262947098;4,691236885570545E-05;1,8339011754811393E-05;7,019507976690196E-06
Receiver 24;63 Hz.;125 Hz.;250 Hz.;500 Hz.;1000 Hz.; 2000 Hz.;4000 Hz.; 8000 Hz.
Early Decay Time (EDT);0,247776048831064;0,31551118973326736;0,4079687786549588;0,4418568405096953;0,45414285568288226;0,4222724808382776;0,42533862754909735;0,41272509807913893
Reverberation Time (T-10);0,2814353881971061;0,31271042998055537;0,37721265108286534;0,4940441903523432;0,5340194406787636;0,5083232349717738;0,5117025963820256;0,4823727472671215
Reverberation Time (T-15);0,2512153834758981;0,3301688302036295;0,46212556812302436;0,5375940149695978;0,558354433042381;0,5402601311745652;0,5428294335171693;0,5241671225850709
Reverberation Time (T-20);0,27604504691196996;0,3767482024099581;0,46982621807980196;0,5155799453784151;0,5298162409700311;0,5126532228070347;0,515990224430955;0,5073240366481584
Reverberation Time (T-30);0,3189770098440888;0,37998638661681194;0,4401207640994284;0,4508620352675635;0,42674014526601955;0,42846758623113057;0,4212303504687525;0,42615443834419914
Clarity - 50 ms (C-50);14,521810373449357;12,784270754467757;10,319487276325495;9,213212695042476;8,760873790903993;8,812495603833826;8,765626714877916;9,085326679995667
Definition/Deutlichkeit (D);96,59002465018423;94,99642749084508;91,4990429157179;89,29677830631839;88,25979846102366;88,3824044746663;88,2711337654644;89,01206214566248
Clarity - 80 ms (C-80);21,820657517161088;18,402871364966202;14,880215791575594;13,264525047131915;12,657996723481517;12,86902415288121;12,78127171161308;13,299923680339463
Center Time (TS);9,125677343410894;10,556193061804276;14,876104743573645;17,511606288655337;18,854360094559883;19,221756078592634;19,356798943159276;18,464593961519544
Strength(G);7,541898274848137;7,011096324181942;7,450921426507243;7,6725182434056975;7,818462683887304;8,225789444335149;8,226944444078995;8,15590412951974
Lateral Fraction(LF);3,395834840468426E-08;3,1032263878241664E-07;0,00010923122728190346;0,0002862643364377873;0,00029489133802465995;0,00010560772050347937;4,2135904757022403E-05;1,3555322274698306E-05
Lateral Efficiency(LE);5,570213763698498E-09;8,493871864859315E-08;3,7036639544307855E-05;0,00010441544396193709;0,00011069954484916141;3,4840703727696395E-05;1,3875642174046012E-05;4,26615498332473E-06
Receiver 25;63 Hz.;125 Hz.;250 Hz.;500 Hz.;1000 Hz.; 2000 Hz.;4000 Hz.; 8000 Hz.
Early Decay Time (EDT);0,35330539274920897;0,43070207428615886;0,48303200047635303;0,5304891504946331;0,5158807871684484;0,4851725439752114;0,4879060888139794;0,5059320215775496
Reverberation Time (T-10);0,31456074554451324;0,32651823792986573;0,43618140733271044;0,5236262858144302;0,5306329349734861;0,49574580855278333;0,5076585213844576;0,5610168287375634
Reverberation Time (T-15);0,32563308346524705;0,3540732575418118;0,4645158758530665;0,5420755974682172;0,5369483837703054;0,5201906581846635;0,523800447720604;0,5876766755616126
Reverberation Time (T-20);0,3464205857673184;0,3747769523482105;0,46041366134958134;0,5228667286969848;0,5179944799424695;0,48645916536359535;0,4943848557725446;0,6161726407214209
Reverberation Time (T-30);0,35911319811900916;0,36593891350235896;0,4604807844246576;0,5559263428163443;0,6313748233566765;0,4803771260006248;0,5526212809629433;0,678188678434077
Clarity - 50 ms (C-50);10,757707800056469;10,1941819217739;7,995539105787976;6,97485784564852;6,769777722065426;7,246343874948463;7,017556629289703;6,378957487528346
Definition/Deutlichkeit (D);92,25174656904207;91,27191493689418;86,3071768166167;83,28581338021547;82,61809392030919;84,13800456705783;83,42222929523146;81,287632920489
Clarity - 80 ms (C-80);17,256222367785274;16,49298307143389;12,977466649323912;11,807711326692106;11,193774837507505;12,058145881578806;11,692129344922883;10,512378717106206
Center Time (TS);13,70879281744231;13,479773506867081;19,38307239212307;21,902406766653275;23,712287626948235;21,931592612765026;22,94885188242589;26,64471300854691
Strength(G);8,456223290353485;7,720797742307386;8,348740862885954;8,4366336650466;8,68262789237339;8,728976481350657;8,87412023345388;9,248661631753428
Lateral Fraction(LF);3,1403203034362123E-08;3,0681699065743185E-07;0,00011759493655730915;0,0003011756236654659;0,000326182963230938;0,00010569046728842203;4,295184986619325E-05;1,4085473978626994E-05
Lateral Efficiency(LE);9,728217511726335E-09;1,4139815363458732E-07;6,436462873444704E-05;0,000163587238816648;0,00019266433600843716;5,33163850720168E-05;2,1932180151515965E-05;7,50797509835016E-06
Receiver 26;63 Hz.;125 Hz.;250 Hz.;500 Hz.;1000 Hz.; 2000 Hz.;4000 Hz.; 8000 Hz.
Early Decay Time (EDT);0,36955694813857404;0,413225954749606;0,4663396200429888;0,5200145679849377;0,4980520802747748;0,4810526905369657;0,5009167901233433;0,5687915607759123
Reverberation Time (T-10);0,3382596752618854;0,34033482281581046;0,45197283054217924;0,5509113018515661;0,5544416683035299;0,48002206072123066;0,5219502283522494;0,6385162516761136
Reverberation Time (T-15);0,35618110106559164;0,3553412704399244;0,49592463710168333;0,5824089605994782;0,6121472065898091;0,5221180739083631;0,5567543467551088;0,6726843825884776
Reverberation Time (T-20);0,3731511718027745;0,3727875577738135;0,5092616290597588;0,5971655284625341;0,6508006182358881;0,5410883724292971;0,5813814037523168;0,7122096461093292
Reverberation Time (T-30);0,3861158256711149;0,39672163014094197;0,5458204141399683;0,6830151653578994;0,7310739318212837;0,6801552568144402;0,6926238427845003;0,7656178923641388
Clarity - 50 ms (C-50);9,378781771165428;9,471451040491708;7,2950416768385224;6,419962557690067;6,205391118108073;6,955278295958126;6,4532234307695715;5,160679079976051
Definition/Deutlichkeit (D);89,65572944035137;89,85195410737363;84,28708178200469;81,43082604858508;80,67211505866997;83,22296036157579;81,5463533105557;76,64351412795864
Clarity - 80 ms (C-80);15,122908479325925;15,185241408098145;11,806720768246679;10,711309601835362;10,146735951082206;11,444450845118812;10,674555100753228;8,810575485037113
Center Time (TS);18,034851019564183;16,59063870646023;23,18458009326923;25,63249766703474;27,83916655763733;24,163500339005648;26,066870160221317;33,684167233133
Strength(G);9,652876482099483;8,734881791378058;9,429863240511771;9,448919211621757;9,760965111496645;9,419541339567473;9,632585229359925;10,531693157355065
Lateral Fraction(LF);3,637967118676952E-08;3,7418763173055117E-07;0,00013700065647858354;0,00033288901475989893;0,0003771210389583107;0,0001099236302264357;4,46407969443495E-05;1,5926731844977374E-05
Lateral Efficiency(LE);1,410903617200916E-08;1,847063983258161E-07;7,765571450403072E-05;0,0001953879230408653;0,0002321514346522044;5,766850117066798E-05;2,3571988213790948E-05;9,64346298586875E-06
Receiver 27;63 Hz.;125 Hz.;250 Hz.;500 Hz.;1000 Hz.; 2000 Hz.;4000 Hz.; 8000 Hz.
Early Decay Time (EDT);0,3763839163335647;0,37561002760313356;0,48382984981928306;0,5486633784718844;0,5691172019215867;0,520853158692188;0,5293682934756926;0,6144468330669518
Reverberation Time (T-10);0,3710877400325375;0,39565124244774363;0,5007736902218258;0,626250604280813;0,6463416483806184;0,5326047023157132;0,6006924462269289;0,688003195651531
Reverberation Time (T-15);0,38722981761787184;0,40177247001112687;0,5455347727326662;0,660782751229533;0,6769337239812825;0,5853666899041724;0,6601951016251668;0,7224240929299158
Reverberation Time (T-20);0,39415483983559324;0,4120410786912679;0,5684496520796445;0,6607630450760894;0,686281652358594;0,6339075493547812;0,691706495126843;0,7548523415077907
Reverberation Time (T-30);0,4037178232962454;0,42951737335699786;0,6174820369323635;0,7397851880075776;0,7714526486047796;0,7775486297740347;0,7991242988054974;0,7993499824655059
Clarity - 50 ms (C-50);8,397225137826505;8,976273750228584;6,507514581308;5,8792075375740716;5,636312285123655;6,406624664932339;5,961699214815757;4,338830495010094
Definition/Deutlichkeit (D);87,36399036193562;88,7640514596779;81,7337304164555;79,47400023723083;78,54659876073731;81,38434205670772;79,78211864995998;73,0872275952477
Clarity - 80 ms (C-80);13,656185198248561;13,693784698736826;10,988984306867868;9,647661095109951;9,041311616116456;10,53506346097306;9,828437640799935;7,924834120297801
Center Time (TS);21,619680327933008;19,495348012696223;26,95671971783295;29,971673123408987;31,706914767828735;26,957509974788326;29,94320437653751;38,777708798519875
Strength(G);10,944172123916722;9,68799903231205;10,466946333276027;10,464490560380582;10,617945445627164;10,121028421777325;10,407948725381225;11,929024068070191
Lateral Fraction(LF);4,656997867346273E-08;4,91077517644264E-07;0,00018372500072589505;0,00042796603736034323;0,00046313542470588265;0,00013463546566639008;5,5797033755106655E-05;2,041788670334509E-05
Lateral Efficiency(LE);1,9295617922151425E-08;2,348155493832053E-07;0,00010609483913996826;0,0002493182935934106;0,0002607324961389998;6,865584466088262E-05;3,1825369523594925E-05;1,2344459471290585E-05
Receiver 28;63 Hz.;125 Hz.;250 Hz.;500 Hz.;1000 Hz.; 2000 Hz.;4000 Hz.; 8000 Hz.
Early Decay Time (EDT);0,3761044926959416;0,3779602307559397;0,5013852755633504;0,53623651406909;0,5748966930873504;0,5108291185203593;0,5285267845470103;0,6331038495535771
Reverberation Time (T-10);0,38839940931992417;0,40202144469549833;0,5327833972303433;0,6089498192453459;0,6662256831545547;0,5803254361626493;0,6223723793166167;0,7161293808489434
Reverberation Time (T-15);0,3998994985687047;0,41807862271399693;0,556405066566479;0,6398387251710438;0,6868890534916252;0,5941846122432201;0,6980397961604715;0,744127205915874
Reverberation Time (T-20);0,40414654151803636;0,42344208901925606;0,5805191487452299;0,6671125549380453;0,6949733487886137;0,6604106175941769;0,7229654941974878;0,7694939838156643
Reverberation Time (T-30);0,41103288337576305;0,4421795166638315;0,6296210296054255;0,7591519803448534;0,7831542167262336;0,7910535771953794;0,8016023861324156;0,8102207291336929
Clarity - 50 ms (C-50);8,428743356519606;8,896914826038206;6,333266418754301;6,0362430210273175;5,436842579475542;6,620469975965762;6,085773120386495;4,284284253273375
Definition/Deutlichkeit (D);87,44388944778598;88,58051034350338;81,12707633797581;80,09601728099908;77,81537735105518;82,11883597288725;80,2390263843764;72,87547309066747
Clarity - 80 ms (C-80);13,36536628318413;13,494328754400984;10,517611249528251;9,663636456475107;8,835609270438766;10,448990819103528;9,776078292375521;7,680249757582331
Center Time (TS);21,76846974857439;19,897027297736916;27,94422250299406;29,886758983310663;33,09149504304781;27,32993789677361;30,134253995501517;39,44521084242366
Strength(G);10,882259550978766;9,77898911071825;10,621234431355873;10,786541978667252;10,902765021774705;10,327570537219216;10,619288697822071;11,99840032165978
Lateral Fraction(LF);4,535584086492035E-08;4,949445557485967E-07;0,0001809861974809848;0,0004451127219265328;0,0004698719341736012;0,00013160303383381023;5,5058014724172016E-05;1,9370575946252868E-05
Lateral Efficiency(LE);1,8253475962562723E-08;2,0900138495834186E-07;8,964505978263506E-05;0,00023313020459057296;0,00023525918025281032;5,88616445930037E-05;2,6516555556649737E-05;1,0850957828442057E-05
Receiver 29;63 Hz.;125 Hz.;250 Hz.;500 Hz.;1000 Hz.; 2000 Hz.;4000 Hz.; 8000 Hz.
Early Decay Time (EDT);0,33508859687995385;0,35566040234733565;0,4579290935242068;0,507721088413478;0,5165882093889091;0,47384138665237036;0,48472453500531437;0,5697409456938926
Reverberation Time (T-10);0,36893242235357204;0,3892187674306828;0,5040560359627078;0,5613416347765263;0,5680455398666626;0,5405394672225937;0,5537614681618976;0,6560064692766544
Reverberation Time (T-15);0,3764066777510511;0,3964915741160591;0,5153305766346509;0,5744093689965167;0,6131714771320005;0,5371050877809966;0,585990109853682;0,6979797425850126
Reverberation Time (T-20);0,38516192112879377;0,4031492151147013;0,5381797260716927;0,6083008858988105;0,6641303741288276;0,5604240166308958;0,6366833677571139;0,7366966461666451
Reverberation Time (T-30);0,3979536617882034;0,4230636963475597;0,5818490301178653;0,7076883168098761;0,741186752225379;0,697933064040038;0,729514219719274;0,7837996742166028
Clarity - 50 ms (C-50);9,842830194181708;9,778657714054829;7,500718146257127;6,6246939382151915;6,513838469749769;7,353331164965875;7,115467333479025;5,426410470492256
Definition/Deutlichkeit (D);90,60554172407787;90,47901080181265;84,90416381009666;82,13311302703934;81,75545994790457;84,46402067943323;83,73166854462937;77,72093464104648
Clarity - 80 ms (C-80);15,055103780751235;14,787072504586508;11,65242288559683;10,61541058855542;10,432202993359558;11,29892642132283;11,034089622081273;9,0120648669505
Center Time (TS);17,26370215090655;16,811061520540964;23,513526015932047;26,37058588256127;27,71756716252572;24,486156400498704;25,650130067883712;33,20422508321727
Strength(G);9,373289205742978;8,507084108065264;9,270361979730644;9,557956810147388;9,708851674546338;9,406199780994513;9,521541256370277;10,326149451584023
Lateral Fraction(LF);3,729700816629963E-08;4,1318894329197357E-07;0,00014849379690670472;0,0003912875847039728;0,00040777722950124153;0,00012166669602181275;4,913367700621786E-05;1,7165151580114023E-05
Lateral Efficiency(LE);1,1583241868240322E-08;1,4071327975639103E-07;6,310996791737194E-05;0,00017984414662782492;0,000187252825069667;4,8275717887531574E-05;2,085693447557998E-05;8,138476114296616E-06
Receiver 30;63 Hz.;125 Hz.;250 Hz.;500 Hz.;1000 Hz.; 2000 Hz.;4000 Hz.; 8000 Hz.
Early Decay Time (EDT);0,20051354516850603;0,3040168620387741;0,4126455922953789;0,45158745446248455;0,468761683174443;0,44009918529109826;0,4407305540101591;0,4241032402578148
Reverberation Time (T-10);0,3218087767485915;0,3431324791985528;0,45193505737906253;0,5261605807214896;0,5422612828545984;0,5220710080569746;0,5262789470415971;0,507783577165894
Reverberation Time (T-15);0,2762256786808214;0,3668301052315105;0,4444219055122461;0,5166624314405363;0,5318790836455414;0,5176892505511417;0,520800661126544;0,5054425924322248
Reverberation Time (T-20);0,29959540611158775;0,37622433198102817;0,45402977620383117;0,4873560890467504;0,49405236585513584;0,48607161884611794;0,4881348486485656;0,48168090027385846
Reverberation Time (T-30);0,3198184513566321;0,37100538234193164;0,411344045380287;0,4330845321366719;0,4377079467506983;0,42695268021392;0,42984840115207235;0,43673126355411984
Clarity - 50 ms (C-50);13,687614800536863;11,588885342941424;9,177382426596605;8,068054472942041;7,641740012308347;7,819692141926984;7,799133831518934;8,183055632370621
Definition/Deutlichkeit (D);95,8975252224052;93,51384420259706;89,21766967108165;86,50330984799925;85,31565071072696;85,82159528456648;85,7638969464901;86,80948857524574
Clarity - 80 ms (C-80);19,96019569973808;16,717107101699717;13,537570873861666;11,998569524625411;11,512234451166133;11,803042612343294;11,720940539035672;12,247279915485905
Center Time (TS);9,319255791550036;11,38264146459225;16,00875452788565;18,850334356939086;20,178281721319006;20,187123175693507;20,306149802932616;19,29632970156622
Strength(G);6,768702633853977;6,293309406366987;6,87922487155231;7,16270016816236;7,3343599999020554;7,742889753930967;7,7564661869259055;7,658178754961057
Lateral Fraction(LF);2,4910052226235164E-08;3,3433241437431664E-07;0,00012195048073284638;0,0003262016041537893;0,00033646527734979546;0,00011252789567799496;4,486471472697455E-05;1,3976783863971331E-05
Lateral Efficiency(LE);4,8355388483929945E-09;8,467620139132438E-08;3,672060124782408E-05;0,00010434221547463522;0,00011077506429812184;3,487261122475121E-05;1,3890502063399758E-05;4,15879083471854E-06
Receiver 31;63 Hz.;125 Hz.;250 Hz.;500 Hz.;1000 Hz.; 2000 Hz.;4000 Hz.; 8000 Hz.
Early Decay Time (EDT);0,3298129013833881;0,4135915601297155;0,48256170250800784;0,5129631238969506;0,5570831702730534;0,49516190388117737;0,48669655494055575;0,5469514025121037
Reverberation Time (T-10);0,3241521021129315;0,3656786563876633;0,47797513921025425;0,5224342659936659;0,5243430717268538;0,527352061723916;0,5187606185701328;0,5721274716259365
Reverberation Time (T-15);0,34601296407150606;0,38296505824426796;0,4725993321983034;0,5190715991010786;0,5210059611826674;0,5175898564152657;0,5158185124407993;0,5847108724379251
Reverberation Time (T-20);0,3537728787476858;0,3838537238977197;0,4637810048464375;0,5093188488974265;0,5504543304672587;0,48919125674005876;0,49975461787834724;0,6264089595654461
Reverberation Time (T-30);0,3663127569627391;0,36759378439159834;0,49847638101492375;0,5924658332501294;0,6493552085344331;0,5222460976156619;0,5683975303176725;0,7120966648535106
Clarity - 50 ms (C-50);11,086347208907947;10,038330210629704;7,603346278059478;6,7757489009512675;6,028345370911196;6,851121125859856;6,8038154805723785;5,996631917514882
Definition/Deutlichkeit (D);92,77564218047853;90,98176899568945;85,204550561974;82,63782966633401;80,02852005359873;82,88542705228814;82,73035731331294;79,91155242661078
Clarity - 80 ms (C-80);16,395554089234402;14,930943480549699;11,755041032067615;10,469300285089915;9,631822823616128;10,681017519993162;10,716064324064039;9,49210005012468
Center Time (TS);13,85681760743094;14,65404678952489;21,007740957487542;23,668584061863452;26,149965511928;23,624934886764066;24,097762525460105;28,262160541437286
Strength(G);7,542413230120289;6,769403069921328;7,442019809603877;7,658375802797188;7,845981782519857;8,01107666392366;8,111342741649871;8,533905850455604
Lateral Fraction(LF);2,929680444278355E-08;2,97492242090956E-07;0,00010752087418332602;0,0002874662679269445;0,00028949607268643807;0,00010152836815076318;3,994177948168142E-05;1,2803378024884959E-05
Lateral Efficiency(LE);6,567193118448472E-09;1,0013397450643944E-07;4,375624414356645E-05;0,00011817294818061995;0,0001213484719461017;3,7963547589845E-05;1,5084948143293448E-05;4,797195531516716E-06
Receiver 32;63 Hz.;125 Hz.;250 Hz.;500 Hz.;1000 Hz.; 2000 Hz.;4000 Hz.; 8000 Hz.
Early Decay Time (EDT);0,3546108805912504;0,41606243742000804;0,48205450590628385;0,5293976154547905;0,5721210337765216;0,4976395621872098;0,5116056043097156;0,6037756172035669
Reverberation Time (T-10);0,34422351170795534;0,3718574095935959;0,4696480773114089;0,5453900764840648;0,5392148225906419;0,5173552201785081;0,5260806745430486;0,6517398865781308
Reverberation Time (T-15);0,36090456599976467;0,3737669295175199;0,505475347162723;0,5832265952057877;0,6099221519935318;0,5311968349507851;0,5657137486285931;0,6991780822280654
Reverberation Time (T-20);0,37601192550103013;0,38236326658204595;0,5258508097084164;0,619521802874272;0,6870539916561523;0,5592371376167851;0,624176355006319;0,7327458961165473
Reverberation Time (T-30);0,39054750865613036;0,4031714202071918;0,5625058057063824;0,697389798404888;0,7467110362822903;0,6596998919028747;0,7120355305292204;0,7769840043938742
Clarity - 50 ms (C-50);9,060449458324326;8,469501757541487;6,248122203552793;5,690551294768494;4,890630780997787;5,900654812037453;5,632625380915616;4,335238279998642
Definition/Deutlichkeit (D);88,95591172306194;87,54657060861909;80,82506707845432;78,75629940681799;75,51201795118271;79,55444256556457;78,53228985847326;73,07095484884437
Clarity - 80 ms (C-80);14,83830257180401;14,134136567292952;11,071867638810184;10,107145936155659;8,975319864503255;10,522655231603979;10,195960985445778;8,186379140942186
Center Time (TS);19,300188564492192;18,93851424096624;26,62783035547041;28,996156406961767;32,22563420995588;27,339863155812413;28,821530319082168;36,76874216412737
Strength(G);8,958885306346069;7,867081091992436;8,778238205084605;8,977927008323107;9,220801701330373;8,937759098890972;9,10530373972118;10,17708624594998
Lateral Fraction(LF);3,6247213020056554E-08;3,9045214249959707E-07;0,00014616229016266085;0,00035552660081014133;0,00039448152062564765;0,00012115310314355026;4,8267027107851896E-05;1,6295925463747838E-05
Lateral Efficiency(LE);1,2594688422492056E-08;1,6592664019020788E-07;7,07857337134942E-05;0,00016765887075375667;0,00020576330839746973;5,284693313228917E-05;2,2053003289427118E-05;8,153322191482827E-06
Receiver 33;63 Hz.;125 Hz.;250 Hz.;500 Hz.;1000 Hz.; 2000 Hz.;4000 Hz.; 8000 Hz.
Early Decay Time (EDT);0,3702435010975149;0,3899802642423437;0,5136916297380935;0,5753979253102434;0,608065796034107;0,5513857682585145;0,560064802965834;0,6615617404814077
Reverberation Time (T-10);0,3878079538698876;0,42456079899437316;0,5408314914381497;0,6507607694112338;0,6456963237137543;0,5836612533236608;0,6317661009887705;0,7228456756940795
Reverberation Time (T-15);0,3966454900743252;0,41461576702163255;0,5683173894337353;0,6779990143578004;0,7009039527521497;0,6257849382200779;0,695872320932228;0,7554325521671902
Reverberation Time (T-20);0,4015809729168016;0,42300448809896785;0,5855380510535493;0,7037175552000909;0,7288603674686333;0,6815100116794686;0,725354605443896;0,7813381539871548
Reverberation Time (T-30);0,4095545665243951;0,4410659416193947;0,6229077807948312;0,7772206798207544;0,7922586768355957;0,8004426713280072;0,8118070610632219;0,8124237777899471
Clarity - 50 ms (C-50);7,950975893399718;7,91167193374725;5,299956388135224;4,837504079113691;4,27326841135814;5,338311345743304;4,831437457442329;3,316100239557689
Definition/Deutlichkeit (D);86,18546037411585;86,11578694712236;77,2616611325619;75,28511002062919;72,78925496316636;77,36770562582916;75,2908295234981;68,2126213400332
Clarity - 80 ms (C-80);13,16221090650666;12,834929137411986;9,720055069533002;8,617441544889951;7,954102311745903;9,272356097440412;8,779966387676847;6,958679844087422
Center Time (TS);23,70578170303738;22,689824838576794;32,44288974718832;35,68730453525706;38,10102215753617;31,94061028122068;34,92447733309909;44,16608006910538
Strength(G);10,920565094964868;9,695592591477386;10,64169310072883;10,681914059609952;11,166203586107947;10,257653487764188;10,763372250388741;12,391761329594765
Lateral Fraction(LF);5,052788230911429E-08;5,977216522001191E-07;0,0002220321808745601;0,000527580947023365;0,000564685341103495;0,00015332067341161865;6,53884567248133E-05;2,3147822746493066E-05
Lateral Efficiency(LE);2,043362705838235E-08;2,3407463854165E-07;0,00010505681038599417;0,00025452888799376284;0,00027641389308817734;6,480514585210115E-05;2,946079497052096E-05;1,2233478826743566E-05
Receiver 34;63 Hz.;125 Hz.;250 Hz.;500 Hz.;1000 Hz.; 2000 Hz.;4000 Hz.; 8000 Hz.
Early Decay Time (EDT);0,38600948919779227;0,393694332837859;0,5217962148203581;0,5521908926230337;0,5988492525689302;0,5446574754176603;0,5415035766851768;0,6789329679931765
Reverberation Time (T-10);0,39832948684713704;0,41067335565162705;0,5509439891382323;0,6309915044083286;0,6774432407388109;0,585963609417066;0,6370242417825848;0,7387772278761011
Reverberation Time (T-15);0,4013272822079395;0,4156442213857284;0,5739983652764162;0,6742403842632071;0,7109747727992296;0,6400136151972913;0,7164777730997294;0,7644619747326986
Reverberation Time (T-20);0,405751096146981;0,42660580272724996;0,5930064485317774;0,696767178037524;0,739373998302575;0,6971027394221034;0,7487444360467498;0,7863183623700571
Reverberation Time (T-30);0,4128722069582159;0,4489298335608008;0,6307641681997346;0,7755007046069178;0,8091406530431123;0,8107530530442268;0,8125047070198912;0,8157658461936884
Clarity - 50 ms (C-50);7,58103052330884;7,68146311278712;5,098706941416557;4,613325530872858;4,283159947045524;5,091993539144743;4,712721233802787;3,1617147581307794
Definition/Deutlichkeit (D);85,13965670444817;85,47815146835883;76,38709997836858;74,39766415957517;72,89044727504917;76,35920636303581;74,79055042297009;67,43688082124889
Clarity - 80 ms (C-80);12,631086366574994;12,658255937110074;9,338850875197927;8,51620759389913;7,971135982932004;9,114430688483907;8,719663910701787;6,722510100963591
Center Time (TS);24,710321940362483;23,986272138551946;33,35780096775658;37,30138649336594;38,86948301056969;33,599452045453305;36,29848275354247;45,61257239472798
Strength(G);11,038664378390003;10,067875986623946;11,168558424816844;11,390236110721155;11,707647539022119;10,785763465399263;11,210515436871333;12,750578269384746
Lateral Fraction(LF);4,978918856790863E-08;6,117880660489762E-07;0,0002184040937920291;0,0005275352023570515;0,0005675497913141169;0,00016119967886013073;6,599813563873228E-05;2,2813158949190483E-05
Lateral Efficiency(LE);2,1135070317513953E-08;2,4714609941108094E-07;0,0001030624118547629;0,000281730773337687;0,0002571428791292147;7,160456004117456E-05;3,1708725068780036E-05;1,209851621392403E-05
Receiver 35;63 Hz.;125 Hz.;250 Hz.;500 Hz.;1000 Hz.; 2000 Hz.;4000 Hz.; 8000 Hz.
Early Decay Time (EDT);0,3645395257852363;0,364288460982564;0,4665990865559938;0,48839698229154344;0,5368085696636477;0,48262519344797644;0,4800643399934376;0,5940187542501995
Reverberation Time (T-10);0,3649313077765007;0,38152604339973895;0,5047842322829996;0,5502204624353346;0,5944694151767763;0,5295139524734164;0,5416860509398346;0,6741184374028063
Reverberation Time (T-15);0,3752707927017687;0,38895289321208854;0,5317457701882676;0,6061027417648907;0,6501322490391402;0,5639759381841966;0,6030630471360288;0,7211519846302408
Reverberation Time (T-20);0,3855172583128842;0,3972888891397103;0,5655667398424001;0,6579190771286729;0,6884288727642593;0,6233779409873462;0,6567863230119564;0,7578180925680944
Reverberation Time (T-30);0,39960857891139345;0,4261432295465354;0,5916454332590889;0,7340873862917192;0,7786114583144041;0,7290431515177154;0,7482360535672706;0,801258016649498
Clarity - 50 ms (C-50);8,863296265720594;8,876382685376292;6,618945121851737;5,986111671719414;5,482704870106394;6,384043538359009;6,222562380753982;4,536207376899591
Definition/Deutlichkeit (D);88,50197295427017;88,53260026896866;82,11367975179485;79,87263786900665;77,94457597146773;81,30543990740581;80,73368925751781;73,97174175072792
Clarity - 80 ms (C-80);14,181473007762726;14,044078570889045;10,797487371133299;10,097003670045089;9,21758924356668;10,459292884223103;10,15222248769737;8,126527581637866
Center Time (TS);20,034926137659834;19,858733191057176;27,11922654033835;30,172558026073247;31,915497645475707;27,863120547175882;29,25170922993532;37,316176248262934
Strength(G);9,051320090768716;8,34755250298252;9,373757745278667;9,67786435983757;9,836609607917865;9,46105612822032;9,722862444681091;10,56956761299891
Lateral Fraction(LF);3,192625590542161E-08;4,2621397328910655E-07;0,00015004067458337868;0,0003986711250733887;0,0003999692927211025;0,00012185211337320859;4,745915252648338E-05;1,5840880155389652E-05
Lateral Efficiency(LE);1,138272205968129E-08;1,4566304491936024E-07;6,172699479291662E-05;0,00018140511896065;0,00016886297167802625;4,627413765888102E-05;1,908499271177296E-05;7,074620516905744E-06
