Pachyderm Acoustic Simulation Results
Saved 22.12.2024 18:18:11
Filename:ORASE_FlatCeiling_Rough_Concrete (2).3dm
Source 0;
Receiver 0;63 Hz.;125 Hz.;250 Hz.;500 Hz.;1000 Hz.; 2000 Hz.;4000 Hz.; 8000 Hz.
Early Decay Time (EDT);0,2595233328914023;0,2541356034421771;0,36218939619498647;0,45408938851712805;0,4810044267432508;0,4573891938558308;0,45224142192382677;0,4397085503395307
Reverberation Time (T-10);0,27360226558961304;0,31360402340842847;0,36321932684279273;0,39892412023623935;0,42598712165553265;0,41549329874379715;0,41375340161933805;0,3969902261882863
Reverberation Time (T-15);0,2515135721834507;0,3007828033587894;0,38465366584732075;0,4278876873640735;0,4499785678991801;0,44226356749667195;0,4398426527281786;0,4287375270554559
Reverberation Time (T-20);0,2592479221705362;0,3153188595294007;0,3989131655826879;0,4474822582772933;0,46867164456504873;0,4606385768563187;0,4585546514702062;0,4512229209482967
Reverberation Time (T-30);0,27272802941874963;0,3315223684110944;0,40392681871504205;0,4412830849894417;0,44474851380202146;0,44004126468402294;0,43831293213261535;0,440583620901096
Clarity - 50 ms (C-50);18,351857741966487;16,83449859615787;14,550106153931747;13,469879382675288;13,003055450801352;12,946432459115226;12,883675903201198;13,046350664639906
Definition/Deutlichkeit (D);98,55950178229863;97,96932576033248;96,61141919479148;95,69568148393411;95,2305244060407;95,17095575197328;95,10410953029273;95,27560036141485
Clarity - 80 ms (C-80);24,44729973682298;21,716854350202638;18,521750212915492;17,053487071706463;16,435438683332965;16,35469849242683;16,313580438619514;16,646313667462202
Center Time (TS);4,797283261951824;5,194543739631707;6,895107334635761;7,983031140230415;8,483878111484723;8,77845396317956;8,927952208887099;8,691747855916702
Strength(G);12,48979141900286;12,413250991283455;12,55725164846956;12,617584928699003;12,641650406496474;12,724001752237328;12,74833484052133;12,719729064625959
Lateral Fraction(LF);9,2449826180926E-09;1,0264244682358554E-07;3,7187516805042766E-05;9,882567963862628E-05;0,00010075339341409308;3,3676709217193864E-05;1,3705237406898084E-05;4,359807556781151E-06
Lateral Efficiency(LE);4,844743962048609E-09;5,702890659649805E-08;2,286720674019724E-05;6,427792844172503E-05;6,709182428892901E-05;2,2013057809172045E-05;8,885916927330979E-06;2,7596967911912176E-06
Receiver 1;63 Hz.;125 Hz.;250 Hz.;500 Hz.;1000 Hz.; 2000 Hz.;4000 Hz.; 8000 Hz.
Early Decay Time (EDT);0,2858731743791201;0,3012109223516755;0,372360108729236;0,4095971633614627;0,4114648520747647;0,4276311849262279;0,38945512946592337;0,43038549204896775
Reverberation Time (T-10);0,2860027904244901;0,3259301796276196;0,379212296419327;0,426721430856119;0,4524398930085764;0,4428990633170853;0,44744579927680483;0,5161258413421997
Reverberation Time (T-15);0,27075793098223844;0,313601845153922;0,39460626185148595;0,4466915267593207;0,4727084672766496;0,470711884683254;0,4775134784795948;0,5877433578458371
Reverberation Time (T-20);0,27637705652363204;0,32858377968864094;0,42806579845627846;0,48295428729170004;0,5190882240573542;0,4982418836074332;0,5179430298951173;0,6396890241078129
Reverberation Time (T-30);0,2886957906596486;0,3476768329512445;0,4621716148152166;0,5208197018785056;0,5463563527660971;0,5384565609329941;0,5657812998113931;0,7146099332127184
Clarity - 50 ms (C-50);18,942520303563764;17,504877863520353;15,342795177708675;14,234708825420114;13,577043324071411;13,862866097697466;13,509311980504688;12,220465145677487
Definition/Deutlichkeit (D);98,74037078914321;98,25471793063875;97,1607010491423;96,36545142362485;95,79618234692744;96,05337363159713;95,73292637222472;94,34205382002186
Clarity - 80 ms (C-80);24,60541116268204;22,29137813262502;19,22818982166622;17,849965562648908;17,20189248796067;17,187326070099402;16,906105379656747;15,132550123159207
Center Time (TS);3,401287903628891;3,7695605259844567;5,1884526159600775;6,043732260054127;6,5935850161641;6,388378039488971;6,854375227304439;8,92541309410977
Strength(G);15,65321259818107;15,63928184348137;15,742476456622569;15,746083825035612;15,762505758288668;15,752305032441463;15,826054668835589;16,06790705683523
Lateral Fraction(LF);5,5202126798487205E-09;6,853487718048082E-08;2,4590465667254062E-05;6,243462298584431E-05;6,50186944197939E-05;2,0681756990080033E-05;8,37613350503323E-06;2,940157386421454E-06
Lateral Efficiency(LE);2,102089182887791E-09;2,6982560260076337E-08;1,0978049060445135E-05;3,0465519136943537E-05;3,340938881941719E-05;1,0281435624242193E-05;4,316687959223281E-06;1,4627849376019938E-06
Receiver 2;63 Hz.;125 Hz.;250 Hz.;500 Hz.;1000 Hz.; 2000 Hz.;4000 Hz.; 8000 Hz.
Early Decay Time (EDT);NaN;0,45360231885969376;0,5562426149813385;0,7128619234675909;0,7050821259907052;0,8280067467813058;0,4457814483067036;0,4137715789757812
Reverberation Time (T-10);0,2648493895228561;0,2778336687325022;0,36907204239375097;0,4231790569781198;0,44864071090008634;0,45235079181908006;0,44467678387144843;0,5604790480664462
Reverberation Time (T-15);0,28389727491108185;0,3140216549915253;0,40855928850326845;0,46303547210362966;0,5010554269875841;0,4994418944657806;0,5123603595825112;0,6612465522130584
Reverberation Time (T-20);0,28872936447785463;0,33524341470964497;0,43956314312638445;0,5153561135734733;0,5469455799947814;0,5316852231071795;0,5657538397404037;0,7087191648393566
Reverberation Time (T-30);0,29716930813512105;0,35738582378997186;0,48989034180934937;0,5773533037000983;0,6201808630391414;0,5991435094778768;0,6230283477178217;0,7718811946309009
Clarity - 50 ms (C-50);20,518400664031905;19,255749644389727;16,695518041102822;15,783564362646562;15,245167237283663;15,480062506402053;15,173664538685198;12,9172205327902
Definition/Deutlichkeit (D);99,12032419435754;98,82699296508093;97,90467390767536;97,42767463136789;97,09802496201374;97,24660698256325;97,05127157655735;95,13994863427534
Clarity - 80 ms (C-80);26,135433462382395;23,998836739814177;20,592317650746974;19,199135162956615;18,583952063872797;18,733169761414533;18,21303498427721;15,567143104062428
Center Time (TS);2,130381883013834;2,4719894725179117;3,5955950615969754;4,216172499549725;4,530756541956895;4,283326500711323;4,781598272007205;7,4610101852532456
Strength(G);19,494440610398442;19,53683453900357;19,604367018889334;19,618601997410565;19,62163713156575;19,589147026577663;19,666162438711815;19,938790976853127
Lateral Fraction(LF);4,084129974932974E-09;5,16992744581944E-08;1,9920409310498803E-05;5,067847231093272E-05;5,235894947969031E-05;1,513236338796255E-05;6,677486937910568E-06;2,5603731804662957E-06
Lateral Efficiency(LE);1,2298192132796251E-09;1,7176020760576623E-08;7,2471321551729916E-06;1,98243703569034E-05;2,1527449871718405E-05;6,458896508232522E-06;2,7146052324318192E-06;1,1535675545201092E-06
Receiver 3;63 Hz.;125 Hz.;250 Hz.;500 Hz.;1000 Hz.; 2000 Hz.;4000 Hz.; 8000 Hz.
Early Decay Time (EDT);0,26988130843603464;0,2465362980978712;0,27339806842269904;0,28524184278193304;0,30696188289981624;0,28561564289860975;0,34158405957306226;0,4626301903218504
Reverberation Time (T-10);0,25384586705787543;0,28531283902199817;0,3773097575585205;0,43400917022226426;0,4392747102489161;0,4461107069088175;0,46479942601385077;0,6108243078772219
Reverberation Time (T-15);0,2951055973979163;0,3295615694099068;0,4289840966448266;0,4653188800760997;0,5079547838880519;0,5012526263395942;0,5389820805432466;0,6960319739832316
Reverberation Time (T-20);0,2950779886930702;0,34730488201156046;0,46829818992368205;0,520139380320652;0,5777151636436055;0,5622115674102931;0,5943529137891023;0,7476204782001707
Reverberation Time (T-30);0,31400144277860365;0,3762505139069976;0,5249059447968558;0,6164111879833822;0,6762251341117501;0,6917576780210649;0,6758705447934092;0,8125353830758392
Clarity - 50 ms (C-50);18,685934625933672;17,444817971800724;14,921096517626477;14,00052393678082;13,809415746018487;13,996562282210567;13,554986574449565;10,928378966251557
Definition/Deutlichkeit (D);98,66593906624776;98,23175790572468;96,8829651324391;96,17345160733444;96,00750622787476;96,16987176686243;95,77843623598893;92,54005332975493
Clarity - 80 ms (C-80);24,670368921728127;22,445014434631343;18,943985959988076;17,973797872485203;17,32816470587866;17,53057622887437;16,808375141783493;13,813942409029853
Center Time (TS);2,960030896818569;3,514537557573528;5,136102973839889;5,973909206868337;6,319114279651751;5,997963325034554;6,648103264420714;11,226819926805627
Strength(G);19,73256514410921;19,835804297241026;19,947836946924248;19,989272934222612;20,0050403355676;19,943410558713637;20,018272762348722;20,537312554789693
Lateral Fraction(LF);6,847837511724287E-09;9,452004513753567E-08;3,641496133206022E-05;0,00010110746824193961;0,00010127216573554465;2,9276716863486705E-05;1,2090587038803547E-05;5,100670856843971E-06
Lateral Efficiency(LE);2,0510919750367794E-09;3,02160690147468E-08;1,2299016805062694E-05;3,6024727767964713E-05;3,642811900804291E-05;1,0642056790271285E-05;4,582287875947805E-06;2,1980586912225955E-06
Receiver 4;63 Hz.;125 Hz.;250 Hz.;500 Hz.;1000 Hz.; 2000 Hz.;4000 Hz.; 8000 Hz.
Early Decay Time (EDT);0,24134829468209829;0,25390605352673307;0,3366173544479291;0,36876934073844275;0,40058410788680326;0,384202992266563;0,4407624672690032;0,5989682139047423
Reverberation Time (T-10);0,3037914737943981;0,33357672255213794;0,43087800221855344;0,4674594760352352;0,5037335678817743;0,49002236178387415;0,525636514143758;0,7128378409377952
Reverberation Time (T-15);0,2984344665729744;0,34729503187838084;0,4624270198313433;0,5291496771888162;0,5650236170805387;0,5639269985542028;0,5837713135728381;0,7650227942232148
Reverberation Time (T-20);0,3049254559804039;0,35825531331536875;0,5016334366392515;0,5941297343540964;0,6349858290825774;0,6389133721738275;0,6393270452734954;0,7936806263860804
Reverberation Time (T-30);0,32212372621208246;0,39332005377076595;0,5552864973274948;0,6697400070335634;0,7315413803616078;0,7474086569211936;0,7388148357378316;0,8429510708725197
Clarity - 50 ms (C-50);15,461959635904963;14,155185926427333;11,705164129953404;11,139386709045551;10,682110070046708;10,913617282624728;10,314425054428387;7,776851426697654
Definition/Deutlichkeit (D);97,2520859947561;96,33403141222807;93,70051826337176;92,87158083896546;92,14258270043621;92,52261035166494;91,51954743458637;85,8331775374474
Clarity - 80 ms (C-80);21,515736727632024;19,052943584276203;15,680008367918838;14,732701853807901;14,095371042200032;14,408234883959992;13,757749874891523;10,763477253512573
Center Time (TS);5,958937118287485;7,27150231901802;10,503248558354276;11,922475191596046;12,762628337360235;12,195225099070301;13,24842246011379;20,91064330516557
Strength(G);16,412084637574733;16,733465165585724;17,124931394587655;17,255643845982192;17,30428621904445;17,17510126880201;17,22082685717207;18,046310792890075
Lateral Fraction(LF);1,4231238239316224E-08;2,028513127653706E-07;7,714144485488954E-05;0,00021379231283937547;0,0002119868208720762;6,502874981929428E-05;2,6167981335753966E-05;1,0643003727826478E-05
Lateral Efficiency(LE);4,610156976007423E-09;6,984446952271614E-08;2,979575967895019E-05;7,900691338085543E-05;8,315889486570718E-05;2,4160715894564725E-05;1,0713078265712061E-05;4,776979360021408E-06
Receiver 5;63 Hz.;125 Hz.;250 Hz.;500 Hz.;1000 Hz.; 2000 Hz.;4000 Hz.; 8000 Hz.
Early Decay Time (EDT);0,2704221844712088;0,2942584373974108;0,38574448678439544;0,4220384712926238;0,4373744139234334;0,4353760820600784;0,44581678805277447;0,5787917903990206
Reverberation Time (T-10);0,29910705821269934;0,33392906709109943;0,4220210711185144;0,490167035649339;0,495880884873048;0,47987429990397695;0,5035663583844735;0,6858100722944311
Reverberation Time (T-15);0,2838503780340283;0,34283848424226704;0,4448450931642386;0,5257298653509987;0,5338004495843852;0,5401716912440137;0,5516049091239154;0,743350999414816
Reverberation Time (T-20);0,28943455984991645;0,3480758916615422;0,4810124109806246;0,5732806230907785;0,6005836161525292;0,5960915023384726;0,6102330376347178;0,7707237828840899
Reverberation Time (T-30);0,30515947746006905;0,37616924905043075;0,5167187305526438;0,6498556880345693;0,70423278152996;0,6843796510782189;0,7061297493260807;0,8220510336952326
Clarity - 50 ms (C-50);15,169228797590984;13,55646556828738;10,985296665487585;10,235288668090437;9,84177014299436;10,017389273105277;9,643763057147254;7,498191370493162
Definition/Deutlichkeit (D);97,05598069894415;95,79575577930576;92,63505073718696;91,35451168832614;90,61008249176552;90,94659842361182;90,2222745976976;84,95547909967702
Clarity - 80 ms (C-80);21,237271621639337;18,590208450740896;15,200939123715303;13,645146897687887;13,448906469646126;13,640107477673684;13,276087781165632;10,4820810555539
Center Time (TS);7,299997044254377;8,877172719558379;12,79587337299385;14,865833645900157;15,47033689485383;15,120126651690528;15,909753491073442;22,84960894735955
Strength(G);13,214903316986444;13,641224668708425;14,16276812117745;14,330426540917365;14,430814295170265;14,267256987774275;14,428830775330141;14,94338907861993
Lateral Fraction(LF);1,4988388141800812E-08;2,2307122730505074E-07;9,35275853290651E-05;0,0002529763918191691;0,0002500451162032828;7,382764158489922E-05;3,157223122007013E-05;1,1453064103665281E-05
Lateral Efficiency(LE);6,770003664445447E-09;9,350135066828966E-08;4,260919537369389E-05;0,0001146642294383053;0,00012003563897771576;3,7272874454057855E-05;1,5330845705817114E-05;5,515413650564349E-06
Receiver 6;63 Hz.;125 Hz.;250 Hz.;500 Hz.;1000 Hz.; 2000 Hz.;4000 Hz.; 8000 Hz.
Early Decay Time (EDT);0,33118603219351794;0,4240962393992761;0,5369936444429236;0,5346995997305015;0,5245164339942581;0,5076672077773342;0,499122705678579;0,4874647643293416
Reverberation Time (T-10);0,2870954987523969;0,34036057068531617;0,40276404733373933;0,45101069312510456;0,47303235998313226;0,4677668889036625;0,4637512006234096;0,4459426084669337
Reverberation Time (T-15);0,2755664918051898;0,3349001347565997;0,4074596598677981;0,4439198201484214;0,46874931409938125;0,4619562311697735;0,4609444100275387;0,44462451762830035
Reverberation Time (T-20);0,27575974565828704;0,3317073623942929;0,4037778885681993;0,44616862767463916;0,46311794011430574;0,45747943625046467;0,4554153013613356;0,4484146714431542
Reverberation Time (T-30);0,27534242308890167;0,3303123966894884;0,3961299178495634;0,42190647245715573;0,4375250243880157;0,43327415928348123;0,4316245488794037;0,43739021308315745
Clarity - 50 ms (C-50);16,643627695512517;15,118140947938505;12,867207152711636;11,797471991925319;11,319006477142022;11,258294353920352;11,202614742763053;11,456691622409075
Definition/Deutlichkeit (D);97,88002231215825;97,0144634568527;95,08642269064936;93,79914359999982;93,12657817019523;93,03655446811531;92,95303521620394;93,3267559527025
Clarity - 80 ms (C-80);23,60507982004423;20,832158598650988;17,60861862019549;16,142172199306405;15,55068712866968;15,486080603606148;15,415608520898466;15,759159708288045
Center Time (TS);5,467038218343362;6,009996540456039;8,298612133313277;9,764186151473615;10,470375858921187;10,698829631049053;10,897472135416232;10,603292072757375
Strength(G);11,000364470746494;10,892868605219022;11,070908908697817;11,17476949972761;11,214276973265626;11,273492699101709;11,310905815480666;11,299460661308935
Lateral Fraction(LF);1,0545531071082287E-08;1,264350767193119E-07;4,664135478790874E-05;0,00012558975422770937;0,0001290082222056967;4,2138817737922625E-05;1,7297266180822356E-05;5,556735803611725E-06
Lateral Efficiency(LE);6,648179106237164E-09;7,955887494564447E-08;3,165428096878323E-05;8,846319599799176E-05;9,20765787737376E-05;2,9952613548074523E-05;1,2189624382149782E-05;3,8050200572257595E-06
Receiver 7;63 Hz.;125 Hz.;250 Hz.;500 Hz.;1000 Hz.; 2000 Hz.;4000 Hz.; 8000 Hz.
Early Decay Time (EDT);0,38446628922152726;0,46856271369994307;0,4656359728684734;0,5981488155372618;0,6239401345856566;0,5854212730994017;0,5796436198350965;0,5465860572345856
Reverberation Time (T-10);0,31221649699040127;0,37417278338312626;0,43551938217501257;0,4782930680172701;0,5173579862665129;0,5068954940371693;0,5244607230332593;0,5653674724726666
Reverberation Time (T-15);0,2953111137515533;0,3548309933914785;0,42774481803008213;0,48091260891504123;0,5295533637686348;0,5032289073217864;0,5403813790197918;0,6129137123178662
Reverberation Time (T-20);0,291018070544683;0,34934699805330033;0,43622209231364134;0,504131824446497;0,5513649544474919;0,5259687234207581;0,555103064184967;0,6537952075889195
Reverberation Time (T-30);0,29599276135703767;0,35582980349698157;0,45846358933788717;0,5356133878545226;0,5730953198735319;0,5284851329212605;0,5906860566710322;0,7359042320235649
Clarity - 50 ms (C-50);16,591467192080646;15,199207097681429;13,067443203194678;12,061890291945849;11,654615055961877;11,694993050934936;11,305383444783546;10,212286629806044
Definition/Deutlichkeit (D);97,85495647483596;97,06805631976722;95,29741349611757;94,1439676361756;93,60504144371123;93,66047046011136;93,10647226287449;91,30506742630415
Clarity - 80 ms (C-80);22,808044527565517;20,42432050075705;17,424249686108805;15,913922097583647;15,328624645118234;15,34533263283398;14,839413319702409;13,380805312080366
Center Time (TS);4,837302659211135;5,210552886746548;7,324300151530249;8,742657946738317;9,303343445082046;9,237157865395666;10,031762671198631;12,926437841330984
Strength(G);12,985870073188238;12,930824852997546;13,074454346680618;13,103432520495048;13,103157349129908;13,135954680936301;13,222279264482502;13,58414411394181
Lateral Fraction(LF);9,040643775846831E-09;9,727929721206449E-08;3,676122206527992E-05;0,00010117011806971738;9,678434854365053E-05;3,14568887790143E-05;1,3150575366292807E-05;4,772530698598312E-06
Lateral Efficiency(LE);4,22886926966844E-09;5,394840045281568E-08;2,161954817713914E-05;6,303496539534706E-05;6,466451791140856E-05;2,021346912136398E-05;8,367538930780592E-06;2,9276901301791817E-06
Receiver 8;63 Hz.;125 Hz.;250 Hz.;500 Hz.;1000 Hz.; 2000 Hz.;4000 Hz.; 8000 Hz.
Early Decay Time (EDT);0,38865998295694704;0,42282146278308624;0,4701713711824935;0,5438321705154683;0,572266134663876;0,5732286284049128;0,593504612997776;0,6172306660947595
Reverberation Time (T-10);0,320229310748349;0,36345351736123777;0,46462480636872555;0,4944548643904067;0,5314108765151965;0,5426830728891882;0,5604346412768041;0,6551422298244615
Reverberation Time (T-15);0,30127781212783633;0,3558008155367244;0,46439160627057086;0,5225956965227039;0,5604488791437188;0,5559045133401328;0,6011005302472275;0,7079590186756387
Reverberation Time (T-20);0,29836676113219524;0,3640196000985243;0,4896203386681394;0,5496002514176801;0,5835722275268616;0,5795702561454974;0,6143842333969565;0,7414040882710822
Reverberation Time (T-30);0,30833014422398275;0,375729484997614;0,5041618049188257;0,6028184700745074;0,6537115186438294;0,649929157854161;0,6614246216881383;0,7987851863138229
Clarity - 50 ms (C-50);16,054445860044034;14,89729017441334;12,387892600531472;11,493397596079687;10,990166160426531;11,228920760494187;10,90821922224757;8,906366011086487
Definition/Deutlichkeit (D);97,57945151275077;96,86359899807623;94,54435214524769;93,37920113427332;92,6257930211101;92,9926089195142;92,49586887556033;88,60250525297917
Clarity - 80 ms (C-80);22,62474291388539;20,233883406689998;16,761657626430775;15,584381838792114;14,845808369401304;14,85120645077451;14,350700476625084;12,069839906377048
Center Time (TS);4,950347233037694;5,426547428953225;7,8612712971161125;9,34900169794944;10,250484435523937;9,569236756526553;10,59842971679429;16,04996723074932
Strength(G);14,661750155160643;14,687832728136854;14,797507003863004;14,890304119174935;14,900826862673327;14,838579910643034;14,91864607732677;15,573111769830732
Lateral Fraction(LF);9,639009518844196E-09;1,1085060876430823E-07;4,070951104210792E-05;0,00011648204104763808;0,00011462383442169385;3,270327971837818E-05;1,4483557045388403E-05;5,743406934068303E-06
Lateral Efficiency(LE);4,125838702192634E-09;5,440384620515758E-08;2,2320325959818195E-05;6,553382710198805E-05;6,673729843921904E-05;1,9363033669593522E-05;8,164464013257334E-06;3,424678001585848E-06
Receiver 9;63 Hz.;125 Hz.;250 Hz.;500 Hz.;1000 Hz.; 2000 Hz.;4000 Hz.; 8000 Hz.
Early Decay Time (EDT);0,34061814065149304;0,32073453573620847;0,4540129203158777;0,47841757032326454;0,4775576984699318;0,4938026168300883;0,5352615798556337;0,6195718313334014
Reverberation Time (T-10);0,31398664459565795;0,3540637157314786;0,45263521710727656;0,48105941653134127;0,5119649058078084;0,5170969673343796;0,5556137667004465;0,6905880440864879
Reverberation Time (T-15);0,29974148146080604;0,3548287169828334;0,4735605489269396;0,5159546062417483;0,5827014181193543;0,563365502284054;0,6059559811269639;0,7459318609595418
Reverberation Time (T-20);0,30736152598400923;0,36624056277023426;0,5000498241972361;0,5604516794405067;0,6197001542586165;0,612350352461691;0,6314133529160714;0,7807860987393044
Reverberation Time (T-30);0,3240209840430344;0,3945910800118624;0,5448026994233558;0,6472336113341303;0,7197439650897053;0,7255012624983356;0,7168972967750677;0,8391181483297104
Clarity - 50 ms (C-50);14,983670999278797;13,955064440218951;11,469649946716299;10,75374158604941;10,471402238205043;10,714721316900215;10,145932825490862;7,6191180039474045
Definition/Deutlichkeit (D);96,92650408443203;96,14126552446145;93,35056129908128;92,24863727596127;91,76896900522593;92,18430038753598;91,18967645403654;85,27997943048402
Clarity - 80 ms (C-80);21,074135963657596;18,967244360721537;15,47758824720904;14,69532793517648;13,91013227584553;14,221384024180765;13,471545722978293;10,764987903166691
Center Time (TS);6,325059911673664;6,910849237578998;9,973462117450543;11,249636952825893;12,21415422545459;11,411649852501688;12,692394344825956;20,915194189394825
Strength(G);14,999683805190468;15,174370294321186;15,307819800975302;15,417548088791492;15,448786632497828;15,363253830564489;15,377374502565644;16,417148216698294
Lateral Fraction(LF);1,3796665833264558E-08;1,7060945561374504E-07;6,113681258883779E-05;0,00017352118092932132;0,00017671066610482164;4,852776177593437E-05;2,0582546575957848E-05;9,206809573988418E-06
Lateral Efficiency(LE);5,6522788140930106E-09;7,325019102725552E-08;2,940706182685171E-05;8,517377916726805E-05;8,342369503275279E-05;2,4383673524413254E-05;1,0616343373057589E-05;4,9070913225511725E-06
Receiver 10;63 Hz.;125 Hz.;250 Hz.;500 Hz.;1000 Hz.; 2000 Hz.;4000 Hz.; 8000 Hz.
Early Decay Time (EDT);0,3185361710458561;0,3249491279320672;0,4195708861940542;0,4564040135593668;0,4601211427428559;0,4500894948052491;0,49197891598519056;0,6418165437402835
Reverberation Time (T-10);0,3113338880106068;0,348222020411246;0,4528101302558547;0,5008000801258615;0,5388462671842021;0,5342749418248968;0,5549429626471425;0,7286017167610866
Reverberation Time (T-15);0,3045487488691335;0,3603152882830495;0,4907382353096482;0,5655949199244921;0,5985022330640788;0,5970774823375451;0,6070473676984977;0,7696792757096266
Reverberation Time (T-20);0,3103944998873573;0,36844499307495326;0,5225368703159571;0,6085663692092764;0,6521027330090093;0,6585913920781716;0,651140956134398;0,7982264278977843
Reverberation Time (T-30);0,32808945132131734;0,40208525040219906;0,5699434077582265;0,681509100147895;0,7530099786119757;0,7640919699270188;0,7611902922239221;0,8507092836065722
Clarity - 50 ms (C-50);14,104211683174917;13,018051817074436;10,58596945999729;9,95155248190173;9,544450529437553;9,998213190275727;9,243281321953788;6,371844001680783
Definition/Deutlichkeit (D);96,26516314137004;95,25576324827254;91,97398558068195;90,82942111170797;90,01239237312606;90,90993572365709;89,37793886262669;81,35112996813109
Clarity - 80 ms (C-80);19,77177913325969;17,726847600939994;14,356931897111354;13,40889874459462;12,822833394863514;13,104329105664181;12,508812084062384;9,452687042973947
Center Time (TS);8,068100149142564;9,149670983519151;13,14947800649922;14,603727776325861;15,795128770076758;14,773334578714621;16,2919987849509;26,64949801900565
Strength(G);13,799337109618484;14,186181025123368;14,558835155625516;14,688903938849748;14,800628464246287;14,630888836973881;14,687074552727296;15,758739434244092
Lateral Fraction(LF);1,879177151123475E-08;2,4630444124077975E-07;9,2020580015906E-05;0,00023605256415299447;0,0002518643238257195;7,301231309508797E-05;2,9141766955987046E-05;1,2540685639246886E-05
Lateral Efficiency(LE);7,635900654406926E-09;9,863450498687211E-08;4,3102552071265386E-05;0,00011197764312252117;0,00011536219516708869;3,294453966640739E-05;1,4009452910062992E-05;6,698875763864585E-06
Receiver 11;63 Hz.;125 Hz.;250 Hz.;500 Hz.;1000 Hz.; 2000 Hz.;4000 Hz.; 8000 Hz.
Early Decay Time (EDT);0,3267404552175671;0,34543209605570996;0,4162164059638248;0,4551388817287675;0,4707891178281789;0,4518436498505438;0,4668147629070198;0,6017130311851964
Reverberation Time (T-10);0,29762982604309274;0,34209508857602267;0,42280297309875464;0,48405583668836827;0,4966301178601108;0,5079645697324765;0,5250900505931163;0,6951824969586676
Reverberation Time (T-15);0,2903976476159935;0,3567905673127136;0,4497067509353762;0,5302842954398438;0,5447436677421396;0,5565231557961567;0,5610375838424294;0,7442187813654684
Reverberation Time (T-20);0,29509660491078277;0,3610322328818586;0,48502999486505205;0,5805351110396445;0,5947767500411296;0,6071795625918333;0,6077655392537443;0,7728651044584944
Reverberation Time (T-30);0,31141970220551723;0,3852506817853241;0,5206600374500625;0,6531352767503558;0,7034057143749526;0,6981528717051173;0,7088743270519047;0,8242989394353608
Clarity - 50 ms (C-50);14,39565991039274;12,858061595842907;10,352561953038927;9,531987737938056;9,178149432584528;9,549625053435577;9,176140181759202;6,754541631777247
Definition/Deutlichkeit (D);96,50094138463436;95,08683042239257;91,56514498145528;89,98813063467853;89,22265588987457;90,01612664128082;89,22702208834416;82,61424476907656
Clarity - 80 ms (C-80);20,511582864904042;17,814175274024453;14,68834995115784;13,29956341263286;13,022048179530243;13,022921243538088;12,67740809984738;9,944550132715422
Center Time (TS);8,266835524728112;9,715608630788418;14,203673478438835;16,10696189356676;16,960098011862197;16,593835099757467;17,34654566797784;25,631214473828237
Strength(G);11,734529638239959;12,028387196282342;12,696574922981853;12,786811731200459;12,89473304680628;12,702047567911585;12,879713863476738;13,492544092431451
Lateral Fraction(LF);1,7103844130216147E-08;2,4302203961211757E-07;9,824306393808343E-05;0,00025285829966936274;0,0002629524385544077;8,007743101500888E-05;3,382741300456598E-05;1,2086930200370754E-05
Lateral Efficiency(LE);8,611152314022664E-09;1,1643361901333212E-07;5,189619251234544E-05;0,00013981807046339155;0,0001495398485184338;4,296710905493519E-05;1,819637244647077E-05;6,839124186627816E-06
Receiver 12;63 Hz.;125 Hz.;250 Hz.;500 Hz.;1000 Hz.; 2000 Hz.;4000 Hz.; 8000 Hz.
Early Decay Time (EDT);0,3380172344345663;0,44250857048120457;0,4558496275012245;0,4769896187127483;0,5010586183647726;0,4827605211538459;0,4755159587320416;0,45901321415255353
Reverberation Time (T-10);0,26518305888503346;0,3323741163597867;0,4003131657466504;0,4430725791113891;0,4452531230139606;0,4365712974999041;0,4368400913403479;0,423468562754992
Reverberation Time (T-15);0,26742946753394436;0,32203069685032815;0,39886567946918594;0,4482117923659134;0,46354588129974406;0,4571670128465976;0,4554675592540992;0,44978432936835433
Reverberation Time (T-20);0,26641167393754245;0,3242054440254049;0,3953739155856866;0,4308007855173882;0,44081820581749626;0,433884197193117;0,4318994964587806;0,4321320384767905
Reverberation Time (T-30);0,2672384281413813;0,3180993824963625;0,37753736274409827;0,4022184668594696;0,4139837869217816;0,40632061126634406;0,40616602856661954;0,41824699435628093
Clarity - 50 ms (C-50);15,374115134067809;13,694409971432929;11,469251118345651;10,372183210905321;9,9285151386627;9,905967631850954;9,800135332311715;10,09248430573595
Definition/Deutlichkeit (D);97,18052828431362;95,90367638962441;93,34474412141826;91,59294830771995;90,77213877732005;90,72855878540177;90,52152777281204;91,08355860480174
Clarity - 80 ms (C-80);23,13452605715614;20,1147865738877;16,774096498395018;15,175115236928939;14,579246951706523;14,607481705847682;14,508848079328363;14,896681806901908
Center Time (TS);6,702206408629166;7,391832431335423;10,181441901055877;12,049776897999502;12,888167563560563;13,09751566430132;13,407305524222526;12,947118519647582
Strength(G);9,653575043158657;9,422671012940082;9,653191801421407;9,787963448649165;9,825656931148984;9,911201521324543;9,966179349392561;9,937578682991031
Lateral Fraction(LF);1,6023479068450755E-08;1,813590261949252E-07;6,628216613200838E-05;0,0001779731486138343;0,00018200234319695687;5,982120088483185E-05;2,442212832411943E-05;7,718984840492858E-06
Lateral Efficiency(LE);5,654023671195296E-09;8,381776448378978E-08;3,453366842166583E-05;9,904170428210645E-05;0,00010411198892581206;3,336761901148775E-05;1,3558019804110483E-05;4,19137666817447E-06
Receiver 13;63 Hz.;125 Hz.;250 Hz.;500 Hz.;1000 Hz.; 2000 Hz.;4000 Hz.; 8000 Hz.
Early Decay Time (EDT);0,36308461861152724;0,4414719624713166;0,5125175356967655;0,5264111592755754;0,5534776921679119;0,5536555368642296;0,5379638498344205;0,5326944612698961
Reverberation Time (T-10);0,2981121660640632;0,34149415680613415;0,42135992759954244;0,4588633609310808;0,49800428223916166;0,4881201677391147;0,49995946614973075;0,5577445127922034
Reverberation Time (T-15);0,2883593311967229;0,3371811755510703;0,42754678076572966;0,46446818217550884;0,5178469968477039;0,49214804979262466;0,5074595274727294;0,6103663049922718
Reverberation Time (T-20);0,28728281163404945;0,34608290987018847;0,4282039318948801;0,47415151160101937;0,5284487304956504;0,4954806871954237;0,5162892099027002;0,6546150488168171
Reverberation Time (T-30);0,2912278050659073;0,3495914188537978;0,44527407650056905;0,5109520444797293;0,586197398864468;0,5190863919334578;0,5428934447041015;0,7328540911371277
Clarity - 50 ms (C-50);15,164782136737767;14,093816195472206;11,764841290376726;10,738842087874033;10,189608090479885;10,40030522563815;10,034610732666426;8,85585408122075
Definition/Deutlichkeit (D);97,04541289227944;96,2501009685185;93,75529839037627;92,22063911521316;91,26352148251006;91,6426759945957;90,974739472918;88,4845236174227
Clarity - 80 ms (C-80);21,819374863155822;19,450951966643583;16,14702830884424;14,857828208210996;14,081115877941947;14,187735751915296;13,812127951404094;12,22802366688364
Center Time (TS);6,95340522908494;7,401794214306697;10,319224906447173;11,934606440309565;13,187937749743472;12,779922940874673;13,639728788090771;17,56251865744445
Strength(G);10,822883749908044;10,748008350039782;10,882211634504031;11,012957597845457;11,03377668334253;11,034370376227763;11,09082948105192;11,591845130145124
Lateral Fraction(LF);1,4508537049199435E-08;1,6326541838622416E-07;5,9945265718710676E-05;0,00016761043637181623;0,00016854750391686335;5,343949905364281E-05;2,201175740401151E-05;7,615459908789132E-06
Lateral Efficiency(LE);6,585822675580884E-09;9,531022501386838E-08;4,0160044932706476E-05;0,0001138883915687068;0,00012233196628843012;3,759137687301104E-05;1,527415403423583E-05;5,0695821894302294E-06
Receiver 14;63 Hz.;125 Hz.;250 Hz.;500 Hz.;1000 Hz.; 2000 Hz.;4000 Hz.; 8000 Hz.
Early Decay Time (EDT);0,3585303889078599;0,4341178829879466;0,5152364125499546;0,5309134757576663;0,547870900170753;0,5386760473468649;0,5553517614645412;0,6285258472849033
Reverberation Time (T-10);0,3103351409123642;0,36035892077864395;0,45743177357883225;0,4882331918892143;0,530528199095879;0,5285740207180759;0,5626722374526677;0,7169765807288823
Reverberation Time (T-15);0,2944663794984522;0,36544161331512603;0,4832451566934845;0,5447334145121122;0,5739346157013661;0,5585513978344568;0,6163476043563473;0,7565254982499945
Reverberation Time (T-20);0,29898018147664684;0,3697418946988957;0,5057831091521615;0,5597428340054384;0,6083277610883292;0,5895984227322554;0,6439698920420779;0,7938172774954384
Reverberation Time (T-30);0,31392770963006617;0,3827004748948077;0,541021870367348;0,6650696012805847;0,7167431189202816;0,7148034232247515;0,7210450947407977;0,8346025315454437
Clarity - 50 ms (C-50);13,807763806914306;12,5562692326017;10,044871878238924;9,182867475310278;8,827370631876354;8,903911234140656;8,606654123797941;6,565055398561266
Definition/Deutlichkeit (D);96,00499392745209;94,74090970681114;90,99412027110554;89,22981319047175;88,41752690486683;88,59679601841319;87,8868158934737;81,93070691594862
Clarity - 80 ms (C-80);20,235534284831314;17,518635356179775;14,257439165015066;13,173038567374647;12,441148323277542;12,529093199207006;12,038372393043979;9,677119349505434
Center Time (TS);8,465895378010153;9,37508220206621;13,44352800066741;15,67550164053925;16,864610486423466;16,38419003308414;17,59530940213635;26,032462675219993
Strength(G);11,941119019733883;11,938394568676614;12,13986951988771;12,301409201440435;12,358250654320443;12,36358253887677;12,367498487019269;13,311769068865928
Lateral Fraction(LF);1,6884241663747102E-08;1,9694000906038476E-07;7,437866132716152E-05;0,0002152759767938719;0,00020111433824736012;6,226667845262857E-05;2,5646007024756453E-05;1,0136105436585609E-05
Lateral Efficiency(LE);8,198846820006811E-09;1,2130457880481732E-07;4,832255732554059E-05;0,00013943691398859666;0,00013926034660344263;4,066260974390968E-05;1,710383860425956E-05;6,797962872149276E-06
Receiver 15;63 Hz.;125 Hz.;250 Hz.;500 Hz.;1000 Hz.; 2000 Hz.;4000 Hz.; 8000 Hz.
Early Decay Time (EDT);0,3287257805505407;0,3961244167340174;0,48818912828349387;0,5089817664877154;0,4930217196893672;0,5207186233958389;0,5404924255456771;0,6751672366620131
Reverberation Time (T-10);0,28644424512470495;0,35454846921018507;0,4954010094523838;0,5307751852106303;0,578748537778039;0,5662105724374128;0,6227231469541351;0,7674158772786605
Reverberation Time (T-15);0,2970571024353473;0,37140500774437946;0,5268908324934777;0,5951377339716843;0,6606513046962758;0,6298233362265322;0,6823099069615887;0,8082480050653972
Reverberation Time (T-20);0,3136281002739223;0,3926379607167523;0,5575852689262711;0,6382444868143209;0,705480491309884;0,7282015183784376;0,7072774262957824;0,8330424591165285
Reverberation Time (T-30);0,34111100597154687;0,4229658741844035;0,6070858479546148;0,7308460883696823;0,8595097659674747;0,8183606938478273;0,7937009224887583;0,8799280421758836
Clarity - 50 ms (C-50);12,989274651616531;11,634723983429822;9,182053564098423;8,569227656013977;8,474342364339558;8,345946373320995;7,902570652073307;5,451342570588084
Definition/Deutlichkeit (D);95,22059001489178;93,58823662660228;89,22846494314973;87,79477217156561;87,5624867398683;87,2357564991157;86,05714732274336;77,85738434499488
Clarity - 80 ms (C-80);18,938979279679206;16,57846427707777;12,803825816691894;12,273654283864401;11,762374778944922;11,910486121767095;11,238527190859811;8,530132444221803
Center Time (TS);10,370585404491615;11,429580525234224;16,192442036180204;17,972484357445932;19,45589402797278;18,91523934309088;20,775968507017605;31,8654148075637
Strength(G);12,549817925191189;12,552377703543304;12,73692410265054;12,89139398345094;13,062951006395629;12,917190796112756;13,083416758288372;14,525944818144325
Lateral Fraction(LF);2,3648339396776047E-08;2,6870987858529565E-07;9,478724189941058E-05;0,00026434836431516736;0,000270278683257867;8,1120978327897E-05;3,4186700441937024E-05;1,4048223876835702E-05
Lateral Efficiency(LE);1,0713874904842718E-08;1,5011193156016547E-07;5,7990467088700934E-05;0,00015797947548994347;0,0001651611724926513;5,1195301694646886E-05;2,1785832010869027E-05;8,808518944405054E-06
Receiver 16;63 Hz.;125 Hz.;250 Hz.;500 Hz.;1000 Hz.; 2000 Hz.;4000 Hz.; 8000 Hz.
Early Decay Time (EDT);0,3223588420999335;0,3807735755833812;0,4588797542473096;0,5188925419388345;0,5172093502072149;0,5255115486606623;0,5465125446058984;0,7012959396933922
Reverberation Time (T-10);0,29216075513395684;0,36866439123842026;0,4993687782873575;0,5534579762813037;0,613859948246786;0,6298531294438003;0,6267760945129423;0,7903790546780317
Reverberation Time (T-15);0,3081422708489132;0,3810318039332353;0,5376604373661649;0,6159588899911947;0,6544835621709989;0,6970172002213011;0,6895818089701029;0,8226372216413952
Reverberation Time (T-20);0,3235815007109738;0,39148814996675296;0,5668218391144505;0,6699432150568111;0,7333671063082225;0,7594366690985648;0,7411367281623638;0,8505314289853189
Reverberation Time (T-30);0,3449980778187352;0,42847887405139223;0,6094562020970538;0,7417966317354936;0,8694364076132622;0,8234888785446796;0,8371493067229883;0,887916981212697
Clarity - 50 ms (C-50);12,632528598522326;11,009120904566247;8,688804843666595;7,901478292915234;7,58191462606079;7,84483967651204;7,34184260629183;4,905885549485801
Definition/Deutlichkeit (D);94,8390145492279;92,68719122637586;88,09988193624929;86,05975602542371;85,16238027591268;85,8962219658778;84,45057081496;75,64560122999595
Clarity - 80 ms (C-80);18,45072234404126;15,836432270478358;12,638656607850008;11,477238068549433;10,887896803420245;11,126588106371544;10,708016245739536;7,992209406512353
Center Time (TS);11,293675795837782;13,098756500857638;18,479417110790894;20,985101784954498;22,909493722518654;22,050910247697594;23,534531166227872;35,17276813552602
Strength(G);12,092631746406866;12,255574338707635;12,827290502713467;12,94448853240712;13,17803921862275;12,929911904796782;13,033505187797047;14,442440878788737
Lateral Fraction(LF);2,575249927856211E-08;3,2498085761803216E-07;0,00011989958605570784;0,00030476135506773587;0,00034113499334670767;9,438418354799783E-05;4,013912057365893E-05;1,5754908930050585E-05
Lateral Efficiency(LE);1,127730158783092E-08;1,6659628612533345E-07;6,681617116431194E-05;0,0001819087755697574;0,00019487855013341094;5,751388417378638E-05;2,3678666375390228E-05;9,652010403520142E-06
Receiver 17;63 Hz.;125 Hz.;250 Hz.;500 Hz.;1000 Hz.; 2000 Hz.;4000 Hz.; 8000 Hz.
Early Decay Time (EDT);0,31699348010174794;0,3557174657271277;0,4073206917993518;0,43687281292315694;0,4632596720750671;0,4550911719396239;0,481184951076484;0,6045453170213122
Reverberation Time (T-10);0,28337860989296354;0,3593854394528502;0,43024483319987966;0,49076856785956574;0,5282573537909162;0,5413884603698308;0,5489514391904489;0,711034297930332
Reverberation Time (T-15);0,28882533086273854;0,36931125352288025;0,4687150343305863;0,5259828870955829;0,5877163554026075;0,5725263438259985;0,5839968391727207;0,7483684759197177
Reverberation Time (T-20);0,29614566246799984;0,37032029836758606;0,4888407399816811;0,579108639964857;0,6181180969174891;0,6327536756188425;0,6384060022040062;0,7852173619111199
Reverberation Time (T-30);0,3164484844217502;0,3905639326631801;0,5508213259191048;0,6705745599178972;0,7350244128291271;0,7293150061598941;0,7574367732613564;0,8412749807826508
Clarity - 50 ms (C-50);13,064362212252265;11,567258380141665;9,53620347382301;8,750142565460012;8,264160787955694;8,478793790461701;7,993042598638961;5,998300238460047
Definition/Deutlichkeit (D);95,30192217072351;93,48357397387154;89,98709938003023;88,23487108656691;87,02291310928597;87,5719593419376;86,31536158145795;79,94585082234784
Clarity - 80 ms (C-80);19,549883727510846;16,45972297699267;13,766815031236238;12,487072398654213;12,102565069703441;11,898378662571714;11,458595445386539;9,156837437993955
Center Time (TS);10,121641814143608;11,941720415491565;16,802355677372194;18,93061478235275;20,23226998574754;19,81069003681003;21,33453242249099;29,758567993198792
Strength(G);10,454402192685585;10,574451492395074;11,362601942419388;11,558143728517138;11,451634279448385;11,40849543686273;11,561487407110306;12,415909949071178
Lateral Fraction(LF);2,1114006083057978E-08;2,956414534013894E-07;0,00011666615914386479;0,0003005899606306864;0,0003041870111792176;9,132828923761199E-05;3,8984544205903944E-05;1,3752928604831557E-05
Lateral Efficiency(LE);9,114263375673379E-09;1,4399079068726121E-07;6,117204985034114E-05;0,0001648129614871655;0,00017965668110027217;5,1314997613188114E-05;2,182143404193627E-05;8,16866098614206E-06
Receiver 18;63 Hz.;125 Hz.;250 Hz.;500 Hz.;1000 Hz.; 2000 Hz.;4000 Hz.; 8000 Hz.
Early Decay Time (EDT);0,2728559256573386;0,37872259518393153;0,43457598955859217;0,4806171624263261;0,5078497344852532;0,49116682273146967;0,4890271294193427;0,47216985545707696
Reverberation Time (T-10);0,2623325752987427;0,33374189068766924;0,40219832163679653;0,4595058617474267;0,4920504521123743;0,4832293361856144;0,47976443156971044;0,4714811462419017
Reverberation Time (T-15);0,2662132336461901;0,33679577371773795;0,42285941091002194;0,46124970938878995;0,47800712403072565;0,4692589247034157;0,46511931398451795;0,4652738897616953
Reverberation Time (T-20);0,2762237336497432;0,34223315569810475;0,395897203210345;0,42721474593297015;0,4368261274079593;0,43079811869607276;0,4254294433466897;0,4345956625749927
Reverberation Time (T-30);0,2708816061586881;0,31464717766881384;0,36016051477269645;0,38825367791415805;0,38930720797136065;0,38154031024484825;0,3801455240750002;0,4099620001932413
Clarity - 50 ms (C-50);14,807727926224068;12,878883320006553;10,472945675043817;9,343846708201859;8,859507245074738;8,898555297071576;8,773780420293102;9,063562998637128
Definition/Deutlichkeit (D);96,80033815987707;95,09896870907129;91,76988993400866;89,58088830296732;88,49309189393492;88,5843307171242;88,29055752874109;88,96295303482866
Clarity - 80 ms (C-80);21,88317810894472;18,74022448007382;15,378479314999128;13,838838929113287;13,204650914087598;13,283209845826537;13,20867811886722;13,535439129089893
Center Time (TS);7,905355192702061;8,954294601677201;12,508750662572325;14,815574573179589;15,891264684925508;15,979888415466219;16,369743634590026;15,772681649419775
Strength(G);8,393194455893614;8,0826385638066;8,406195619898028;8,575128391422659;8,64240397378687;8,746877539370999;8,800241279380401;8,73416098067397
Lateral Fraction(LF);2,2474933404630143E-08;2,321291789139316E-07;8,424371909993604E-05;0,0002242660069048927;0,00022725857335676467;7,456688381261422E-05;3,070285722627128E-05;9,697586330552104E-06
Lateral Efficiency(LE);5,031529841585229E-09;8,107581641259459E-08;3,440542299829214E-05;0,00010102374652419183;0,00010563648508737287;3,325776090641304E-05;1,3750649612105592E-05;4,1269767135750364E-06
Receiver 19;63 Hz.;125 Hz.;250 Hz.;500 Hz.;1000 Hz.; 2000 Hz.;4000 Hz.; 8000 Hz.
Early Decay Time (EDT);0,29475078559828055;0,3821383699068242;0,43631417651403265;0,4676099983569619;0,47756723357460895;0,4713909580144229;0,4741082542718644;0,5474446277394127
Reverberation Time (T-10);0,2565963536910115;0,3317495863515057;0,4209193886618743;0,48884359963820495;0,5100424386600356;0,5227014843635377;0,5298974821102072;0,627422018361537
Reverberation Time (T-15);0,26319610953841605;0,3480861628802112;0,437218699110312;0,50354513842887;0,520280865723829;0,5018028180923312;0,5131358231953962;0,6702638913381744
Reverberation Time (T-20);0,2831603018908542;0,3502691477597933;0,43425178698820355;0,523927560830769;0,5226555570215164;0,5012894282893842;0,5187581681333259;0,7108136859816211
Reverberation Time (T-30);0,2922384000857474;0,35584884951243206;0,47177538276097797;0,5464093517750797;0,6069538324764239;0,5807362242123452;0,6139321058720398;0,7789885486478922
Clarity - 50 ms (C-50);14,2688890174994;12,74013409124456;10,412420116962757;9,2631782134279;8,937175701159447;9,049200838007831;8,740481873920519;7,254486975656315
Definition/Deutlichkeit (D);96,39291631567517;94,94789981986646;91,66401605912313;89,40624262294017;88,67394976902231;88,93044003018319;88,21105769843555;84,1630124826955
Clarity - 80 ms (C-80);20,716184575919968;17,754008274425786;14,40434004852003;13,222754329886438;12,569202248543881;12,469555353417112;12,139984743364053;10,519879288583835
Center Time (TS);9,18882328695045;10,038956552509802;14,065780546984909;16,63726845385793;17,92653935832756;17,155751955060314;18,427020019754803;23,99895936376597
Strength(G);9,31549509630868;9,08346480754539;9,377512683704524;9,524527917107626;9,673986582148018;9,645299340765746;9,773475405086216;10,257225029426984
Lateral Fraction(LF);2,237872040685498E-08;2,314396477415302E-07;8,72572871563079E-05;0,0002335058139297184;0,00024632253267930105;7,281647857743943E-05;3,1538192698779495E-05;1,0479381155743482E-05
Lateral Efficiency(LE);6,545265649691783E-09;9,890951662476029E-08;4,418769908873392E-05;0,00013028691161943773;0,0001457518523301956;3,678554368366871E-05;1,6619370615806563E-05;5,836261816739349E-06
Receiver 20;63 Hz.;125 Hz.;250 Hz.;500 Hz.;1000 Hz.; 2000 Hz.;4000 Hz.; 8000 Hz.
Early Decay Time (EDT);0,31964926469076754;0,4120399938716034;0,45831952230926815;0,4875152486638746;0,5227443961848482;0,5162106551723303;0,5396786594488878;0,643183063591832
Reverberation Time (T-10);0,2740515966210125;0,33318069823558477;0,4517612430032964;0,5251314320524413;0,5533092130606884;0,5409426206024285;0,5580492663978135;0,7252413608743903
Reverberation Time (T-15);0,28102752742154835;0,3546420533701035;0,4777821055402087;0,5522721608360107;0,5655965977737293;0,5463882381089166;0,5815412885233986;0,764058117195701
Reverberation Time (T-20);0,2961939125684359;0,3650372131560831;0,4954512825381885;0,567021944904447;0,5996048047343486;0,5944509376383218;0,6316428098906823;0,7944336289245032
Reverberation Time (T-30);0,310286092791626;0,3744364657860292;0,5410203087711251;0,6814592778724624;0,7139395501732292;0,7282204795456957;0,7505521812857479;0,8337442917100332
Clarity - 50 ms (C-50);12,703987027997714;11,1555479123261;8,776499327217541;8,006444827412079;7,381022955669508;7,541751454691518;7,291611021147243;5,191669829757589
Definition/Deutlichkeit (D);94,90782502674159;92,88171405076858;88,29702830518427;86,33682608653277;84,5475083460407;85,02486325978757;84,27661704518701;76,77101229007403
Clarity - 80 ms (C-80);19,16171407325902;16,259367594121457;12,892342536155839;11,811569200643653;11,087057461556808;11,251072825753907;10,815615412050425;8,370128233740285
Center Time (TS);11,169674477708984;12,549988099054048;17,85148364959508;20,421265113987005;22,2275626095493;21,36052890443321;22,53738415079806;33,45178885416258
Strength(G);10,175199282225666;9,992843848917673;10,324648509340356;10,511646563999122;10,582868647961625;10,538936511006902;10,682131306641288;11,83197254750219
Lateral Fraction(LF);2,47325509198124E-08;2,670133798397725E-07;0,00010362691041879431;0,000275886731308189;0,00028303468094813483;8,693852370740471E-05;3,4589572257620614E-05;1,3768200736880542E-05
Lateral Efficiency(LE);9,67681486840709E-09;1,5348557684336251E-07;6,524112841621058E-05;0,00018184498339522228;0,0001906099662930195;5,7079025580592996E-05;2,2318368941778545E-05;9,250026626473658E-06
Receiver 21;63 Hz.;125 Hz.;250 Hz.;500 Hz.;1000 Hz.; 2000 Hz.;4000 Hz.; 8000 Hz.
Early Decay Time (EDT);0,3102457417349335;0,3702430731311661;0,4673527735235067;0,4725196669245875;0,5062442742517359;0,5073541048605239;0,5218526588431561;0,6751138189954072
Reverberation Time (T-10);0,28275057114796837;0,34451194479664726;0,4695530905466409;0,5370492524370273;0,5572938650966395;0,5580933794832816;0,6131828898198138;0,7626453991023479
Reverberation Time (T-15);0,28757738769744806;0,35999441047057357;0,5130553319108756;0,6035930777594269;0,618620812783823;0,6282847190979324;0,6505434984950691;0,8010732653655132
Reverberation Time (T-20);0,31030920391380334;0,3826986875904648;0,5394438322690416;0,636112237839914;0,6852990728920267;0,7222677301395372;0,6952371917143271;0,82776059587038
Reverberation Time (T-30);0,32906787577719526;0,41203434717831994;0,5939337333510569;0,727079314095619;0,8468189362343908;0,8130732952312992;0,7994314759131194;0,8700340730240052
Clarity - 50 ms (C-50);12,00794341554716;10,588084382266503;8,003604269527834;7,893091590959687;7,267961334307744;7,313841994017722;7,021957221650032;4,493169052860752
Definition/Deutlichkeit (D);94,08076521686652;91,97345440102971;86,35151670170603;86,02676031188126;84,20703934044974;84,35095921902028;83,43623766700033;73,82433676716232
Clarity - 80 ms (C-80);18,292617840181318;15,780677144820379;12,179596400055342;11,5191079748533;11,081798466379862;11,002706558939172;10,57266205460025;7,571400024744333
Center Time (TS);13,17710882836489;14,49461049507586;20,48567501180628;21,94642637364153;23,890744054953057;23,556042544370875;24,87574657981483;38,188344757843886
Strength(G);10,8838209614375;10,636770687037348;10,961947738596727;11,201128232900288;11,228865041519668;11,142591999244893;11,447408101096087;13,149433107549953
Lateral Fraction(LF);3,229605443829602E-08;3,5145119312211147E-07;0,000126005872029772;0,0003236531792724097;0,000337272879137059;0,0001061839101054893;4,227126740100712E-05;1,750140591473303E-05
Lateral Efficiency(LE);1,1836813424174064E-08;1,841256042446233E-07;7,211077072677499E-05;0,00019736710659859965;0,00021239238396220288;6,346547891157217E-05;2,4876787055189356E-05;1,096483916779623E-05
Receiver 22;63 Hz.;125 Hz.;250 Hz.;500 Hz.;1000 Hz.; 2000 Hz.;4000 Hz.; 8000 Hz.
Early Decay Time (EDT);0,3094315915887793;0,3679411955175026;0,4540091170655697;0,4908049108247748;0,517213393133722;0,5224596366536753;0,5196704870397795;0,6964517110739741
Reverberation Time (T-10);0,28751396989554917;0,35003830551397963;0,48528910438431083;0,5240384286247017;0,6025426540260985;0,5911834012779728;0,6034945727396644;0,7752968572319343
Reverberation Time (T-15);0,29004473401129327;0,36567778821883795;0,5226681583033916;0,5875423445770561;0,6317447685812767;0,6515639644623766;0,6590045364411623;0,8127057699105682
Reverberation Time (T-20);0,313322601092785;0,3818965441702101;0,552960086685987;0,6440850885965008;0,7077867486206101;0,7190043804225043;0,7075657136184154;0,8429642784438773
Reverberation Time (T-30);0,33116665348968743;0,41583095716923857;0,6022887950566068;0,7370315701052781;0,846481758375533;0,8051706298601268;0,8159575450754237;0,8716555152997029
Clarity - 50 ms (C-50);11,931832287866886;10,350697994615839;7,946468430052841;7,389629558598186;6,963237360759261;7,030736841556918;6,796951014053443;4,219892608775325
Definition/Deutlichkeit (D);93,98229735836927;91,56486940992147;86,22512017616816;84,59326686256867;83,25848261893782;83,50781833212572;82,7262327257296;72,56807939125214
Clarity - 80 ms (C-80);18,34869877897931;15,63580981012873;12,108427386125715;11,416156663669284;10,625135308869176;10,670392170922327;10,451904118073013;7,413176186282953
Center Time (TS);13,682060732328983;15,570564209106243;21,9596088827015;23,9773964741903;26,419027680017802;25,987186211580063;26,93924080453001;39,82052173975601
Strength(G);10,712833279682151;10,565664325456243;11,171815651062218;11,528377617285592;11,457834747297746;11,306950863410215;11,713266362197338;13,17242704891369
Lateral Fraction(LF);3,263048217267776E-08;3,8742928638707354E-07;0,0001378779235650272;0,0003577838552811727;0,0003856831899506885;0,00011331129665972066;4,8135609019499286E-05;1,7623212664513024E-05
Lateral Efficiency(LE);1,1634903167108854E-08;1,8736622625656235E-07;7,572633629108859E-05;0,00020980838583259094;0,00022797847762747348;6,770809401381402E-05;2,700607626507634E-05;1,0757954383965295E-05
Receiver 23;63 Hz.;125 Hz.;250 Hz.;500 Hz.;1000 Hz.; 2000 Hz.;4000 Hz.; 8000 Hz.
Early Decay Time (EDT);0,29817079076440595;0,37778890707741447;0,4234640486725362;0,449598464094653;0,47659880325459986;0,49098206747014433;0,48839681271487784;0,639810991631688
Reverberation Time (T-10);0,2778111999899009;0,3390986060396975;0,4451101628453044;0,49482919835228956;0,5386369860670753;0,547789696505668;0,5504096724531654;0,7135403646414451
Reverberation Time (T-15);0,2760357216947829;0,3542345731251477;0,48466122057146543;0,516922986011392;0,5712198486445278;0,5784674201720889;0,6040530772833245;0,7646946532535868
Reverberation Time (T-20);0,2955350423710419;0,36016118115250434;0,5036219343811805;0,559006767418283;0,6155165078888248;0,6256815314282141;0,6475167885215614;0,8116725296513165
Reverberation Time (T-30);0,3101069308229763;0,38454145075677115;0,5638184166178304;0,67919122178684;0,7422765776323161;0,731665282540391;0,7647471368853639;0,8452211464775616
Clarity - 50 ms (C-50);12,560560491430868;10,875645260155915;8,694310863272433;7,825786735547823;7,7649333000956355;7,47498293143519;7,2471155850637645;5,088909601256856
Definition/Deutlichkeit (D);94,74583074333873;92,44364207122628;88,10005164294589;85,83866263316624;85,66747702095303;84,82805628963948;84,15701098116195;76,34638524056592
Clarity - 80 ms (C-80);19,358539483578458;16,02915685094438;13,011379722280905;12,0398931783651;11,689941095807416;11,231118951366133;11,024916408604959;8,37739593810632
Center Time (TS);11,966355471885569;14,131515484785654;20,131022468415917;23,032135551432756;23,117370366005726;23,79858397610723;25,171926915071978;34,86136151750517
Strength(G);9,361535520779348;9,269244407741208;10,048862987624545;10,41881903531884;10,371026013341393;10,282216373467527;10,387026747190092;11,352980043886312
Lateral Fraction(LF);2,746254997948477E-08;3,327175829931209E-07;0,000131595501277507;0,0003589699051609791;0,00033723064367598203;9,879347732487864E-05;4,4151109637091924E-05;1,5208010196773648E-05
Lateral Efficiency(LE);8,681256750289718E-09;1,3560796936606495E-07;6,438469563290242E-05;0,00018891353768912223;0,0001670299662891256;5,4493681624104295E-05;2,2876611410001044E-05;8,573877581573182E-06
Receiver 24;63 Hz.;125 Hz.;250 Hz.;500 Hz.;1000 Hz.; 2000 Hz.;4000 Hz.; 8000 Hz.
Early Decay Time (EDT);0,2402813650446619;0,32420743728652823;0,4703835044411025;0,523562711018124;0,5542726883665616;0,5335335548903853;0,5302787076859162;0,5070280947973572
Reverberation Time (T-10);0,278351233485602;0,36046402776022585;0,4332408083866877;0,4997065948167442;0,522652052713941;0,5141801551230137;0,5106064198817689;0,5040862044363008
Reverberation Time (T-15);0,2678893225622243;0,35324052715794013;0,43365628790204713;0,44672971768557795;0,45141079368919057;0,4461699305021574;0,4422729213502248;0,4510938080523387
Reverberation Time (T-20);0,28265151818199585;0,34915810196508146;0,39332724063975727;0,42343026168104525;0,43660381679024757;0,4324106808828221;0,42966139301714446;0,4350219706352864
Reverberation Time (T-30);0,2744389439291601;0,3165779356906898;0,35071363223476726;0,3664245309081637;0,3722801271181873;0,3661678475585649;0,3665209844697866;0,4049896858328638
Clarity - 50 ms (C-50);14,610674787871943;12,326940647736214;9,837727027815449;8,635533308692862;8,127986092982184;8,171383107447793;8,087925733432362;8,426118126494712
Definition/Deutlichkeit (D);96,6567808328095;94,4715068265772;90,59553506428016;87,95742948609573;86,66361321368865;86,77868231774035;86,55664033995386;87,43725100914602
Clarity - 80 ms (C-80);21,324331122991364;17,910129002185634;14,390830838066886;12,806564198911879;12,13059956028644;12,268881782542952;12,251189064685665;12,57490789551257
Center Time (TS);8,659822563150911;9,8856667895917;14,000510925733481;16,652557829566888;17,915797005204293;18,04777557209232;18,382223398863818;17,70131926105253
Strength(G);7,25712712167179;6,825295496980388;7,17796004411548;7,3597678875287755;7,447646052234674;7,581883198887098;7,641774339965011;7,598038747380478
Lateral Fraction(LF);3,059101657841366E-08;2,8632515628249274E-07;9,981845886831558E-05;0,00025820074293248196;0,0002602463373613652;8,726716353721433E-05;3,592083388099169E-05;1,1443909509917734E-05
Lateral Efficiency(LE);4,2951922370006745E-09;6,877245278199812E-08;3,0291109669905737E-05;8,96949623740689E-05;9,450746425184997E-05;3,0562309780355654E-05;1,244101703486436E-05;3,743159859613528E-06
Receiver 25;63 Hz.;125 Hz.;250 Hz.;500 Hz.;1000 Hz.; 2000 Hz.;4000 Hz.; 8000 Hz.
Early Decay Time (EDT);0,2658028540498505;0,3465509312708756;0,46569319187820973;0,5140997367290719;0,5163744177765076;0,5308365189658923;0,5204921866710851;0,5553797444052915
Reverberation Time (T-10);0,28980875219462227;0,35958841794922686;0,42466802668578374;0,4883024134338654;0,48882655534084973;0,5342932282919728;0,5156041713106024;0,6300751824410299
Reverberation Time (T-15);0,26441020080359756;0,3459542054061739;0,42830006973784995;0,49912532361820644;0,5012162248003224;0,5278241392300681;0,5241463467445429;0,6833372084559006
Reverberation Time (T-20);0,2827526485000184;0,3438332617255543;0,43893843401232296;0,5098703094017687;0,5220039517453943;0,5468516162776057;0,5483204165550217;0,7254941101955295
Reverberation Time (T-30);0,29288370979517203;0,3559645475608921;0,4685690027514405;0,5470128331863998;0,6132626540442531;0,6121069093372756;0,6787430714810747;0,7890145554664347
Clarity - 50 ms (C-50);12,75019722594551;10,8094593139505;8,430581356920984;7,258870812280193;7,049180842582729;6,955343706099596;6,963936955579369;5,767785763962609
Definition/Deutlichkeit (D);94,95900316950886;92,33649485884837;87,4485354248885;84,176462229836;83,5226875795948;83,22317065083755;83,25077908086753;79,05231570458473
Clarity - 80 ms (C-80);20,310868026859566;17,367088745134506;13,856467306146223;12,16751067421763;11,961966236462976;11,746541030938724;11,847495668952314;9,76956318917819
Center Time (TS);10,830209699200376;12,033422043097547;16,851627263344444;20,322672002586703;21,27601226236402;21,270800450905003;21,72171369917153;28,417560479677025
Strength(G);8,167353815826178;7,829884253201797;8,239546238099877;8,50903453713677;8,625450562334649;8,587793142572906;8,750751395213669;9,364758661754522
Lateral Fraction(LF);3,149017241300447E-08;3,231087034565631E-07;0,00011602134650127152;0,00031574542107261415;0,0003294852940211449;0,00010032501605306926;4,153374457508049E-05;1,3713548970656272E-05
Lateral Efficiency(LE);6,237424732729835E-09;9,911391520765003E-08;4,404707075439588E-05;0,00014072256849492624;0,00015611283420620135;4,204014725829894E-05;1,6908571572607744E-05;6,2550656745775226E-06
Receiver 26;63 Hz.;125 Hz.;250 Hz.;500 Hz.;1000 Hz.; 2000 Hz.;4000 Hz.; 8000 Hz.
Early Decay Time (EDT);0,28890633138931276;0,3724956634039183;0,46598514754647435;0,4989902942283373;0,5204213184303134;0,5186793649573818;0,5317862673603336;0,6670891081452729
Reverberation Time (T-10);0,3049597934991732;0,36263023937989336;0,46233080541716864;0,536971424453344;0,5536735970198573;0,5475577410015143;0,5550681420451519;0,7428132286527654
Reverberation Time (T-15);0,28762450787673344;0,36808505722354645;0,4800477073229317;0,5757375344386512;0,5965452400313094;0,5754650417034767;0,6033566448421168;0,7784439043236402
Reverberation Time (T-20);0,29998001145094116;0,37681862184684084;0,5073948122710901;0,600799248511886;0,6427954880974327;0,6196773789916947;0,6754320295810312;0,803736788474784
Reverberation Time (T-30);0,3124775248735681;0,3809935823184959;0,5460203384500898;0,6815263985744664;0,7272620733358753;0,7440387698766654;0,7687699467921602;0,8387423010491161
Clarity - 50 ms (C-50);11,480399591818317;9,61089775283159;7,249295660621785;6,375986675523277;5,975139430214755;5,962498051093714;5,7367581420255185;3,953074993988185
Definition/Deutlichkeit (D);93,36067363532638;90,14100552890305;84,14707336581222;81,27722564604505;79,83199132763168;79,78508546782165;78,93376195177999;71,304705271841
Clarity - 80 ms (C-80);18,524079662568674;15,453780071879244;12,161354185935561;10,709534516592418;10,285347886213497;10,324953935118925;10,120514206886767;7,544467499993579
Center Time (TS);13,430910145125988;15,452689953381078;21,88356488017747;25,299505226208524;27,234048318583504;26,579153678386295;27,876239977347176;39,25199992339287
Strength(G);9,010612246328055;8,720005068893428;9,37621713714082;9,6207917461495;9,74383436044355;9,69950789318137;9,86996185919481;11,116468959578938
Lateral Fraction(LF);3,375030078385498E-08;3,846551208162314E-07;0,00014177489915453127;0,0003812676755555992;0,0003936807432731105;0,00012028996823856658;4,7976269436009564E-05;1,7290482869855898E-05
Lateral Efficiency(LE);9,99016724958646E-09;1,6275347703680658E-07;7,047498701418828E-05;0,00020693173871025116;0,0002167767009984314;6,263206412528189E-05;2,5168565529353907E-05;1,0357397092138845E-05
Receiver 27;63 Hz.;125 Hz.;250 Hz.;500 Hz.;1000 Hz.; 2000 Hz.;4000 Hz.; 8000 Hz.
Early Decay Time (EDT);0,29271719532660606;0,38503707727239417;0,48662690177107504;0,5100860897060524;0,5371057682562275;0,5361520250841062;0,5715321196030485;0,7261200347304044
Reverberation Time (T-10);0,30982855755506566;0,37984900562235785;0,4947357006981107;0,5863630259499647;0,6112983360578373;0,5957952145339108;0,6405162379559919;0,7897027284532057
Reverberation Time (T-15);0,30229413160223734;0,3819286125326634;0,5298700236851991;0,6307985488667935;0,6622217237652956;0,6710518153514755;0,6803998518614814;0,8207461587904081
Reverberation Time (T-20);0,3188687963745468;0,4012728971868977;0,5531825785601723;0,6628768570247219;0,7389303008096931;0,7606009339125644;0,7363885948253567;0,8444657112939689
Reverberation Time (T-30);0,336639756758573;0,4197651212196913;0,6101318459986219;0,7528240005263593;0,8602631324487082;0,8318064000298449;0,8202478593944396;0,8751935692160191
Clarity - 50 ms (C-50);10,64403516595484;8,780414010870839;6,382148461869585;5,853932981011791;5,42153894578238;5,5671625132893645;4,971485549998529;3,048909527402675
Definition/Deutlichkeit (D);92,06723549713267;88,33096204608606;81,33375561888101;79,42378031840983;77,7101156410401;78,28196940101454;75,86403864123035;66,89517392821257
Clarity - 80 ms (C-80);17,494163860019793;14,612168918066555;11,20490099920483;10,180747205061117;9,611303852705293;9,813364145903359;9,069516353209936;6,481392108808376
Center Time (TS);15,728965099317506;18,08547715449534;25,703197422756094;28,742531061631833;31,055517805454446;30,083433600154898;32,464283046661315;46,023271085511105
Strength(G);9,876824494012581;9,507814880887626;10,222928499783947;10,424158882100265;10,603846383564566;10,551398052274735;10,764680970993233;12,633411381201313
Lateral Fraction(LF);4,2437500637430554E-08;4,836580356151092E-07;0,00017690871109944024;0,00045961008913985603;0,00048212383808138976;0,00014904102661635412;5,8679067370737554E-05;2,254402256314373E-05
Lateral Efficiency(LE);1,3425908113809244E-08;2,2042217191250997E-07;9,16909304665898E-05;0,00025863913002693883;0,0002822166835677425;8,015034978116011E-05;3,283456061199626E-05;1,3789295968697094E-05
Receiver 28;63 Hz.;125 Hz.;250 Hz.;500 Hz.;1000 Hz.; 2000 Hz.;4000 Hz.; 8000 Hz.
Early Decay Time (EDT);0,2944051447432177;0,3690882623509578;0,46560510199346006;0,5110818155260493;0,54846673151903;0,5337741191588793;0,5638815234586664;0,7421419123185188
Reverberation Time (T-10);0,307883477428271;0,36837676431235605;0,5273924027848534;0,5834109136420138;0,6518848047042772;0,6401292358202476;0,6760402529090503;0,798262822830233
Reverberation Time (T-15);0,3092464003718628;0,3852061558690825;0,5561393781685422;0,627270750337802;0,6780876839096768;0,6930530170098881;0,710177522233891;0,831394523147262
Reverberation Time (T-20);0,3229155560820211;0,4012685801774512;0,5786422610931622;0,6748463821421775;0,7545244895973493;0,748363429700627;0,7538780549667282;0,8550495635260958
Reverberation Time (T-30);0,34264263803031125;0,4313607061530581;0,6211893579565344;0,7633194116845561;0,8685507388784725;0,8297114803431035;0,8432091511874892;0,8753043983618723
Clarity - 50 ms (C-50);10,86584889702793;9,11233480262085;6,748562733126251;5,868459532557836;5,665279955157905;5,560707483960451;5,184571067413671;2,939989385198084
Definition/Deutlichkeit (D);92,44121762064216;89,1111985033646;82,65594215083492;79,4841069550337;78,71013661616074;78,35379603727011;76,7468874509049;66,30593213474398
Clarity - 80 ms (C-80);17,385184873158963;14,614918992639605;10,918472533569417;9,996122213993122;9,20281797587418;9,431009137937378;8,990247287878644;6,311631542427042
Center Time (TS);15,848760635538289;18,769282781350494;27,01114306571583;30,18710629864122;32,15024891836012;32,298982303679175;33,791566302750056;47,50328224307925
Strength(G);9,848044604932099;9,728440299896622;10,523374859265928;10,871685123174231;10,950960722932301;10,878348552534987;11,108055576639117;12,835838993350016
Lateral Fraction(LF);4,1762089104477126E-08;4,9356451318956E-07;0,00018356987254948245;0,00047820154169665486;0,00048615143323323335;0,0001491109130788973;6,12839419338825E-05;2,176745744834441E-05
Lateral Efficiency(LE);1,2389393793129571E-08;1,9938481960501632E-07;8,604406331399693E-05;0,0002344368274065262;0,000246702043065731;7,519225263236558E-05;3,172952501299835E-05;1,231393969371863E-05
Receiver 29;63 Hz.;125 Hz.;250 Hz.;500 Hz.;1000 Hz.; 2000 Hz.;4000 Hz.; 8000 Hz.
Early Decay Time (EDT);0,28523601814955246;0,37063592647068594;0,42418744892185695;0,4726922479062195;0,5151843951929288;0,505217540701754;0,5100042953820804;0,6813120992288796
Reverberation Time (T-10);0,29157499625187244;0,3442673208797414;0,47380658547443893;0,5415193213309873;0,5975351843398987;0,5688256085149308;0,6046813094824779;0,7533667605981488
Reverberation Time (T-15);0,2884586147268976;0,37030802916077976;0,5076687283779285;0,5601634407185963;0,6063755533270675;0,616630685547661;0,6439875907575716;0,7965699753058156
Reverberation Time (T-20);0,3048847187581973;0,37672896658331534;0,5306087189429209;0,6163674260319982;0,6544488495396987;0,6435071398378411;0,6957014304340452;0,8281936496327721
Reverberation Time (T-30);0,32243360259738707;0,39922090510810765;0,5760523860425039;0,7161425403068892;0,7703034153316901;0,736222648220776;0,7786821478236536;0,8538079837588505
Clarity - 50 ms (C-50);12,026735810031216;10,080906265619225;7,875689556026016;6,896756728824047;6,4772556520078775;6,341177485463016;6,171609730414552;4,218272827304114
Definition/Deutlichkeit (D);94,09918139504857;91,06188366208133;85,97776626087607;83,03578769641086;81,62947948107625;81,15908083074032;80,55054233706711;72,53771875221379
Clarity - 80 ms (C-80);18,6176340691868;15,326405478280007;11,993483571945143;10,823159383796146;9,997862129642286;10,350796250089555;10,013263944545736;7,440651398643859
Center Time (TS);13,266341571241979;16,598629791827094;23,311502301290677;26,818694402285978;28,234118503771963;28,297506189920252;29,417385403079287;39,82938178623443
Strength(G);8,51849481717122;8,456290552610586;9,389153520908188;9,732574373292103;9,722584922835587;9,694258392161856;9,852342025319857;11,049407400594191
Lateral Fraction(LF);3,4188495771758304E-08;4,108169800785267E-07;0,00016539760388704163;0,00041715259174272693;0,0004218864376814053;0,00012828389333597627;5,225899199760799E-05;1,790483894619916E-05
Lateral Efficiency(LE);9,33382524573701E-09;1,6348145980493028E-07;6,830433904978215E-05;0,00018658741218830863;0,00019856913366814678;6,140580583802344E-05;2,4972803737257092E-05;9,16183619638137E-06
Receiver 30;63 Hz.;125 Hz.;250 Hz.;500 Hz.;1000 Hz.; 2000 Hz.;4000 Hz.; 8000 Hz.
Early Decay Time (EDT);0,21017102860090103;0,3019533742535789;0,42066277559532006;0,4905200928725585;0,5115268789128066;0,49925725256962816;0,49223516943789253;0,4775041967763252
Reverberation Time (T-10);0,2966133218796701;0,37141138975794347;0,4199320979250325;0,4727661359920918;0,49419273189881996;0,4863586786516656;0,48793988010582434;0,4794347361468367
Reverberation Time (T-15);0,2727642116329964;0,34261471856225206;0,40701621990322634;0,42286361783259213;0,4426001705962396;0,43549871757488107;0,4377969891898889;0,43703556973064683
Reverberation Time (T-20);0,2751373505607273;0,3298094845243003;0,3853436653244129;0,4222071028906299;0,43497620912470325;0,4301693473215514;0,43271496445905094;0,4341508427677874
Reverberation Time (T-30);0,2688763535218018;0,31842167326055243;0,36648656825762616;0,3914796318472581;0,3884639360219571;0,39324654436972795;0,3868502256732466;0,40657990054588405
Clarity - 50 ms (C-50);13,831103761510217;11,479659669863873;9,112875130382815;7,970773664763535;7,526034879736572;7,570049421739817;7,591847483095978;7,906201965933095
Definition/Deutlichkeit (D);96,02555536579932;93,35961749486732;89,07394966475863;86,23964622074062;84,97872718088747;85,10763767626514;85,17114154357805;86,06225472075919
Clarity - 80 ms (C-80);20,986627024912174;17,445345218061973;14,10225924314737;12,530303281276186;11,903697666798836;12,03864651451558;12,02140542168012;12,379796079136272
Center Time (TS);9,942367241032098;11,718500538306387;16,122093950892477;18,903508527336278;20,21753878441986;20,248899351201697;20,39943547770001;19,68044436273813
Strength(G);6,853128792275207;6,345870698907678;6,823790974182728;7,078183664088222;7,185429621907176;7,338653950113908;7,414614699850176;7,343634637118228
Lateral Fraction(LF);2,7009346101952477E-08;2,9294316333553163E-07;0,00010295680062912305;0,00026883624242251424;0,00027272747567674534;8,90436123381356E-05;3,629228140260685E-05;1,144641068877045E-05
Lateral Efficiency(LE);3,4620476098178664E-09;5,814474183081545E-08;2,5667106137858515E-05;7,453798056926116E-05;7,840045320085935E-05;2,52667973138624E-05;1,0020494942824635E-05;3,0358927186414937E-06
Receiver 31;63 Hz.;125 Hz.;250 Hz.;500 Hz.;1000 Hz.; 2000 Hz.;4000 Hz.; 8000 Hz.
Early Decay Time (EDT);0,26779164630105184;0,34926105463900137;0,4809374978326672;0,5227912313079646;0,527435179866648;0,5230143559955478;0,5101151822276707;0,5928633940912785
Reverberation Time (T-10);0,3257636501536891;0,35018007435034254;0,4376261832844858;0,4705943685980065;0,4869304330066651;0,49807438354337663;0,49467373456559177;0,641013396913669
Reverberation Time (T-15);0,28048915695922366;0,3500960677305859;0,43972193449293584;0,5071356066850536;0,5379305508074272;0,5125044478569543;0,5313597165911308;0,6929025548176472
Reverberation Time (T-20);0,2865550701480582;0,3493105410390024;0,45556614725130423;0,5202907397249436;0,5718134016516859;0,5463838925765516;0,5694147197423072;0,7513288802331681
Reverberation Time (T-30);0,2974550219329252;0,3618851484283696;0,493782141235785;0,6292558461300328;0,674258232675553;0,6424650892853602;0,6631409822871402;0,8143863577302428
Clarity - 50 ms (C-50);11,835691851156211;10,020962758690132;7,414284332932581;6,285324866992642;6,000322773103216;6,008869076743633;5,999318800178165;4,831792832729928
Definition/Deutlichkeit (D);93,85013321676033;90,948903568634;84,64730260336427;80,95747736858638;79,92519160702243;79,9567469778154;79,92148221419568;75,2606329902653
Clarity - 80 ms (C-80);19,385319164911266;16,384566863775273;12,869542184464189;11,38080552397589;11,003537298735937;11,04647676647194;10,981995690993358;8,902113012765724
Center Time (TS);11,838531237916268;13,94643105722292;19,61817424570229;23,5960967753807;24,74267697863883;24,37014987647305;25,020589188796848;32,01609490136823
Strength(G);7,26485117129668;7,012592796388759;7,555023298864043;7,856613177760316;8,017399754772654;8,059151292899472;8,221518780405177;8,707718805729016
Lateral Fraction(LF);2,7219173067713246E-08;2,760894577347581E-07;9,705042056377617E-05;0,0002579614580218272;0,00025484885111752684;8,399980034707536E-05;3,445878631282211E-05;1,0919280612926631E-05
Lateral Efficiency(LE);4,916311999138943E-09;7,849336753424971E-08;3,342306827629382E-05;0,0001059664829208261;0,00010247739524062356;3,2050906471683204E-05;1,2805042809103283E-05;4,4429604110490205E-06
Receiver 32;63 Hz.;125 Hz.;250 Hz.;500 Hz.;1000 Hz.; 2000 Hz.;4000 Hz.; 8000 Hz.
Early Decay Time (EDT);0,280965746871201;0,3753762129451382;0,472478789542719;0,5172995160854877;0,539807932530504;0,5480001190436415;0,5457697916168124;0,693738419813574
Reverberation Time (T-10);0,30816269489835924;0,3784980183316622;0,46898641624536336;0,5377899053995393;0,5740867737495912;0,5584915085293128;0,5897091772175111;0,7710244999978635
Reverberation Time (T-15);0,2953413583730186;0,37477017785567857;0,48927284093515633;0,5938411590820378;0,6191660017889111;0,6202918698254654;0,6470941181719;0,8022697142672651
Reverberation Time (T-20);0,3027713660519992;0,38500029188083;0,5119737084156695;0,6190689260991008;0,6655817035165025;0,6700799224155829;0,7108808403807394;0,8275375744875223
Reverberation Time (T-30);0,318126073879217;0,3844610185023624;0,5568431163211238;0,7036029518200492;0,7597101456865406;0,7619176226739313;0,7864359061229766;0,8542247455091646
Clarity - 50 ms (C-50);10,777406477796333;8,86409115329561;6,404423115165479;5,428792567716512;5,126785930599996;5,069140158205261;4,980545542316189;3,1494918947207524
Definition/Deutlichkeit (D);92,28410585489442;88,50383532899934;81,37666079550588;77,73043071556542;76,50351920418478;76,26408207547699;75,89283155801657;67,37504715256468
Clarity - 80 ms (C-80);18,013108350030066;14,765030528365052;11,261638989504807;10,029150135804306;9,614666986972008;9,561298572883445;9,537971834870714;6,90199151325571
Center Time (TS);14,630026187094222;17,428265356715155;24,747235018890347;28,957090513660184;30,717787008669838;30,26525286125537;31,436132473583775;43,54937503909492
Strength(G);8,188268535737471;7,9826922716755995;8,697942530344854;9,098500225188538;9,277938030069059;9,16725143216258;9,413063195403822;10,696817250166823
Lateral Fraction(LF);3,3416879492064705E-08;3,5572144173280817E-07;0,00012667380813662882;0,0003447459528850409;0,0003679165317568945;0,00010651486108093896;4,3863296560689814E-05;1,5005642416186326E-05
Lateral Efficiency(LE);8,314890623429979E-09;1,251914213789629E-07;5,2522302135238245E-05;0,00015558523882176027;0,00017066549662198238;4,835383446700047E-05;1,972851740608275E-05;8,102180732627335E-06
Receiver 33;63 Hz.;125 Hz.;250 Hz.;500 Hz.;1000 Hz.; 2000 Hz.;4000 Hz.; 8000 Hz.
Early Decay Time (EDT);0,29753004038991815;0,38808876693952155;0,4900501018302589;0,5404715038211542;0,5549408011442433;0,554287577340914;0,5724929100166937;0,7546371292473184
Reverberation Time (T-10);0,3097112877609905;0,3793991853098458;0,5223939903332847;0,631513725166309;0,660118771835858;0,6485099138628819;0,6767767961348822;0,8284341424345483
Reverberation Time (T-15);0,31535998073892274;0,3937103843663267;0,5542137423289523;0,6614014652874137;0,7021798811630323;0,7110241225030864;0,7206277296810001;0,8477700790987726
Reverberation Time (T-20);0,32358101275764156;0,41346555829484827;0,5775687741590712;0,6936682937832902;0,7652443824103063;0,7800652054542746;0,770725955594673;0,8624188682785386
Reverberation Time (T-30);0,34450938609076615;0,42988744340036433;0,618044795155627;0,7713273224538771;0,8597511459197212;0,8431959965144643;0,8381343931073184;0,8806457186234385
Clarity - 50 ms (C-50);9,848213168708645;7,771546818298781;5,470043176304781;4,561886525373843;4,443345138987081;4,373386809758248;3,9197267111318963;2,136506970619741
Definition/Deutlichkeit (D);90,62881291195784;85,7028131049332;77,89441540088838;74,08542352871564;73,55795083795591;73,28485592091262;71,21472196121063;62,05654381850165
Clarity - 80 ms (C-80);16,86129931762466;13,774965317190288;10,21979616579101;8,90876844114889;8,651360136165687;8,744966075353899;8,304661979808248;5,821468906437572
Center Time (TS);17,64046204718028;21,553338446994776;30,367184444592944;35,31010980025641;36,88052401286672;36,34130536944602;38,65438085365588;51,98177363933786
Strength(G);9,664340580032857;9,50232893795038;10,586227432442854;10,860120103884597;11,269232233110912;11,041484188852877;11,4057573721972;13,298406287653805
Lateral Fraction(LF);4,795425495166841E-08;6,011997225390988E-07;0,00021259528415557433;0,0005598976206609475;0,0005603130278412283;0,00017774196968379092;7,246484222960812E-05;2,5217250901919584E-05
Lateral Efficiency(LE);1,4983304297599613E-08;2,3305007281966995E-07;9,85952973528287E-05;0,0002740924632710312;0,0002813786264462763;8,328012185412571E-05;3,701131276348593E-05;1,4818107523431242E-05
Receiver 34;63 Hz.;125 Hz.;250 Hz.;500 Hz.;1000 Hz.; 2000 Hz.;4000 Hz.; 8000 Hz.
Early Decay Time (EDT);0,30426052529805653;0,3857708598540186;0,48413298683559336;0,5260907710322571;0,5676322244162261;0,5722967024511642;0,6038612546470464;0,7772471112014778
Reverberation Time (T-10);0,31209685549497107;0,38009979404091254;0,546607755515624;0,6169756335714183;0,6571415735344467;0,6756670698825096;0,712160029210034;0,8344540259855964
Reverberation Time (T-15);0,32117830699304883;0,3934377380589351;0,57387635739022;0,6677927849618099;0,7133019054512343;0,7173015107282573;0,7349693627268694;0,8513760376789213
Reverberation Time (T-20);0,327585088657563;0,4135419501946397;0,5907899244368663;0,7120367655925799;0,7896289411671824;0,7662205376577249;0,7818382814219469;0,864506452824981
Reverberation Time (T-30);0,35068943646187734;0,4368657824131672;0,6236986770683655;0,7702530539407133;0,8722714658659716;0,8443127067514177;0,8425654747694911;0,8795914513167826
Clarity - 50 ms (C-50);10,077892224655095;7,966187032225289;5,793054005394712;4,9080986326208444;4,525938440003182;4,463818315759908;4,151419213863966;2,113749413533493
Definition/Deutlichkeit (D);91,06003750837073;86,22710867842632;79,16168718507784;75,58631614580784;73,926190725381;73,71966938769687;72,29665126008162;61,96761088350606
Clarity - 80 ms (C-80);16,511801291925355;13,348703194512868;9,927747927329325;8,9513844941012;8,326205670770122;8,29699428906266;7,860291350134796;5,468501387024065
Center Time (TS);17,86742517184999;22,518309129806823;31,560603944957148;35,92890048048726;37,96894413682383;38,08678939020057;40,0470417893434;53,23882613154984
Strength(G);9,735654346019675;9,79286675148191;11,125750112655595;11,562552320973403;11,834973741897173;11,676416658733629;11,906121228089802;13,839355751666965
Lateral Fraction(LF);4,637041217055874E-08;5,994656284569532E-07;0,0002122628595871261;0,0005724302030320284;0,0005620835215312776;0,0001729613084954377;7,200234860421821E-05;2,4137476882645236E-05
Lateral Efficiency(LE);1,4441649326645417E-08;2,3368628547758052E-07;9,965857025823145E-05;0,00026092277107640067;0,00026796913306342384;8,371288430511255E-05;3,565292146070767E-05;1,3618363324556656E-05
Receiver 35;63 Hz.;125 Hz.;250 Hz.;500 Hz.;1000 Hz.; 2000 Hz.;4000 Hz.; 8000 Hz.
Early Decay Time (EDT);0,2873869021967814;0,3770326146730942;0,4408051429489336;0,47129022674740917;0,527588574357397;0,5359564753916689;0,5641913399373256;0,7263145011674148
Reverberation Time (T-10);0,31041916116072754;0,3656200687348395;0,48038183748246993;0,5478325371555257;0,6052243609905933;0,6285623770839459;0,6455513601073213;0,7866826857874397
Reverberation Time (T-15);0,3028881155198182;0,36950828222525456;0,5306955522737897;0,5927247351452318;0,6592665587637391;0,6612628803752604;0,6675908058535017;0,818662646187583
Reverberation Time (T-20);0,3069487716630332;0,3889049204656743;0,5491166278376348;0,660228415248892;0,7147140139069978;0,6908098452478338;0,7230466104232417;0,839552031984662
Reverberation Time (T-30);0,3282662641515433;0,4093578568948639;0,594135371949094;0,7344270483621642;0,8107148936806224;0,7783260168311191;0,7909137947726784;0,8656976663907319
Clarity - 50 ms (C-50);11,105490195591084;8,927191367471046;6,867878638176697;6,118347312497171;5,545080287828484;5,334566992313716;5,144316572768406;3,157699378138799
Definition/Deutlichkeit (D);92,80512980711268;88,65084000947544;82,94009316790032;80,3576844878819;78,19049009073716;77,35260540549017;76,57600164058329;67,41657428723278
Clarity - 80 ms (C-80);17,77747265718959;14,315538847270465;11,341422761050051;10,238958738592148;9,366467209730633;9,300779384012472;8,870463271580386;6,524259620117606
Center Time (TS);14,469216548064812;18,934708519627748;25,866248594187045;29,396457100784513;31,794536070933063;32,425640407174754;33,497350643725326;45,44838656313314
Strength(G);7,999908027389964;8,06840971649659;9,379304574767652;9,810845985973842;9,996765078016885;9,852163935284935;9,977707606739465;11,279627890391282
Lateral Fraction(LF);3,269675639212448E-08;4,1227493589814464E-07;0,00015361220655588936;0,0003995939260406486;0,000406522331206846;0,00012112778976881803;5,009191567545493E-05;1,623265912052666E-05
Lateral Efficiency(LE);8,240776802730038E-09;1,4559043226988789E-07;6,0973618541112474E-05;0,00016396867021963523;0,0001711694373069485;5,178258819761036E-05;2,08122271621459E-05;7,792880580101718E-06
