Pachyderm Acoustic Simulation Results
Saved 23.12.2024 21:47:55
Filename:ORASE_FlatCeiling_Rough_Concrete (2).3dm
Source 0;
Receiver 0;63 Hz.;125 Hz.;250 Hz.;500 Hz.;1000 Hz.; 2000 Hz.;4000 Hz.; 8000 Hz.
Early Decay Time (EDT);0,280006146725615;0,2719269320195047;0,34756948901645507;0,44123325143818637;0,4646726318157417;0,45479897737512026;0,4660911604954016;0,44475340762458987
Reverberation Time (T-10);0,2776781738724627;0,31628408216243475;0,3647344520884672;0,39980494824131396;0,4087474024582231;0,4026939476468542;0,4103141477995247;0,39978443014712606
Reverberation Time (T-15);0,25424467270356244;0,29081866501532033;0,3683694658585747;0,4117114927707338;0,42522739340901544;0,41913379803517814;0,42619601724780376;0,42158503415103543
Reverberation Time (T-20);0,2580847860165775;0,304668550924508;0,3545455819359811;0,3814623574186981;0,39697324152978014;0,39366333229713435;0,3989543019203381;0,4017141109738759
Reverberation Time (T-30);0,2444297235001835;0,2857789083454126;0,33610382324573296;0,37138514150069524;0,38500889418620743;0,3819381645906637;0,38656390254913064;0,4128969168558312
Clarity - 50 ms (C-50);18,947792040328885;17,3042666867917;14,823363186285505;13,725609949827033;13,20329171335992;13,18696717607258;13,180301050000729;13,302360541982882
Definition/Deutlichkeit (D);98,74187965266185;98,17371498057923;96,81147008217552;95,93180626430458;95,4356246721436;95,41922291881768;95,41250913991017;95,53396867024425
Clarity - 80 ms (C-80);24,591773411593877;21,96719423409025;18,774013542933297;17,306539615599537;16,72543888028742;16,732382121781907;16,673512482554752;16,80876332772287
Center Time (TS);4,350564890660824;4,796828023863692;6,431413537212555;7,3439369098748015;7,86612058978204;8,055972121770981;7,95359401253086;7,852846813491974
Strength(G);12,441962252365052;12,36495244595643;12,511885532645778;12,563659591615142;12,610503401460143;12,649860785513596;12,610946232719954;12,60755633482077
Lateral Fraction(LF);1,5131178617982906E-08;2,043878736595716E-07;7,524582842637396E-05;0,00019737644894491524;0,00020413792923063904;6,652789000486916E-05;2,5878392459163148E-05;8,018131751566683E-06
Lateral Efficiency(LE);4,75576218206246E-09;6,875781178287447E-08;2,8098723975703597E-05;7,885146620807282E-05;8,263133972602855E-05;2,712538998320658E-05;1,0541713825889424E-05;3,2170369925875527E-06
Receiver 1;63 Hz.;125 Hz.;250 Hz.;500 Hz.;1000 Hz.; 2000 Hz.;4000 Hz.; 8000 Hz.
Early Decay Time (EDT);0,2829811668695601;0,28892466315886933;0,35335111150409876;0,3911202835109621;0,4204879860504133;0,41549015040807513;0,39449237745819055;0,4566946766349733
Reverberation Time (T-10);0,2845106488007702;0,31437203324108204;0,4091198775958671;0,4230156295067244;0,4573987299074597;0,4461025211863345;0,4504749934251126;0,5266850937640924
Reverberation Time (T-15);0,2730396930334038;0,30229961917683396;0,37637525979789643;0,4155652093796282;0,44587119913769374;0,4297305424740464;0,45233978424747817;0,584808723840439
Reverberation Time (T-20);0,2569800998618548;0,30438225668254104;0,3810517768414604;0,44224528062854435;0,4690824536994122;0,4583757507807295;0,4859800407071069;0,6568893079944498
Reverberation Time (T-30);0,2646860211097236;0,32158947069067595;0,4270797584653498;0,5108419387416299;0,5177517435689913;0,5396398541707761;0,5633717155390958;0,764976960919893
Clarity - 50 ms (C-50);19,42761618134933;17,89724903244839;15,346466729907391;14,688004067024973;14,166876009275791;14,266699017258516;13,83949988625913;11,982706128838156
Definition/Deutlichkeit (D);98,87199331941707;98,4030777252802;97,16303232686144;96,7138435456472;96,31034845161342;96,39116258542816;96,03292713026626;94,04263542887146
Clarity - 80 ms (C-80);25,88685321324523;23,44311082203078;19,991841678024336;18,70469548657797;18,19166914241641;18,310946451945963;17,776174613132863;15,134057496582862
Center Time (TS);3,2109001221922653;3,5467714456866792;4,947063670014027;5,499893283053899;5,787798157775344;5,860512267000785;6,262359904138336;9,111060079890992
Strength(G);15,620813683376637;15,631381251434753;15,713994972419684;15,70287928755669;15,681389397175678;15,710075052470316;15,767231230092996;16,041913274285385
Lateral Fraction(LF);9,860440263378282E-09;1,3701507384385582E-07;4,920598617748014E-05;0,0001282394798627658;0,00012726528310734773;4,174159490732704E-05;1,7470794168789447E-05;6,192584947365352E-06
Lateral Efficiency(LE);3,1490017767563687E-09;4,5761521442158556E-08;2,0593166644195822E-05;5,487079985912696E-05;5,598742886031093E-05;1,8425864452899915E-05;7,333805714470871E-06;2,9127694766131033E-06
Receiver 2;63 Hz.;125 Hz.;250 Hz.;500 Hz.;1000 Hz.; 2000 Hz.;4000 Hz.; 8000 Hz.
Early Decay Time (EDT);0,9525568978192726;0,37217571624548473;0,5436169134981738;0,6665584839618799;0,7608688193405181;0,8583708725077251;0,4704360192882114;0,4612725139835895
Reverberation Time (T-10);0,26183343024052363;0,2660586675770566;0,41937448883281486;0,46443465423299674;0,4758777783437606;0,4835487171171558;0,4663362345531079;0,5835457437630053
Reverberation Time (T-15);0,2929079129857714;0,314228086059065;0,39266489265541293;0,45278729883404684;0,4754134038559266;0,4616347280180116;0,47660336994784724;0,6695887980983964
Reverberation Time (T-20);0,2736843385521312;0,316434574789601;0,4033929654728367;0,48999037332660533;0,5174438572327886;0,5011728098587477;0,5218448659935405;0,7342970087665854
Reverberation Time (T-30);0,28056976905885744;0,34451905050276194;0,47532604123069383;0,5652543905138899;0,6170882843441479;0,5969999123321649;0,6425264963030154;0,8090177198676777
Clarity - 50 ms (C-50);20,512798606714693;19,30593239978903;16,65252962793444;15,658803287082293;15,37920228864845;15,635471887503108;15,07699006630121;12,411120475467731
Definition/Deutlichkeit (D);99,11919875059154;98,84031278024602;97,88427143379859;97,35469014336257;97,18373601296496;97,3408195474079;96,98689646008741;94,57187367786828
Clarity - 80 ms (C-80);26,907728405359794;24,37047509450414;21,11075126665224;19,404405819652172;18,975225671327728;19,312615093816447;18,805110185183903;15,160077139212888
Center Time (TS);2,2179907490144775;2,5340933273971573;3,611361048934138;4,195000617465803;4,398012849830154;4,226198008464373;4,705505885503978;8,245153803974121
Strength(G);19,51788645092217;19,555095380441436;19,5969224665835;19,610870367918963;19,614100528752694;19,587223635334546;19,66052261463156;19,96491012965602
Lateral Fraction(LF);4,860787411859012E-09;7,597094103939256E-08;2,7813920138570998E-05;7,504003063797373E-05;7,38539844197385E-05;2,2778733285454975E-05;1,0076739341734541E-05;4,074956602065763E-06
Lateral Efficiency(LE);1,8201385688226998E-09;2,7513672410846726E-08;1,262763916469227E-05;3,2220878332728435E-05;3,065418603121562E-05;1,010497099258402E-05;4,330489257212611E-06;2,005163007109674E-06
Receiver 3;63 Hz.;125 Hz.;250 Hz.;500 Hz.;1000 Hz.; 2000 Hz.;4000 Hz.; 8000 Hz.
Early Decay Time (EDT);0,26754491649369017;0,22144173090061325;0,2768534044731725;0,2868428229128599;0,29472653048757413;0,2876169309827759;0,33545773215706487;0,5183069347862592
Reverberation Time (T-10);0,2632851547745582;0,29211777825933444;0,3865118386431102;0,4330299965575976;0,43220658327763983;0,42606188960608243;0,464296153687852;0,6440305747338286
Reverberation Time (T-15);0,29319739533839734;0,3146257789690232;0,3964468966353391;0,4637362331390016;0,4868336409732431;0,4680636247800326;0,514495354630586;0,7378937121681368
Reverberation Time (T-20);0,2845673018378691;0,3310800603780006;0,43529410434196963;0,5264538533877374;0,5737876801344469;0,5397425147376035;0,5881579503491486;0,7893705094741837
Reverberation Time (T-30);0,30040004097212225;0,36955862065791945;0,5196198288329115;0,6212662622205226;0,7008866318466214;0,6529053934287499;0,7290593114893216;0,849280125812851
Clarity - 50 ms (C-50);18,74079505958455;17,648037590550675;14,928373725184889;14,12055558598398;13,999143633054763;14,24471597808086;13,309632046980797;10,47466498378639
Definition/Deutlichkeit (D);98,68270356637794;98,31264939952649;96,88810077869316;96,27373631860009;96,17233040236903;96,37421182591719;95,54395203254423;91,79060871127895
Clarity - 80 ms (C-80);25,002635274964216;22,728980909397404;19,392600855387048;17,910867695823875;17,53297874585815;17,96507870347627;16,907287684111203;13,265396360277164
Center Time (TS);3,0275345575272166;3,5652328588372733;5,2504931119579155;6,024095335860646;6,272713460373965;5,986661473108758;6,94280703893524;12,333506773235206
Strength(G);19,749999306164806;19,893483130457078;19,98661147743499;20,000558261564137;20,01175020249279;19,97309804359263;20,07206371772947;20,666595201269132
Lateral Fraction(LF);5,5975553626887194E-09;9,282393088469964E-08;3,6314713199525504E-05;9,617349930195438E-05;9,271135348910431E-05;2,9447415176415167E-05;1,2010327934904455E-05;5,04210152792022E-06
Lateral Efficiency(LE);2,1465454743589727E-09;3,196369361606427E-08;1,467059595731077E-05;3,7820301254530714E-05;3,515807928318735E-05;1,132996970817687E-05;4,914729261802083E-06;2,3335927736126923E-06
Receiver 4;63 Hz.;125 Hz.;250 Hz.;500 Hz.;1000 Hz.; 2000 Hz.;4000 Hz.; 8000 Hz.
Early Decay Time (EDT);0,24246887973185113;0,23368315821841992;0,3596115532174808;0,3730016790845204;0,3840058433550003;0,39638258300835166;0,44510768656779515;0,6000998980281447
Reverberation Time (T-10);0,2931985452029639;0,3198287091309468;0,40704979432773936;0,4572687060260981;0,49737050603439165;0,4642940273003833;0,5333118952597551;0,7488897641565657
Reverberation Time (T-15);0,2857730112285081;0,3299316985352488;0,44197671689372436;0,5255764860954159;0,5798550409403208;0,5420757920963745;0,5973372370018759;0,7993905467460236
Reverberation Time (T-20);0,2916086187270189;0,3513945994225524;0,4911627276563011;0,5845077761193332;0,6530152369271215;0,5996624246765465;0,6595390362689866;0,8329864612764319
Reverberation Time (T-30);0,31460148036542696;0,3887640348385455;0,5656854819184453;0,6721872242019149;0,7663515633274691;0,7204646228805917;0,7755518240328639;0,8784498865782366
Clarity - 50 ms (C-50);15,664814288214263;14,347018645763594;11,641597202380327;11,034962030941317;10,947236464531485;10,871982744232191;10,099361748689773;7,516021474053649
Definition/Deutlichkeit (D);97,37257374114748;96,48323560120944;93,61468475936837;92,71189844498163;92,57565690845489;92,44817962044196;91,1193435551403;85,11615658835841
Clarity - 80 ms (C-80);22,070421199465798;19,5961875914017;16,18835372615044;14,911994968931992;14,399329643346322;14,800666892602292;13,593702271914605;10,473020570677434
Center Time (TS);5,960035873045581;7,24752667531467;10,625967895597315;12,020777435494322;12,40755432180224;12,122867077959777;14,139751446327685;22,33037082304856
Strength(G);16,425410774577994;16,874512739593577;17,178953878875497;17,316305980510833;17,31803685579127;17,239110840823606;17,51894000669649;18,31531709821943
Lateral Fraction(LF);1,477292214867136E-08;2,0155321381557466E-07;7,367038471502151E-05;0,00020509778212168478;0,0001896620551846031;5,931110542178981E-05;2,4699714015680293E-05;9,570705640980326E-06
Lateral Efficiency(LE);4,723100786837351E-09;6,48764676056969E-08;2,857098532339266E-05;7,142209420907406E-05;7,067189845730412E-05;2,2503832870150564E-05;9,651423402496909E-06;4,2067916468605165E-06
Receiver 5;63 Hz.;125 Hz.;250 Hz.;500 Hz.;1000 Hz.; 2000 Hz.;4000 Hz.; 8000 Hz.
Early Decay Time (EDT);0,24283330883232088;0,2852459681857382;0,3775721526860245;0,3828369539754177;0,41494204956799857;0,41067217355839636;0,44081197691295515;0,5752969395359259
Reverberation Time (T-10);0,2814804978945392;0,3091568477980566;0,39341658889681835;0,44466923245042106;0,4767824377650403;0,46359654411362416;0,51139914234706;0,7137539799677964
Reverberation Time (T-15);0,26818463133783615;0,32185292998290893;0,43856505488408487;0,5279340872308599;0,57579722896665;0,5453602985722245;0,5802286619522289;0,7702655293526697
Reverberation Time (T-20);0,2762804690617417;0,34755755987619263;0,47005121827006374;0,5725627515699839;0,633516057734656;0,5905664404310181;0,6331137825897198;0,812494404075336
Reverberation Time (T-30);0,3043699420907699;0,3710376856761116;0,5218207099037764;0,6443067633412242;0,7266549936378656;0,6719820635468997;0,7124624355936214;0,862224368452759
Clarity - 50 ms (C-50);15,660882395842604;13,82895080962717;11,204596554588033;10,76388088377608;10,371400876766364;10,225029382244449;9,642427913477444;7,293298983085124
Definition/Deutlichkeit (D);97,35943399839928;96,02965135761508;92,9669956990114;92,2646139771772;91,59500547358982;91,33004250429232;90,21495282165482;84,31805525460419
Clarity - 80 ms (C-80);22,073828038566504;19,024857020380733;15,741905588492106;14,46439122373741;14,050350304905994;14,0978219633406;13,271630487174182;10,33637542135127
Center Time (TS);7,154105463819475;9,077870671550626;12,562873141109062;14,171796812719226;14,951062264090023;14,801995738522054;16,324714889716063;23,944222016544146
Strength(G);13,284572701989362;13,739550063107604;14,174066964851804;14,412517806322057;14,424873568502505;14,48320857650942;14,591825747644528;15,215700637443518
Lateral Fraction(LF);2,117925155584839E-08;2,9792719705661157E-07;0,00010381116984341837;0,0002823473905402718;0,00028799200374476333;8,934339492905552E-05;3,6295018463600166E-05;1,3594446393716446E-05
Lateral Efficiency(LE);6,805216417072673E-09;9,805419303992798E-08;3,884010594427353E-05;0,0001006837536988603;0,00010923398250881876;3,304288578525082E-05;1,3356240676445664E-05;5,54284394468796E-06
Receiver 6;63 Hz.;125 Hz.;250 Hz.;500 Hz.;1000 Hz.; 2000 Hz.;4000 Hz.; 8000 Hz.
Early Decay Time (EDT);0,25006482953393594;0,3964767243610053;0,5561881184694795;0,6067396958747836;0,6203152394153377;0,5877648969987797;0,6128182550300977;0,5828370537216027
Reverberation Time (T-10);0,3094965042867633;0,37480214090394165;0,41588414016412356;0,4710774928051178;0,48853937607538866;0,4764151355690564;0,48521078971922965;0,4725827930067133
Reverberation Time (T-15);0,2737633681064797;0,33585870047443755;0,395921243043644;0,4333850729777608;0,4480960134589666;0,4414054992789873;0,4446195397582702;0,43963188444287427
Reverberation Time (T-20);0,26529268406708884;0,3198601435387582;0,37476713072076534;0,4106554654979451;0,4218460620387495;0,4160792550584441;0,42169163488955586;0,4182068773386825
Reverberation Time (T-30);0,25511247986411745;0,2987993833166304;0,373432958945781;0,4094400636590004;0,421271229300721;0,4220250059076672;0,4231359465790192;0,43582000877678906
Clarity - 50 ms (C-50);17,011080352055505;15,644208415579751;13,242045184302398;12,174845702551272;11,672937512744802;11,63655247980257;11,60941365678176;11,77112421775756
Definition/Deutlichkeit (D);98,0486570027711;97,34602170889772;95,47433778253836;94,28572205222953;93,6302493925312;93,58010008770327;93,54245560191404;93,76376306639524
Clarity - 80 ms (C-80);24,48277952822165;21,505965784462813;18,12834643438811;16,62694731555255;15,93061013160723;16,021669573620485;15,903633940293027;16,142284606066145
Center Time (TS);5,135780905714124;5,404011111134697;7,559077480274504;8,774582279273751;9,51209970729306;9,667547414698467;9,63763951449063;9,443104284201484
Strength(G);10,966452641074078;10,772199061325846;10,946058846094715;11,0034230244408;11,04907847942647;11,110462139412796;11,066236828999777;11,044171785231512
Lateral Fraction(LF);1,683381788229744E-08;1,802978840908776E-07;6,78061147420342E-05;0,0001783589705759132;0,00018576361765025083;6,112444637312822E-05;2,3791265900500382E-05;7,518364482996035E-06
Lateral Efficiency(LE);6,235533433352388E-09;8,810163214876119E-08;3,740044404901506E-05;0,00010602958150119625;0,00011238531894113296;3,6185038956263644E-05;1,4327412414536151E-05;4,391144222967734E-06
Receiver 7;63 Hz.;125 Hz.;250 Hz.;500 Hz.;1000 Hz.; 2000 Hz.;4000 Hz.; 8000 Hz.
Early Decay Time (EDT);0,3764990722282248;0,458446857528442;0,5574771669380375;0,6838719944991427;0,6847344636281708;0,6408257089732232;0,6533743238159572;0,6065893557137222
Reverberation Time (T-10);0,327526941344752;0,380180011288861;0,42353223210424995;0,4863567931297911;0,4881842749598136;0,4877281249810057;0,48985151931370824;0,5685957070005033
Reverberation Time (T-15);0,2814475296738342;0,3342690268214695;0,4041915768179242;0,4636729906210441;0,4640561634324628;0,47690101905393456;0,49022781794059805;0,6254874444952393
Reverberation Time (T-20);0,2731893900784496;0,32945902716456316;0,41228387728299665;0,48413766811929954;0,4837928944632113;0,4966697512873414;0,49474093403368835;0,6882965655034015
Reverberation Time (T-30);0,27705544125803905;0,33440739721502055;0,4479664176054437;0,534345899113797;0,5530992278065074;0,5511833041523513;0,5693768426473969;0,779206656647836
Clarity - 50 ms (C-50);17,064629325024;15,824372429685955;13,396309316115314;12,39284236671123;12,083140503067726;12,08550601718616;11,97361774953942;9,9448393851991
Definition/Deutlichkeit (D);98,07210853720144;97,45111884323646;95,6253616193701;94,55022787507188;94,17088527625967;94,17387448335327;94,03090047453082;90,80357547229879
Clarity - 80 ms (C-80);23,721328523742468;21,14767929658584;17,85249786418916;16,394232569022922;16,136316058328454;16,019153299923275;15,691369033414324;13,265574308545073
Center Time (TS);4,891874305355695;5,118711512592837;7,21783985098159;8,249848517090332;8,74722194300005;8,809935415615733;9,035673010639751;13,71691620670145
Strength(G);12,968635563160213;12,914182939003382;13,051533864591754;13,031622054700954;13,057638248409248;13,082025379431492;13,111603258721708;13,501971443590179
Lateral Fraction(LF);1,3324963994515085E-08;1,5751150217257852E-07;5,949457761134884E-05;0,0001481272865127254;0,00015656890458064075;5,0360745735609494E-05;1,995672385694925E-05;7,810269660993977E-06
Lateral Efficiency(LE);5,489709972123943E-09;7,528797322739857E-08;3,1789387838110745E-05;8,412827301861788E-05;9,126872854479214E-05;2,7315319965484753E-05;1,1281035706499105E-05;4,642744916173748E-06
Receiver 8;63 Hz.;125 Hz.;250 Hz.;500 Hz.;1000 Hz.; 2000 Hz.;4000 Hz.; 8000 Hz.
Early Decay Time (EDT);0,4127616340886246;0,40277567792378055;0,5284976775352925;0,6312661747816253;0,5672896759581282;0,5909213620120896;0,5886645446263782;0,6362070821199526
Reverberation Time (T-10);0,32023510053733373;0,37048468602516604;0,4273154343184999;0,5066074661330042;0,5009820790943811;0,49522566740005963;0,5180363607253853;0,6874533222254902
Reverberation Time (T-15);0,2869160079678259;0,3464598001784191;0,4229854489361288;0,5069573284398174;0,5241303215197122;0,5249480829192289;0,5404291517810355;0,7434479550568321
Reverberation Time (T-20);0,2837768742589513;0,35184465352209027;0,44357260761719003;0,5326599320529387;0,5687000396152059;0,5641018308143054;0,5871062664450074;0,7862933413240719
Reverberation Time (T-30);0,2942940078531643;0,3686091336779291;0,5016891868502182;0,6057215406424207;0,6537589550763561;0,6394370664188422;0,6980210715270594;0,8340515553137535
Clarity - 50 ms (C-50);16,29611013796325;15,06394564182169;12,492249193795885;11,277708934657461;11,265042443378979;11,523031582458003;10,927743274554508;8,46052134562984
Definition/Deutlichkeit (D);97,70746109449325;96,97810662448701;94,66697545452823;93,06546033845905;93,04661414233634;93,42126227379447;92,52701318972522;87,52400862877482
Clarity - 80 ms (C-80);22,654965610432562;20,051927542520993;16,94609021378098;15,24450241732817;14,980477779629929;15,056944529646074;14,533959523617233;11,350106614945457
Center Time (TS);5,261228641480655;5,5834977371694805;8,205198962464461;9,60358278528189;10,066084299600432;9,765193111927973;10,727721379235629;17,96683043064456
Strength(G);14,725274282827261;14,702513347662123;14,85476005582968;14,843207280565032;14,922172003573621;14,867614410692951;14,96757626867496;15,624185041404345
Lateral Fraction(LF);1,0868904422300805E-08;1,5119503742464745E-07;5,822487523974466E-05;0,00014728269093000222;0,0001627363672979613;4,8643902882618166E-05;2,032784277854276E-05;8,28023601957455E-06
Lateral Efficiency(LE);4,610481235655956E-09;6,724644541895812E-08;2,949208576775376E-05;7,799329945287861E-05;7,87284041229746E-05;2,447778465539493E-05;1,0719319036257528E-05;4,584360270394688E-06
Receiver 9;63 Hz.;125 Hz.;250 Hz.;500 Hz.;1000 Hz.; 2000 Hz.;4000 Hz.; 8000 Hz.
Early Decay Time (EDT);0,33879337498961554;0,34895591960746003;0,463451047932171;0,5170571381826066;0,5049212759497622;0,5127091382508231;0,519460849208698;0,6479865499532527
Reverberation Time (T-10);0,31492944627285013;0,3647131065888615;0,4290002548305539;0,486805526695704;0,5038838301614613;0,47449683244233554;0,5313798873150074;0,7364964132437728
Reverberation Time (T-15);0,2948860859467726;0,34793738880849107;0,4447486046323487;0,5156959424377522;0,5639001465660625;0,5142296849509241;0,5641028724600066;0,7872241323286242
Reverberation Time (T-20);0,2985059185198421;0,35803825586510524;0,4750517601674389;0,5598528774461303;0,6454316150954058;0,5678390453848146;0,6234071546475927;0,8259113647866821
Reverberation Time (T-30);0,3106034211107072;0,38824744833005786;0,548778387200479;0,6425170899930045;0,7417366519085381;0,7021504900627097;0,773354625357317;0,8717093648212237
Clarity - 50 ms (C-50);14,981726544128557;13,858440554261925;11,29755141975161;10,518560240007071;10,384997353061276;10,583692306081407;9,880738987104083;7,146404219797933
Definition/Deutlichkeit (D);96,92388594330514;96,05659503176102;93,10319942453525;91,85104735944495;91,61875612979112;91,96230220094105;90,68909776580387;83,87152687734773
Clarity - 80 ms (C-80);21,374114912986148;19,214612679019353;15,937425079242129;14,580867956603702;14,14072836166852;14,601883003023728;13,522949548148404;10,129158937605311
Center Time (TS);6,52089068495255;7,027110413145999;10,216649711858029;11,669915649790113;12,412263385045083;11,820498284535006;13,492643016774167;23,181707113969516
Strength(G);15,036470392511035;15,108503186814886;15,361593061996771;15,367598162495739;15,458282815468884;15,360808796287657;15,633762223705318;16,59751473465012
Lateral Fraction(LF);1,1633081853817137E-08;1,588692888869819E-07;6,009321966297302E-05;0,00016062847283533554;0,00016932925454729724;4,897073797943463E-05;2,151151529948969E-05;8,632588760844131E-06
Lateral Efficiency(LE);4,8154981862823035E-09;7,06959059054389E-08;2,940111348806406E-05;7,677024369647912E-05;7,611027083704756E-05;2,4386079272198662E-05;1,0580582666905507E-05;4,674360009442821E-06
Receiver 10;63 Hz.;125 Hz.;250 Hz.;500 Hz.;1000 Hz.; 2000 Hz.;4000 Hz.; 8000 Hz.
Early Decay Time (EDT);0,3020121567454879;0,32043240132077533;0,4174713978337361;0,437546115271383;0,4475615733402587;0,45764061482333135;0,48663971464902955;0,6491631034507847
Reverberation Time (T-10);0,3001652183141595;0,3397169420481806;0,42168923884865217;0,4863484806185558;0,5201605214550947;0,49956013378042446;0,5640142203996424;0,7653253514961552
Reverberation Time (T-15);0,292017762914074;0,34956834788625657;0,4724712477867887;0,5475645660109834;0,5908459619904071;0,5561666156548762;0,6144004462274066;0,809859363642309
Reverberation Time (T-20);0,3029255126378081;0,36918572528416926;0,51935052159703;0,5972021557935008;0,681121602550175;0,606457133012761;0,6713363057646665;0,8426432552752948
Reverberation Time (T-30);0,32070927650766073;0,39853239830450965;0,5808756064828348;0,6893766812526559;0,7951120763059457;0,7466766462427722;0,79199060910818;0,8846643364446679
Clarity - 50 ms (C-50);14,242065703699735;13,043798395705267;10,418147724105541;9,882408894067382;9,738659682584759;9,81684769800021;8,794791491585588;6,261937635740976
Definition/Deutlichkeit (D);96,38862625248174;95,3019884135535;91,6960688038256;90,69702854626739;90,41403979727194;90,56556197104301;88,36263387930853;80,96355876807942
Clarity - 80 ms (C-80);20,396205887524268;18,181400891927055;14,972114355128623;13,808380260856959;13,196348666818489;13,600290940044463;12,369513585210754;9,239260912304779
Center Time (TS);8,041631938491113;9,12430269339741;13,238123732160883;14,571796987243943;15,610532006655799;14,872281893820867;17,783575205420735;28,024322164885454
Strength(G);13,886805076246851;14,277307171020059;14,607980200345118;14,790370524540357;14,80232836976748;14,703789539276862;15,024509933664739;16,04840980081677
Lateral Fraction(LF);1,8053686370455365E-08;2,202504650633337E-07;7,940371247844533E-05;0,00020502733344964503;0,00020922982024559823;6,290126350167267E-05;2,796921287279419E-05;1,1013543430646273E-05
Lateral Efficiency(LE);6,873819819211203E-09;8,321615124855659E-08;3,450862059269654E-05;8,325772161446647E-05;9,256074806256644E-05;2,821219248840788E-05;1,2200343802934232E-05;5,540682475618557E-06
Receiver 11;63 Hz.;125 Hz.;250 Hz.;500 Hz.;1000 Hz.; 2000 Hz.;4000 Hz.; 8000 Hz.
Early Decay Time (EDT);0,31589457273846316;0,3392190246539895;0,4235548130488201;0,4296404184930962;0,4309209846292109;0,455044001113018;0,46991720552366373;0,6208435894841267
Reverberation Time (T-10);0,28799120997886807;0,32743086736249344;0,4033230461820944;0,4469505253467683;0,48912757194849305;0,5018741598575329;0,5154239255702588;0,7120360123353714
Reverberation Time (T-15);0,2778453734809314;0,34491184478000464;0,44844018316075424;0,5171389338319553;0,5747349178859131;0,5466260930392791;0,5769979618308644;0,7739073668945373
Reverberation Time (T-20);0,2856764769324974;0,3588340511844074;0,4694084082976638;0,5634470270070193;0,6415123962484103;0,5816031932590251;0,628319947856504;0,8198075274104216
Reverberation Time (T-30);0,30566160824348526;0,37278989180640193;0,5172497661580684;0,6481536242682155;0,7350038211230645;0,6861205633006621;0,7033160077275237;0,8651932312935062
Clarity - 50 ms (C-50);14,667713577993986;12,914498841076076;10,321148681920015;9,795587745796306;9,612957014949558;9,341121292220754;8,831643434639536;6,404536731821393
Definition/Deutlichkeit (D);96,7082902865732;95,1525397293222;91,50607775038861;90,51863187326681;90,14629448007369;89,57646270108745;88,43342371576121;81,3877278389296
Clarity - 80 ms (C-80);21,184041744787137;18,109362096470402;15,045378338183252;13,974084265687088;13,320787168542951;13,09893801486407;12,654423601690219;9,594826857155281
Center Time (TS);8,183269275341624;9,843636230749693;13,971586430830673;15,818312155681788;16,66277279917206;16,400142949018665;18,265003869671965;27,195235164068713
Strength(G);11,800163045625816;12,127524321160607;12,59480650484032;12,832441389595076;12,866546986756859;12,82160933445914;13,037580722431862;13,702521471153027
Lateral Fraction(LF);2,1602506090441178E-08;2,705996399920124E-07;0,00010062471604062114;0,0002641762035213802;0,0002668544907649704;8,084362101186462E-05;3,303511851418514E-05;1,2442090957560135E-05
Lateral Efficiency(LE);8,439535199972975E-09;1,1381715548246903E-07;4,595529455089067E-05;0,0001230126631081139;0,0001313485723388187;3,857405417338234E-05;1,577046537544698E-05;6,518461020204335E-06
Receiver 12;63 Hz.;125 Hz.;250 Hz.;500 Hz.;1000 Hz.; 2000 Hz.;4000 Hz.; 8000 Hz.
Early Decay Time (EDT);0,33370772988424335;0,46822248537429306;0,47461119399110197;0,5234889772098394;0,5342091785723355;0,5195145391002444;0,5340605158363914;0,5229108516510692
Reverberation Time (T-10);0,28682429006091975;0,34318869020923465;0,394274519264961;0,4383691744443382;0,45382599720629563;0,42571491441922765;0,4395813515123774;0,4387942256299361
Reverberation Time (T-15);0,26281948185264636;0,31607751874123585;0,3830951154395;0,43759832144804983;0,4557207233407958;0,44140131910784347;0,4483316199284559;0,44080262570599665
Reverberation Time (T-20);0,2511495109824129;0,3191477345856513;0,38637245793796493;0,4225331594252897;0,4364120520448634;0,42515021063303027;0,43131818533411587;0,430544359580662
Reverberation Time (T-30);0,26386571293590666;0,31445744716344054;0,3669062432013943;0,39723752712327;0,41052731608331033;0,4018616153861795;0,40708278517807694;0,430881960554575
Clarity - 50 ms (C-50);15,184737315718124;13,789533828850564;11,473198632738598;10,396311919919935;9,963015472234753;9,934882587640654;9,869659296785725;10,05360061237514
Definition/Deutlichkeit (D);97,05855922373345;95,98886327459488;93,35038858841237;91,63563101817593;90,83846510467092;90,78441246790408;90,65799334507429;91,0105771927865
Clarity - 80 ms (C-80);23,772648691795357;20,641496526477088;17,159671893676347;15,577447235756853;14,94481113400585;15,008077770597463;14,904856996169807;15,249664774656335
Center Time (TS);6,865189657594968;7,501377503974018;10,348884328581928;12,11735865043364;12,970822998718006;13,133077550034093;13,182007656553532;12,799237840341712
Strength(G);9,657191322228456;9,378697652860616;9,617977270664632;9,724013475510574;9,801189069491905;9,858899039309172;9,81926188494272;9,792565391439062
Lateral Fraction(LF);2,1919656449227838E-08;2,3054292858431097E-07;8,673145577536357E-05;0,00023198791238443925;0,0002405770924647103;7,786134084387205E-05;3,0738378684436825E-05;9,708154239263172E-06
Lateral Efficiency(LE);8,107415608747416E-09;1,2049326219203011E-07;5,05156162185486E-05;0,00014374674848431803;0,00015055434775404806;4,822195992700389E-05;1,9239906943774835E-05;5,903791821956998E-06
Receiver 13;63 Hz.;125 Hz.;250 Hz.;500 Hz.;1000 Hz.; 2000 Hz.;4000 Hz.; 8000 Hz.
Early Decay Time (EDT);0,3437989425569417;0,4341432294598696;0,47685946713044963;0,5089784121708251;0,5388578050409326;0,5093652931610712;0,5059646481668011;0,5580694010262471
Reverberation Time (T-10);0,286362415853759;0,33860772442807857;0,4077160649936237;0,47609711930717247;0,4927421824410115;0,47087005749881433;0,4922593048182978;0,6058017921352609
Reverberation Time (T-15);0,27337068988694296;0,3288751893505456;0,42564781135746155;0,48988629534245565;0,4994951867795273;0,48101876204671035;0,5133811295677275;0,6424103182861899
Reverberation Time (T-20);0,27295739807434427;0,33986668847716467;0,4229989425502035;0,47735318522980813;0,4877011906795417;0,48012838819311376;0,4963758195701004;0,6955097996855563
Reverberation Time (T-30);0,28922817740055856;0,34000256967409914;0,42859546075566884;0,47815584302164343;0,5347996170817342;0,49900215031451267;0,5411469177578356;0,7862767590528296
Clarity - 50 ms (C-50);15,227577897980236;14,254895645757703;11,812313571026769;10,690777099566331;10,463541652693477;10,572068176921416;10,354146858015188;8,578270466382008
Definition/Deutlichkeit (D);97,08659096950298;96,38169642304634;93,81899066822389;92,14086789906035;91,75352071315079;91,94063745185893;91,56091362863647;87,81706637017106
Clarity - 80 ms (C-80);22,210972390149944;19,83079938585852;16,48096298215624;14,8511168162105;14,456169282330453;14,713944367044514;14,130954867956486;11,891593667426239
Center Time (TS);7,033226227104894;7,212725961644507;9,959953318220188;11,562361507431396;11,994742711992947;12,155767618612519;12,655508694370333;18,0970496918083
Strength(G);10,884793091881647;10,689840389537174;10,891083992609026;10,930375109337199;10,91962033549762;10,994866406521815;11,046785460227014;11,53837441673302
Lateral Fraction(LF);1,9500979946541832E-08;2,1746505433652E-07;8,03192369743799E-05;0,00020711259061543207;0,00020363781526563053;6,791465478877488E-05;2,7662648461182802E-05;1,0287323524556518E-05
Lateral Efficiency(LE);7,496303898876284E-09;9,75690535769656E-08;3,951742383242521E-05;0,00010569111405948496;0,00011148632529340373;3,596409221734646E-05;1,4674433145968622E-05;5,886269181488039E-06
Receiver 14;63 Hz.;125 Hz.;250 Hz.;500 Hz.;1000 Hz.; 2000 Hz.;4000 Hz.; 8000 Hz.
Early Decay Time (EDT);0,34132403466629896;0,41162276338589265;0,4923803858755833;0,5412617350689882;0,5475981679737498;0,5179507693586851;0,5656876372505927;0,6967861540950203
Reverberation Time (T-10);0,2915945784357352;0,3598958540159104;0,44467090826281613;0,5138829705003913;0,5526395217586182;0,51179697472178;0,5887399397607398;0,7750416199875578
Reverberation Time (T-15);0,28519836646608937;0,3621208141098405;0,4670174211449744;0,5459024264932257;0,5794443188203638;0,55357699783224;0,6190563990145055;0,8091646225629745
Reverberation Time (T-20);0,29710027412638146;0,3712359272454685;0,48173166276824325;0,6066600077903458;0,6418259046580486;0,6029004298623104;0,6556694523592158;0,8349538161785758
Reverberation Time (T-30);0,3108719078940073;0,38369533127625827;0,5259459721656509;0,6808120940946368;0,7319433731675904;0,7183421028157032;0,755562241233292;0,8606418629868426
Clarity - 50 ms (C-50);14,236538673229477;12,690993996882426;10,190561754855684;9,14105831575293;9,067356195415517;9,387442328985586;8,393068933210836;6,236206271053967
Definition/Deutlichkeit (D);96,36692685038804;94,89334681036122;91,26527215752128;89,13694643987832;88,97152608462096;89,67420918751216;87,35342193603425;80,78250813456688
Clarity - 80 ms (C-80);20,362121363742368;17,428098621195865;14,143410688520603;12,904906961648312;12,351090478878984;12,872469543260593;11,580574116095878;8,967176871554821
Center Time (TS);8,436407902318042;9,355168779306556;13,486302502417388;15,739790311355948;16,359327692248677;15,824522350999619;18,49760923552181;27,871607469498684
Strength(G);11,97852448166065;11,897470544103221;12,136996404764673;12,29276128257424;12,236136644577357;12,295758731882998;12,431240490351854;13,443484932814059
Lateral Fraction(LF);1,6239589761253858E-08;2,3720576964540808E-07;8,364571406550862E-05;0,00024047142075465128;0,00022652694639337166;7,379379085567709E-05;3,0098748182135626E-05;1,1938014801800963E-05
Lateral Efficiency(LE);7,469284634243756E-09;1,118781313109605E-07;4,660819306718239E-05;0,00011871426129557291;0,00012209528373526867;3,926025170522358E-05;1,7267904646239076E-05;6,81986953841288E-06
Receiver 15;63 Hz.;125 Hz.;250 Hz.;500 Hz.;1000 Hz.; 2000 Hz.;4000 Hz.; 8000 Hz.
Early Decay Time (EDT);0,3272050583009459;0,3850589871357813;0,48038544402977473;0,5282042584163935;0,5301184520077341;0,5128145023693935;0,5720678450264766;0,7264132593073374
Reverberation Time (T-10);0,2883417101888734;0,3560787410115859;0,46608675826730167;0,5494957283608818;0,5857110617911592;0,5665162225046809;0,6122436629564598;0,818605282549083
Reverberation Time (T-15);0,2932307308937541;0,3703316322694308;0,5088707789174455;0,5898242574946847;0,6785172361570038;0,6354651127667389;0,6558491991516724;0,8517576915103257
Reverberation Time (T-20);0,30923494885099045;0,39377448750453997;0,5454235171181364;0,6349784666400808;0,75199581490979;0,6916638570443919;0,7218989623083376;0,8750577986564145
Reverberation Time (T-30);0,3314545716242646;0,41974243589924076;0,6265440537657883;0,7319432154139092;0,8283997454299286;0,7973078267906702;0,8810113724155048;0,9014588343204796
Clarity - 50 ms (C-50);12,87672334147842;11,514322856917655;8,977244657242407;8,20525871522584;7,955802998232383;8,195430367202318;7,2845344453459155;4,973378329481314
Definition/Deutlichkeit (D);95,10069790396342;93,41073718790295;88,77212373159453;86,86791917446362;86,2023263585715;86,84383577901954;84,26032296311392;75,87903297850383
Clarity - 80 ms (C-80);19,219278118340007;16,675742775974417;13,248621727089699;12,153972696145164;11,696760122692007;11,90307007369018;10,872354525716755;7,88901973138171
Center Time (TS);10,353007761685925;11,382388918310596;16,656267680875246;18,519450892904224;20,33081543825869;19,503632197230935;22,57589797505707;34,7290178954033
Strength(G);12,47310841407645;12,520749995658687;12,849509983422564;13,041888770496229;13,121902403037197;13,060035437366516;13,311519791167335;14,698460195442003
Lateral Fraction(LF);1,7890844691803017E-08;2,405025313976253E-07;8,204370372724038E-05;0,00021951151033574985;0,00022393460564676233;6,906270892227792E-05;2,8425307200582484E-05;1,161094202244752E-05
Lateral Efficiency(LE);7,776442876782415E-09;1,1152579517438664E-07;4,535574216152144E-05;0,00010719910088652788;0,00012435348992262296;3,7012894200539275E-05;1,6186350980908003E-05;6,76490116801791E-06
Receiver 16;63 Hz.;125 Hz.;250 Hz.;500 Hz.;1000 Hz.; 2000 Hz.;4000 Hz.; 8000 Hz.
Early Decay Time (EDT);0,3182069555443228;0,36872346050420757;0,46351952805018726;0,5095858441373633;0,5196175876375873;0,5287153529735138;0,5547079394175827;0,7374279009347865
Reverberation Time (T-10);0,29119254338806;0,3642905094873621;0,4913445323922567;0,5612435758094166;0,6335751978965886;0,6026249067031821;0,663186776361805;0,838934666100332
Reverberation Time (T-15);0,3040338225457298;0,38587442602161715;0,5590805796846455;0,630795590896287;0,6975290591769179;0,6481703505162006;0,7080113972681864;0,8698218290485686
Reverberation Time (T-20);0,3208386560591108;0,3990128982628605;0,5962497274058749;0,6829174925375234;0,7595759417980037;0,7038302555141814;0,7537388647257146;0,8885400747344457
Reverberation Time (T-30);0,34202025682550297;0,4270014605357166;0,637471836696468;0,7703996348305412;0,8599716392305587;0,8338682029937358;0,8954195186933774;0,9136740026571524
Clarity - 50 ms (C-50);12,602961429383788;11,084488000408427;8,560917598864842;7,741867051842213;7,529939086281918;7,7990418258856415;6,808931476305762;4,506428473874741
Definition/Deutlichkeit (D);94,79897349444666;92,80840534991304;87,80093036848494;85,62056733712839;85,01892701712404;85,77363140788106;82,75582044926203;73,90848769443974
Clarity - 80 ms (C-80);18,641396645504507;15,93547351061575;12,663540591750946;11,394320280950925;10,900147487869699;11,216978289169731;10,199568358569866;7,477643408359633
Center Time (TS);11,028901709875898;12,7423908618323;18,754333732651034;21,344222849372727;23,015781745357835;21,267810521836058;25,760067983656096;37,75507645816806
Strength(G);11,995705888830237;12,32555409195659;12,729422732807748;12,889764452120652;13,154812683225678;12,890784510097227;13,41517756413019;14,631532674049204
Lateral Fraction(LF);2,27646105148999E-08;2,6313415596069215E-07;9,226758190233962E-05;0,00023580380424417221;0,0002329856409904068;7,149297574510644E-05;3,056875888855902E-05;1,2376051010386182E-05
Lateral Efficiency(LE);9,511067114622808E-09;1,1468592455982079E-07;4,5742546558229065E-05;0,00011879221164624482;0,00011943945130235876;3,560041512211291E-05;1,631460386912105E-05;7,166029897755585E-06
Receiver 17;63 Hz.;125 Hz.;250 Hz.;500 Hz.;1000 Hz.; 2000 Hz.;4000 Hz.; 8000 Hz.
Early Decay Time (EDT);0,3141936731838734;0,36235758963616765;0,44088701478871223;0,4548887965249394;0,4645858802849118;0,47496074084894635;0,4920494318197552;0,6572307014930017
Reverberation Time (T-10);0,27600538078244163;0,34161478252456556;0,41220287883332546;0,4888850621223735;0,5441487763304568;0,511792582292705;0,5371245915518721;0,7572186322996474
Reverberation Time (T-15);0,27766553357971696;0,3552209681414368;0,47941615037936713;0,5511658077385101;0,6010378039049049;0,5698240248595695;0,605578297224778;0,8036224253044995
Reverberation Time (T-20);0,28905652462143683;0,36704622324992303;0,5058665089884464;0,5945064736528175;0,6614926720054944;0,598652356396264;0,65265602792375;0,8338542506685755
Reverberation Time (T-30);0,31655119261454023;0,3971485158553292;0,5524181251609008;0,6949762509722237;0,7778506807870712;0,7537757928874654;0,7598231477511461;0,874539866276676
Clarity - 50 ms (C-50);13,318384456209262;11,327666102955838;9,080662978292812;8,370849589880079;8,12233041524882;8,182407505742153;7,539002203339492;5,1697418773556
Definition/Deutlichkeit (D);95,55656839349692;93,14676519150113;89,008064829744;87,30079037575356;86,64855468073324;86,80951307072095;85,02853664219674;76,68084939947845
Clarity - 80 ms (C-80);20,008476653945717;17,004265228741854;14,076584812783361;12,529026369254751;11,917446192000789;12,160764093333839;11,574815307896547;8,501666128651324
Center Time (TS);9,85008545159468;11,720527279033835;16,347123518314547;19,101200775282088;20,524962509976255;19,358176245416967;21,98026849021543;32,82137700466542
Strength(G);10,430722565960757;10,609186901459026;11,161023794049292;11,349293959714586;11,532398325550162;11,425262268386938;11,658899816547233;12,437215691056466
Lateral Fraction(LF);2,4741156452434195E-08;2,849896910159651E-07;0,00010432035389898744;0,00026009706936286846;0,00027604072381417165;8,53233291589295E-05;3,497240344774808E-05;1,3183701026453667E-05
Lateral Efficiency(LE);1,0138986995297991E-08;1,3134309756341E-07;5,158424988814355E-05;0,0001382732341038912;0,0001473844629264613;4,5023867709561015E-05;1,919763538415214E-05;8,024334524039564E-06
Receiver 18;63 Hz.;125 Hz.;250 Hz.;500 Hz.;1000 Hz.; 2000 Hz.;4000 Hz.; 8000 Hz.
Early Decay Time (EDT);0,28291548550553713;0,38172081339683916;0,3775111326684776;0,42670025576252585;0,4452689679262552;0,43883420443603993;0,44400389663043854;0,43443035404707925
Reverberation Time (T-10);0,26282210560236674;0,2932291033368225;0,3638018559280729;0,38963232877199794;0,41193130876767503;0,4057745667100296;0,4107183209527872;0,4044240104719428
Reverberation Time (T-15);0,253318772880183;0,2868437584695782;0,376966945963581;0,42635961248312176;0,44562277879865314;0,4418005122313744;0,4452791074178015;0,4360541104534313
Reverberation Time (T-20);0,2396047351765195;0,3074318046755252;0,3884732857835337;0,43975005629195385;0,45916432810381397;0,45457993743050423;0,45928417088792445;0,4570827722224312
Reverberation Time (T-30);0,26465366632312626;0,325921873736295;0,3882001540330504;0,4191769692134919;0,42201545572642435;0,41752514714085726;0,4234047082214334;0,45657702867653716
Clarity - 50 ms (C-50);14,753419850758046;13,311217509028989;10,917179274790303;9,869699712656413;9,410289714379875;9,393742158733312;9,361896329403958;9,548409592044223
Definition/Deutlichkeit (D);96,76137945886067;95,54266181770039;92,51017652343869;90,65807216068721;89,72282041273161;89,6876332954212;89,61961543909618;90,01239499957782
Clarity - 80 ms (C-80);23,456841249494616;20,168600218316843;16,596728499901182;15,065861158149904;14,40609645413042;14,465496157029529;14,392480982721187;14,65358535524655
Center Time (TS);8,54247580845276;9,386643933205477;12,752556250178127;14,730446167190095;15,720277129091784;15,913118079968893;15,892321040299732;15,54835374805679
Strength(G);8,565183047007025;8,210341138137107;8,568129841837852;8,72686032959409;8,822428624057885;8,893251701301743;8,846082149947335;8,82056308659621
Lateral Fraction(LF);2,8833799429448263E-08;3,2056344458711856E-07;0,00011894095769389235;0,0003167368380732117;0,00032762244008382714;0,00010555664481081452;4,1624394931791426E-05;1,3143533801309838E-05
Lateral Efficiency(LE);1,0449791032836636E-08;1,5774246838337663E-07;6,398961354039468E-05;0,00017847986555413138;0,00018614028262467397;5,965791303877739E-05;2,3677007496020552E-05;7,335076110784544E-06
Receiver 19;63 Hz.;125 Hz.;250 Hz.;500 Hz.;1000 Hz.; 2000 Hz.;4000 Hz.; 8000 Hz.
Early Decay Time (EDT);0,30370123336774085;0,3818251278614585;0,42551205894366795;0,4990379279996421;0,5115218406996075;0,4891150711429538;0,5051443668431002;0,5955979933534783
Reverberation Time (T-10);0,2668135661090706;0,3348628184253622;0,405836389858387;0,4778917349355775;0,4867333407824754;0,4991830856400978;0,5121486313457188;0,6801940670294362
Reverberation Time (T-15);0,2596118057940406;0,3294480745193358;0,42724491102208767;0,49128815471376275;0,5025883490350173;0,5071578794090117;0,5424469222721676;0,730381482038577
Reverberation Time (T-20);0,26848248447195927;0,33939547846305324;0,4445337039946849;0,5022784275002973;0,5311033463206004;0,5319916068784302;0,5592091347762151;0,770032747188637
Reverberation Time (T-30);0,29442003300429365;0,3574134920799326;0,471612229753387;0,5396277231777078;0,6049886350339011;0,601483878205458;0,6637821308138963;0,8172815797115118
Clarity - 50 ms (C-50);13,943903296296353;12,56332977327418;10,082080505267154;8,77207485331842;8,592266043815574;8,805158990929263;8,3561028623426;6,765959039701364
Definition/Deutlichkeit (D);96,12350465209678;94,74900413081329;91,06408408847254;88,28649683487373;87,85150199665426;88,36504746347225;87,25909139818361;82,60546325165146
Clarity - 80 ms (C-80);21,407209168769192;18,58932599841298;15,041422417352132;13,322508190879622;13,022082122024765;13,292058404400358;12,599201537957095;10,265529059258693
Center Time (TS);9,370755447301073;10,078657891437727;13,87160250854729;16,630981888142898;17,329296950786937;16,777506396133475;18,586464590916915;25,24666370066341
Strength(G);9,301072478297172;9,00945870370538;9,321853711599182;9,5076338464796;9,520160399446944;9,543859608152957;9,732356467916873;10,247138951485745
Lateral Fraction(LF);2,6051154601283032E-08;3,012263552356148E-07;0,00010692709517712352;0,00029353867851559417;0,0002927487000239164;9,149434223652092E-05;3,9521218743856595E-05;1,3753401618251231E-05
Lateral Efficiency(LE);1,1046485142403122E-08;1,5546384667239264E-07;6,039280773206526E-05;0,00017254366357605206;0,00017995140705773666;5,473508709336364E-05;2,309416594724461E-05;8,472310763265281E-06
Receiver 20;63 Hz.;125 Hz.;250 Hz.;500 Hz.;1000 Hz.; 2000 Hz.;4000 Hz.; 8000 Hz.
Early Decay Time (EDT);0,2976812551329552;0,3990016769425111;0,508430145279509;0,5298254450086678;0,5820300601385874;0,5716933132585378;0,5766884131168257;0,729073130203705
Reverberation Time (T-10);0,28295008377686515;0,35648712454188536;0,4572437171174204;0,5334274357377027;0,5352577289558305;0,5391853528797111;0,5767199491102654;0,7807294259409884
Reverberation Time (T-15);0,2785143823909538;0,3558629541730733;0,47841342224184663;0,5658554663934;0,5785527019406126;0,5675517211543972;0,6029111365280259;0,8237920507208758
Reverberation Time (T-20);0,29331989584505963;0,3691994294076119;0,49922998281557185;0,6212554213580364;0,6557381628810596;0,6330355057527688;0,6533857708822137;0,8434495004373791
Reverberation Time (T-30);0,31544916180970367;0,38421498145350463;0,540337220193868;0,6959024055176402;0,7832688101805942;0,7292252812285789;0,7764479124268817;0,8631033053391858
Clarity - 50 ms (C-50);12,813950729364569;10,855222684721378;8,390441039998917;7,675569414648594;7,146693099567751;7,452989362304741;6,7749193132920755;4,709889057703119
Definition/Deutlichkeit (D);95,02881157058044;92,41072792160378;87,3467358107209;85,41296983017675;83,82937149090938;84,76276460417651;82,63508879933157;74,73431173146516
Clarity - 80 ms (C-80);19,492381883997712;16,561759791936865;12,968643100269595;11,604205251310788;11,190012276568961;11,58434802644627;10,623625960363368;7,838356505665876
Center Time (TS);10,915360614800289;12,426593046875748;17,56166954270165;20,564686318550464;21,616416195886078;20,432835699759966;23,67570041301333;35,31591675705164
Strength(G);10,13822071399435;9,886423834764063;10,209521875862976;10,441045030644602;10,341118563839728;10,334964178163368;10,725080229162721;11,817739753602048
Lateral Fraction(LF);2,2488997483220973E-08;3,0195830791444416E-07;0,00010401218111623275;0,000294408160087227;0,0002768797817816369;8,462863932919765E-05;3,790568591749518E-05;1,4287052202281793E-05
Lateral Efficiency(LE);1,0133632068645947E-08;1,517211793490138E-07;6,258388975314582E-05;0,00017241681959026596;0,00017939047680832056;5,297649276020174E-05;2,3542128744345025E-05;9,237738629093706E-06
Receiver 21;63 Hz.;125 Hz.;250 Hz.;500 Hz.;1000 Hz.; 2000 Hz.;4000 Hz.; 8000 Hz.
Early Decay Time (EDT);0,30575177517179647;0,36990482462556123;0,4737107990011044;0,49327472024375285;0,538498290942329;0,5115930847099615;0,5577599120492542;0,7329461800987944
Reverberation Time (T-10);0,2902981951445223;0,34839679669182216;0,458651326081007;0,5361177733220103;0,606810198747143;0,5721869427784034;0,6093549287364499;0,8258382591805735
Reverberation Time (T-15);0,284382068468013;0,3624507718459995;0,5164634624488592;0,6064096874544146;0,6487311651684935;0,6384308492345323;0,6637329361170576;0,8544124527510634
Reverberation Time (T-20);0,3072767518321036;0,38919988718879595;0,5458605340019871;0,6507539768339853;0,7244821986405879;0,6980647715662156;0,7292134744691499;0,8753447270052763
Reverberation Time (T-30);0,33357268598510453;0,41444411322097097;0,6033026327092614;0,7370705384056557;0,8263947254188178;0,8089069069300269;0,8714358060093136;0,8975901953685199
Clarity - 50 ms (C-50);11,991846429003214;10,391314484143878;7,986137903720044;7,5369133508870085;6,704169782081011;7,2587545966997835;6,368133597440813;3,9322969929760037
Definition/Deutlichkeit (D);94,06079149399515;91,6268069563741;86,28435489230418;85,01254782803647;82,41926433281208;84,17795623868011;81,24969348812677;71,25093165271225
Clarity - 80 ms (C-80);18,66058478842444;15,932124397979875;12,493987739307027;11,620498929824421;10,70558838411463;11,12168855892002;10,417358007813327;7,031540352656666
Center Time (TS);12,893131473079604;14,40803077272587;20,296139179279688;22,28329699744957;24,995422125901886;23,174697612885748;26,40267135436121;41,38704100172647
Strength(G);10,722182974771926;10,663765428486283;10,918330379789445;11,23544730716516;11,244467103671603;11,160850572471134;11,67840629014583;13,149848505056639
Lateral Fraction(LF);2,2422048192843325E-08;3,0561453544174323E-07;9,993883417645867E-05;0,000259313813169085;0,0002609250764537116;8,247446580532694E-05;3,3691696340464274E-05;1,3378983146528608E-05
Lateral Efficiency(LE);1,0340381577761492E-08;1,427596619917681E-07;5,983999867566088E-05;0,00015039955187880774;0,00015929615225140578;4,824498952095096E-05;1,9903405464790485E-05;8,641560270315846E-06
Receiver 22;63 Hz.;125 Hz.;250 Hz.;500 Hz.;1000 Hz.; 2000 Hz.;4000 Hz.; 8000 Hz.
Early Decay Time (EDT);0,29684996795936136;0,3697530315780673;0,4516008327289568;0,513647148170912;0,534908231948139;0,5232044763804461;0,556199914087021;0,7529421759663135
Reverberation Time (T-10);0,29441000711576526;0,36130241343055436;0,48938265987438945;0,5470855775376177;0,6301782346441367;0,5943890511978436;0,6569341687491707;0,8305760906070424
Reverberation Time (T-15);0,29926557474104015;0,3752264496361996;0,5485512614378556;0,6160975631678912;0,6878321053703239;0,6480827997961534;0,7006603193333998;0,8619696706128612
Reverberation Time (T-20);0,31668914689117494;0,39103839078695163;0,5787017078720492;0,6531657396242995;0,7337299204579333;0,696267371274417;0,7414318568729144;0,88211218389659
Reverberation Time (T-30);0,3389667085444091;0,41991051827408166;0,6159801515386535;0,7500204203602602;0,8283403870799778;0,8083269635584742;0,8576754035559803;0,906680120327648
Clarity - 50 ms (C-50);11,988837592504156;10,39074758671692;8,102061028394916;6,950020923799251;6,568796547159436;7,076618016342749;6,227834152350712;3,591058479379456
Definition/Deutlichkeit (D);94,0554858497326;91,63081027024491;86,60443417709575;83,21268507619;81,99766534981006;83,68160318932144;80,76735506172344;69,56930765207869
Clarity - 80 ms (C-80);18,161770427342606;15,236304006130121;12,366865658742178;11,034869309823698;10,232731141468207;10,685997991094078;9,824495240385438;6,776233549365901
Center Time (TS);13,169013628603357;15,116738019171295;21,00612720851211;24,60556723934239;26,815974153586286;24,821060952087947;28,77884453893424;43,36474175691088
Strength(G);10,44697420515162;10,51417390704189;11,128541079804272;11,307797647111677;11,462729325875607;11,192880120814088;11,699430954887276;13,239989272117064
Lateral Fraction(LF);2,6874463321821958E-08;3,087100873687322E-07;0,00010764203151551376;0,00027485976245192984;0,00027809823846233506;8,870179903102492E-05;3,497598258029377E-05;1,402258399344104E-05
Lateral Efficiency(LE);1,194360390050659E-08;1,5189128536039134E-07;5,7818292740194256E-05;0,000157414990560416;0,0001629955764663502;4,9535367570136945E-05;2,1582133301983155E-05;9,088261341750773E-06
Receiver 23;63 Hz.;125 Hz.;250 Hz.;500 Hz.;1000 Hz.; 2000 Hz.;4000 Hz.; 8000 Hz.
Early Decay Time (EDT);0,28591626058468966;0,3556405863751771;0,4652013918992842;0,48944553492895276;0,5121366335392405;0,5031236532712479;0,5183151535884462;0,6956703741727003
Reverberation Time (T-10);0,2792627162020604;0,3396314867928031;0,44779340970139153;0,5094833783829916;0,5743571513815879;0,5608265578225649;0,5991303958457393;0,7815248392607206
Reverberation Time (T-15);0,28256457643029476;0,35073145033402764;0,491209340291703;0,564590664177792;0,6131178533617607;0,6111480743336932;0,647276823257433;0,8334565938183559
Reverberation Time (T-20);0,2956489769911728;0,3764868283679727;0,5055205484189027;0,6113942412171864;0,6639043472208038;0,6460894397835464;0,6776196307334085;0,8499629028101416
Reverberation Time (T-30);0,3221970608343643;0,4032030210053329;0,5515402196607563;0,6953398243627024;0,7674621403932665;0,747743104024868;0,8043716293976317;0,8807080464007621
Clarity - 50 ms (C-50);12,564963213073497;10,680733962363876;8,025006297293043;7,223733518005297;6,87737427632804;7,096376141905136;6,507303496277973;4,23383288584635
Definition/Deutlichkeit (D);94,75087508028419;92,12410553723187;86,38716468588409;84,07184212125514;82,97362290481752;83,67169976133965;81,73300476009746;72,60903301683939
Clarity - 80 ms (C-80);19,27100507467636;16,437199172697714;12,84297038640657;11,965514944314357;10,85645366700277;11,076953965631105;10,56996721588619;7,647721288653859
Center Time (TS);11,24934962765412;13,727959758778718;19,515141778263555;22,631728979030303;24,24894932969304;23,703547876208884;26,391897707890255;38,02943980434996
Strength(G);9,234606478365563;9,267160134445085;9,872104787506096;10,14875869886965;10,214757141675733;10,147466665914166;10,438171141572624;11,404410223270915
Lateral Fraction(LF);2,8578600230933526E-08;3,1481552426876395E-07;0,00011454515303338874;0,00030241796693065054;0,0002959716768492647;9,891122350482197E-05;4,171713070988604E-05;1,4671956621786528E-05
Lateral Efficiency(LE);1,1321736883264757E-08;1,5135020813077154E-07;6,32124609715509E-05;0,00016932197099217306;0,0001743328245345608;5,379858074387878E-05;2,3889124835404625E-05;9,309337862892669E-06
Receiver 24;63 Hz.;125 Hz.;250 Hz.;500 Hz.;1000 Hz.; 2000 Hz.;4000 Hz.; 8000 Hz.
Early Decay Time (EDT);0,22912193298078726;0,28663616192032343;0,30967583664653986;0,3693830317445374;0,3927736182728696;0,3866309542269138;0,3895756002470827;0,3764607205702703
Reverberation Time (T-10);0,23852533338615126;0,28769401350073126;0,36779892099602557;0,3987234464735698;0,4297502259571185;0,4213903325846358;0,42937473619163846;0,412476043098623
Reverberation Time (T-15);0,2414659959319245;0,2817583513316294;0,37889422091723807;0,4413205017036005;0,481984896443905;0,47141518108619374;0,48460895684245026;0,46982668754496704
Reverberation Time (T-20);0,22452267184454616;0,30178738671909655;0,41450774234520127;0,46880874058819644;0,49098901477938006;0,4850113159145564;0,4932971945798488;0,48988674192580817
Reverberation Time (T-30);0,2756485010823184;0,3383472940820158;0,4025372296541181;0,427643906757006;0,4457760929276189;0,4437540831926053;0,4469911546346722;0,48053690209839545
Clarity - 50 ms (C-50);15,141406686570525;13,20781639586716;10,811001767431739;9,687312905014442;9,254058549942147;9,296564395326689;9,24991432991823;9,46893859639582
Definition/Deutlichkeit (D);97,02994085390577;95,44016085023362;92,33900768995397;90,29627371064396;89,38633718538327;89,47883391763753;89,37728073223563;89,84667789618993
Clarity - 80 ms (C-80);23,9579643610821;20,398963886774503;16,765812917106636;15,09579097242681;14,388301637179481;14,512011798239236;14,375787628289867;14,678563504418724
Center Time (TS);8,871046651586843;9,552883322857365;12,953802548238807;15,00176133141496;15,972734706290542;16,075051478808028;16,109482599854527;15,816932593231227
Strength(G);7,582994725433434;7,063021942654906;7,4799091886584534;7,662821268097929;7,746811471279607;7,8332489559225;7,800274474675348;7,78228501253048
Lateral Fraction(LF);2,6985091449137456E-08;3,354766692133718E-07;0,00012585967767342752;0,0003389486019790799;0,00034778617198747786;0,0001115346921506762;4,41464680975452E-05;1,3887357650769815E-05
Lateral Efficiency(LE);9,414300623637681E-09;1,317480578336735E-07;5,421850652045341E-05;0,00015143100722244253;0,000157280753088615;5,041187651419514E-05;1,992144571927321E-05;6,3274662961830156E-06
Receiver 25;63 Hz.;125 Hz.;250 Hz.;500 Hz.;1000 Hz.; 2000 Hz.;4000 Hz.; 8000 Hz.
Early Decay Time (EDT);0,273065150735182;0,32404592399262394;0,4142008650853194;0,48870081600693877;0,48682545290166424;0,47811207770667513;0,5021362414013293;0,5907166170562674
Reverberation Time (T-10);0,2609879700371277;0,3254266176789809;0,410494701489932;0,4774070895285786;0,5082248408506208;0,48694172342457465;0,5439751728639859;0,7266069918616725
Reverberation Time (T-15);0,2532672074755661;0,32453374282316;0,42993186993247823;0,4956819225286946;0,5661990631805461;0,5119994704148344;0,578881385958785;0,7664169746009132
Reverberation Time (T-20);0,26712724960365963;0,33783058544567895;0,4616369509317753;0,5258168226140628;0,6101903939353986;0,5471706082927881;0,6170343542197371;0,7973748773236587
Reverberation Time (T-30);0,2979640918074419;0,36758083626531307;0,49595951510019937;0,5946103005484422;0,7106934436130183;0,6237069660038577;0,6703571553019126;0,833741104837122
Clarity - 50 ms (C-50);13,617642985959638;11,91948649242075;9,277555087784785;8,022110896409504;8,066877757809058;8,105322219828913;7,69350093950714;5,917117313589257
Definition/Deutlichkeit (D);95,83366857014732;93,9605563910083;89,43755611240304;86,37932267294978;86,5001461866876;86,60318280354102;85,46433733310003;79,6160294342221
Clarity - 80 ms (C-80);21,001029608350564;18,0815362674524;14,190001284188297;12,747142119458822;12,395541899542433;12,720975838602115;11,702697779015569;9,415403010628884
Center Time (TS);10,494731007383415;11,516167288844338;16,293897557474025;19,173592173299205;19,95381377598381;19,435647503626253;21,582840655298188;29,711476769952746
Strength(G);8,03483180531947;7,685031550504142;8,126182427755019;8,284744998696652;8,323146923832411;8,350355390479045;8,550805188493577;9,214181187635518
Lateral Fraction(LF);3,0297668725129585E-08;3,5464533525843656E-07;0,00013171683242037426;0,0003373533043183562;0,0003415481145423678;0,00010931514344314749;4,5761595430230415E-05;1,6858476199193163E-05
Lateral Efficiency(LE);1,196509705906581E-08;1,6551798599882722E-07;6,825514758089061E-05;0,0001937151882702557;0,00019263788724522532;6,165734180712339E-05;2,527014270134152E-05;1,0188250855893043E-05
Receiver 26;63 Hz.;125 Hz.;250 Hz.;500 Hz.;1000 Hz.; 2000 Hz.;4000 Hz.; 8000 Hz.
Early Decay Time (EDT);0,2893978425100647;0,37436392867831403;0,47143023421184294;0,5205372625060815;0,5105309856358401;0,509877640510379;0,5395556869115694;0,7319696377589093
Reverberation Time (T-10);0,28858234741233346;0,33632681305693146;0,45370057577586853;0,5206689506507036;0,5355739174910151;0,5158835689474999;0,5898861930121158;0,8161127184065985
Reverberation Time (T-15);0,2753294015473782;0,35005465141069847;0,48268500412133164;0,5793995988353682;0,6285505149623676;0,5892326023726104;0,6435011242460479;0,8493181410630318
Reverberation Time (T-20);0,29006604794733765;0,36743652161506873;0,5122462165771291;0,6360208520477334;0,7144061042983851;0,6575600410619806;0,7144208269847929;0,861635058632866
Reverberation Time (T-30);0,3171195597782424;0,3898192757375936;0,5581408140033611;0,7160713283194261;0,8085540978816822;0,7477917819014678;0,7931189053270474;0,871415002598404
Clarity - 50 ms (C-50);11,871212260615193;9,829760225154697;7,356370122252466;6,3987517270784195;6,22958069508943;6,309754139234814;5,642087420362199;3,49273821044846
Definition/Deutlichkeit (D);93,89716993932824;90,57989408108214;84,47320074811232;81,35686192578758;80,75881310359013;81,04404407842812;78,56899816632006;69,08791665431433
Clarity - 80 ms (C-80);19,06660919312552;15,921606207551937;12,290513958061808;10,63571310005653;10,608785980201867;11,035199306171696;9,837309296742268;6,949951871780239
Center Time (TS);13,097427821188923;15,703606674020344;21,79680639573963;25,638630712396626;26,709862342118445;25,60165316380385;29,27325834638097;42,43229557673126
Strength(G);8,976264292529901;8,755229254004433;9,25897918989952;9,36399194930425;9,580677136540992;9,539493747798588;9,854470403092378;11,074064632537464
Lateral Fraction(LF);3,027424170312029E-08;4,012143465509985E-07;0,0001475006126869236;0,0003754683709025789;0,0004010867272133704;0,00012471752338702355;5,225330197571088E-05;1,8319691782641484E-05
Lateral Efficiency(LE);1,2360944162016058E-08;1,8771458971930912E-07;7,814210677109943E-05;0,00021550298406462475;0,0002310948782497484;7,028221573242563E-05;3,075743167773702E-05;1,1305806782183111E-05
Receiver 27;63 Hz.;125 Hz.;250 Hz.;500 Hz.;1000 Hz.; 2000 Hz.;4000 Hz.; 8000 Hz.
Early Decay Time (EDT);0,2860998602061232;0,3730606419411674;0,4683378078452922;0,508966584955003;0,5387561376061656;0,5276429972359247;0,5697966580304333;0,7720252291406094
Reverberation Time (T-10);0,30176950120481416;0,3646920632668793;0,501374033501749;0,5916179974152822;0,6410999404313433;0,5911191662701661;0,6733109756632771;0,8495163014238756
Reverberation Time (T-15);0,2943048982594832;0,3808887351927407;0,5377921006680262;0,6617335693696232;0,7118310823046339;0,6667896014626912;0,7142106225383666;0,871866255353345
Reverberation Time (T-20);0,31457249475617277;0,3970629047292032;0,561254032981069;0,700509976312301;0,7777750971608357;0,7356794578282824;0,771430073991034;0,8848686459442602
Reverberation Time (T-30);0,3400868931567146;0,42180790265967155;0,6108700430664304;0,7644194212846382;0,8580889586878909;0,8323794258869402;0,8802084853137576;0,8999448527378228
Clarity - 50 ms (C-50);11,075293478214498;9,100373468814274;6,649148988432875;6,033678941225987;5,5695132409039525;5,788188664215764;5,035982452256441;2,6676253821174756
Definition/Deutlichkeit (D);92,75856443097946;89,04590270459957;82,21559616396338;80,05740893742032;78,29174051168401;79,15787419958433;76,12559926762346;64,8908180240768
Clarity - 80 ms (C-80);17,79392168236852;14,8840297771228;11,229980444748877;9,968391595533529;9,491713926126366;9,911073226232428;8,858220813466373;6,004967444323871
Center Time (TS);15,627722484869238;18,244877350965332;25,7251963911604;28,9870060184526;30,911980751923046;29,52760094819221;33,953312592607716;49,281293006682034
Strength(G);9,784808550710473;9,660963072916442;10,286671431034861;10,415913459438443;10,739679060695877;10,554363354083065;11,10568130528722;12,811638678170468
Lateral Fraction(LF);3,252508365672426E-08;3,9336318165220533E-07;0,00014020280435131442;0,00034648085970624026;0,00036237946296146487;0,0001152241868211867;4,7819819976629955E-05;1,6490396351971923E-05
Lateral Efficiency(LE);1,1939161244471953E-08;1,7876846226489816E-07;7,097471567940731E-05;0,00019049150430909645;0,0001971365443137419;6,11131733028567E-05;2,6055751815146847E-05;1,0014087455213675E-05
Receiver 28;63 Hz.;125 Hz.;250 Hz.;500 Hz.;1000 Hz.; 2000 Hz.;4000 Hz.; 8000 Hz.
Early Decay Time (EDT);0,28813122481049314;0,36030632609369956;0,4814993395600546;0,5310105944186663;0,5825869821628031;0,5620460886283174;0,5956331861970299;0,7814822071916601
Reverberation Time (T-10);0,31810809511645044;0,38986991215529265;0,5243751205136027;0,584455197681443;0,6446111716897792;0,627794184430955;0,6869510839752621;0,8618082626210694
Reverberation Time (T-15);0,3118776612330236;0,38856131498029817;0,5592106426071423;0,6550882012593893;0,7165461008656899;0,6998032496792592;0,7203945056289403;0,8818661552953783
Reverberation Time (T-20);0,3238950722140992;0,3996598590703892;0,5815477388198406;0,703735823563308;0,7557903639025838;0,7311730065671898;0,7610705998818966;0,894661932074194
Reverberation Time (T-30);0,34467235976088995;0,42676247602215417;0,6175627757323571;0,7696793650536748;0,8435115176893567;0,8244126318881438;0,8646753740922133;0,9075854923473392
Clarity - 50 ms (C-50);10,962307116681005;9,1617614564595;6,610864425299896;5,65559045993404;5,172699515298163;5,410025819177334;4,6753842237774705;2,450348700011731
Definition/Deutlichkeit (D);92,60559055952854;89,19756481573125;82,13182599209301;78,66947755388222;76,69302474845297;77,65855849011774;74,68462984279898;63,79536821940638
Clarity - 80 ms (C-80);17,344229045450646;14,271923355718501;10,954934540255492;9,9236587642787;8,865127725260303;9,231097630508193;8,399295291708789;5,807545247707733
Center Time (TS);15,64286616952645;18,85586871264349;26,64567656474352;30,29087924205779;33,1382937309604;32,18540943464924;36,09379300960024;51,254237507109266
Strength(G);9,616957301698804;9,700884123092163;10,46012862429194;10,780723416025424;10,975321862216951;10,755408690218324;11,365444070101447;12,98795984217817
Lateral Fraction(LF);3,345146408396406E-08;3,783529898528643E-07;0,00013066828115104953;0,00032491635475290367;0,0003425929258611393;0,00010669559075671746;4,3594831096095715E-05;1,6008191111416538E-05
Lateral Efficiency(LE);1,2723473626109069E-08;1,6302066483656837E-07;6,702669486311632E-05;0,0001690032947057321;0,00017907833463317712;5,6136835248275206E-05;2,348252419206141E-05;9,87308231645161E-06
Receiver 29;63 Hz.;125 Hz.;250 Hz.;500 Hz.;1000 Hz.; 2000 Hz.;4000 Hz.; 8000 Hz.
Early Decay Time (EDT);0,2884059598604901;0,36596656132345357;0,48114300021739254;0,5189626188193126;0,5564141734983038;0,5334539678601521;0,5512410288196022;0,7098047321387188
Reverberation Time (T-10);0,31138403367746015;0,3597959486982755;0,44913090147057605;0,5301577926259605;0,5874004995315044;0,582702752582432;0,6172263704308;0,8253442276828404
Reverberation Time (T-15);0,2944111532087211;0,3600946395142942;0,4901998660597025;0,5871895132948839;0,6332129603229136;0,6252313210206296;0,6742753411349283;0,8570378228990377
Reverberation Time (T-20);0,2999149315562988;0,38085403107433147;0,5076472580536249;0,6350165356462069;0,6762251518876856;0,6627207524758087;0,7093758785674693;0,8641427882041403
Reverberation Time (T-30);0,32061094942199264;0,4058553104487587;0,5588448646226774;0,7128050268849422;0,778424694033951;0,7575007918930323;0,8177532245017312;0,8854123520952156
Clarity - 50 ms (C-50);11,713230383333856;9,733628223175499;6,899563986891294;6,171872091184353;5,829611031381237;5,971099829268987;5,5087548778079585;3,526319600284085
Definition/Deutlichkeit (D);93,68535870140973;90,38931640375519;83,04307745471998;80,55591764456744;79,28708026720463;79,81701123045899;78,04751882637244;69,2528095864047
Clarity - 80 ms (C-80);18,446467847887146;15,299636962171785;11,783531207768302;10,709128051062093;9,595245191737305;10,14761303974845;9,496793133785674;6,876728816428191
Center Time (TS);13,277764414003826;16,747181443435295;24,10664084395396;27,392468734148455;29,385284497972343;28,995179161246234;31,243927697517485;43,847023674938434
Strength(G);8,430176877636132;8,490122207797537;9,263423635796542;9,603805225570873;9,64318489328462;9,65405885354538;9,916239618764088;11,175316026682466
Lateral Fraction(LF);3,287120333459813E-08;3,914128208241613E-07;0,0001426761844730609;0,00037540361498593345;0,0003717945610630322;0,00011666130649283664;4,7180160596121016E-05;1,7360258299053322E-05
Lateral Efficiency(LE);1,2976315963676153E-08;1,7970918573062536E-07;7,62629628185985E-05;0,00020193660851891465;0,00020188708946364275;6,630291249304498E-05;2,7298511583163603E-05;1,0923085457821905E-05
Receiver 30;63 Hz.;125 Hz.;250 Hz.;500 Hz.;1000 Hz.; 2000 Hz.;4000 Hz.; 8000 Hz.
Early Decay Time (EDT);0,20055929341282766;0,2675286154656748;0,3525223733358334;0,4176845635519541;0,44750447630199763;0,4306659036200815;0,4474600256098071;0,42560164456040783
Reverberation Time (T-10);0,28469099085979815;0,3421611511153089;0,39342905251926846;0,451354034760023;0,4861974593805007;0,4741044295604505;0,48602941990499204;0,4715800557539361
Reverberation Time (T-15);0,257298523426278;0,32225562381080397;0,4037666022227644;0,4396431395150434;0,4479495547603513;0,4406709163876963;0,44657072311621393;0,4448949100785678
Reverberation Time (T-20);0,2562728194828034;0,3266612717151967;0,38556789965760335;0,43217121618929;0,4452597635275837;0,44162286905714315;0,44402803860145507;0,44795291148076816
Reverberation Time (T-30);0,2632616274123282;0,3201400479542632;0,3848192026752516;0,4109523518442284;0,4289157363128301;0,42220670559961626;0,4247306068306694;0,4769533457786328
Clarity - 50 ms (C-50);14,706627402281441;12,534489872599222;10,14758987604987;9,036680300168916;8,565863422147581;8,645568700709644;8,519123385676334;8,697247103977016
Definition/Deutlichkeit (D);96,72744484089728;94,71586686610122;91,18607159240634;88,90202769855836;87,7864690086135;87,98188410019144;87,67060752423589;88,10713789686454
Clarity - 80 ms (C-80);22,002840949910663;18,461389724306894;15,156098942533877;13,57054868429282;12,93826192070069;13,096592509630774;12,906901100129225;13,151997268084031
Center Time (TS);8,593060163982049;9,819199434750198;13,574582088310327;15,914276798542934;17,039815356950697;17,041047541684687;17,193095373642457;16,984938075670883
Strength(G);6,549033210644293;5,940162894965194;6,426255306281433;6,645564303670255;6,747612522952167;6,8461016675767326;6,795339869342811;6,779979656889111
Lateral Fraction(LF);3,9937386903911024E-08;4,4318614527759057E-07;0,0001652271369065665;0,00044286529116843037;0,0004549200517264277;0,00014629166688682178;5,78481728405086E-05;1,8398483173586728E-05
Lateral Efficiency(LE);8,42627988439576E-09;1,3729824803298263E-07;5,9882838079240975E-05;0,00017328077872368728;0,00018231933322842872;5,808418301156573E-05;2,3153429175211747E-05;7,224191946967575E-06
Receiver 31;63 Hz.;125 Hz.;250 Hz.;500 Hz.;1000 Hz.; 2000 Hz.;4000 Hz.; 8000 Hz.
Early Decay Time (EDT);0,25623002362093134;0,3303641126460066;0,43363950985000943;0,4729034446438731;0,4968683649122418;0,47695916185485004;0,5093602336224549;0,6037641396298297
Reverberation Time (T-10);0,29217175233370624;0,3396233417794699;0,4316377770779485;0,4483928300330697;0,4867529082762636;0,4663002948509743;0,5158216597312768;0,6982236612620847
Reverberation Time (T-15);0,2648981531844305;0,34405216099307095;0,4181951655199325;0,46614971916894776;0,5455913183968576;0,48836944629935236;0,5456828789090885;0,7782581314641159
Reverberation Time (T-20);0,2725163202591077;0,3468581475670027;0,44620592287933714;0,5307589607951785;0,6088483324363863;0,5625798389775415;0,5914892123204144;0,8241056509271978
Reverberation Time (T-30);0,29158914368930694;0,3722050363342942;0,4948587213897528;0,6003916613968107;0,7143906893578267;0,6831323416108975;0,6904207324618027;0,8666879991106556
Clarity - 50 ms (C-50);12,719698194044655;10,724935981114115;8,262811278975052;7,173443244510138;6,9202272353087935;7,1980912395676055;6,620299125929616;4,938939749404382
Definition/Deutlichkeit (D);94,92528019307474;92,19763632890744;87,01835467226454;83,91269346850663;83,1099706125161;83,98916011520778;82,11825830952652;75,71712347072435
Clarity - 80 ms (C-80);20,137310817818523;16,711972408601778;13,33121141849639;12,297159967311364;11,573535209645316;12,218771270937548;11,102062378449657;8,806413511287563
Center Time (TS);11,266510392399319;13,184411520279836;18,29019089090051;21,938103447637115;23,003775744312037;21,736725196091193;23,656899397857185;32,9801690366657
Strength(G);7,113166183104415;6,786794539456558;7,372117002750926;7,814431846666409;7,736135632996053;7,752247340075144;7,8837418574129785;8,612835962849317
Lateral Fraction(LF);4,013621345683542E-08;4,81426992650386E-07;0,00017752553846628474;0,000501749129732922;0,0004915600315719156;0,00015505981895122797;6,219906073373941E-05;2,1591104912150748E-05
Lateral Efficiency(LE);1,3646364133102084E-08;1,997202610044037E-07;8,248717506876896E-05;0,00026156279844909174;0,00025387334040970514;7,868537826488318E-05;3,099312986204007E-05;1,183558791400404E-05
Receiver 32;63 Hz.;125 Hz.;250 Hz.;500 Hz.;1000 Hz.; 2000 Hz.;4000 Hz.; 8000 Hz.
Early Decay Time (EDT);0,2818448335882332;0,3761387734179844;0,4635945172720558;0,4944176427981165;0,5041210719080336;0,49471631635747443;0,553379088451952;0,7179950640885029
Reverberation Time (T-10);0,30388910992612456;0,34873213240177303;0,4460645667185322;0,48073990126924143;0,5381575794543212;0,49880266149052166;0,5801537980798708;0,8394898579531617
Reverberation Time (T-15);0,283106060687843;0,35501306579180514;0,4724431076273704;0,5609768466833867;0,6604231574258502;0,5889862516073144;0,6523738937852535;0,8675604445299021
Reverberation Time (T-20);0,2888541492903492;0,3696590972671361;0,5093530342659566;0,6210968642815136;0,7335755896515778;0,6655132711590375;0,7026714128769425;0,8840771812450824
Reverberation Time (T-30);0,313748833791232;0,39601569495072914;0,5704774311215145;0,7227896511553715;0,7957512183970717;0,7593326288567548;0,7967881829014734;0,8908042720969883
Clarity - 50 ms (C-50);10,947214956798256;8,92590252366331;6,451222299234296;5,359772110751746;5,5195705129486194;5,53757447697704;4,940914929467809;2,93697929097061
Definition/Deutlichkeit (D);92,55795558367777;88,6478538543424;81,5394183947006;77,45411510178604;78,09015782151259;78,16100349183822;75,72548461696826;66,29044572740244
Clarity - 80 ms (C-80);18,49488177854273;15,247205038621722;11,757155509164075;10,461026462075182;10,192716505813213;10,5789689647579;9,34550091313916;6,648652426158261
Center Time (TS);14,569386429883792;17,803349765075872;24,655146148526565;29,254199840193582;29,864201805655817;28,74374906080216;32,24432773163381;45,95280885222243
Strength(G);8,22226396809721;8,007352920133847;8,817039534942936;9,226682773753396;9,420487720950987;9,238325841162556;9,567820293109868;10,8975327657664
Lateral Fraction(LF);3,950296213466721E-08;5,48281784369782E-07;0,00019853902384706377;0,0005366848254647127;0,000545920766894638;0,00016657413845823414;6,920025347172716E-05;2,298435619940911E-05
Lateral Efficiency(LE);1,4829393393179262E-08;2,3682704947793466E-07;9,399517243836527E-05;0,00029890715027045423;0,0002801276420759365;8,482988170100067E-05;3,431086704622129E-05;1,3211539580521397E-05
Receiver 33;63 Hz.;125 Hz.;250 Hz.;500 Hz.;1000 Hz.; 2000 Hz.;4000 Hz.; 8000 Hz.
Early Decay Time (EDT);0,2886796021633219;0,37062114142512664;0,4796493926693785;0,5297347850932743;0,5601250984500755;0,5428026911050712;0,5948389423766753;0,8019420337952998
Reverberation Time (T-10);0,3046359858440067;0,3715153664767113;0,523086084044092;0,6256171776303646;0,680087047706619;0,6450478544840684;0,6873084757604121;0,8854130419466518
Reverberation Time (T-15);0,3025662127963266;0,392935570400695;0,5570554800092243;0,6988919125089876;0,7647696687044785;0,7308684184144604;0,7326355503219579;0,8928388632149821
Reverberation Time (T-20);0,31668399581531065;0,40873142599610424;0,584421738634031;0,7424894302922005;0,8226644357858927;0,7679626354069237;0,7849825209877459;0,8998174929643579
Reverberation Time (T-30);0,34412046084717973;0,4310435820281626;0,6241027056807706;0,7756654320908382;0,8716374480925446;0,8385763688085519;0,8854816224394613;0,9046089297283559
Clarity - 50 ms (C-50);10,238371844415422;8,133639482517705;5,704529041796167;4,870480406382732;4,769500353208015;4,825355246380133;4,2125594868766525;2,0881800726407596
Definition/Deutlichkeit (D);91,35667864304018;86,69176876764078;78,8100974155704;75,43051481984826;74,99260713577685;75,23302353903304;72,5688102667881;61,79417776734122
Clarity - 80 ms (C-80);17,07238776608653;13,77454623345807;10,269530533524154;9,042075577731074;8,558284228120787;8,89406035762818;8,003884064084964;5,44795615227788
Center Time (TS);17,542589491889707;21,984794457982552;30,215368967617593;35,03999158709023;36,31452142897846;35,35355690061165;39,204551016208576;54,251165324590104
Strength(G);9,630758011795706;9,59946969516341;10,605066121438824;11,005211169797349;11,32559460984632;11,070874874956132;11,782125623444813;13,643061170805467
Lateral Fraction(LF);3,8198605877463546E-08;5,278653550450608E-07;0,0001856062513872731;0,00047563980009266983;0,00048379518450820664;0,0001508744388605515;5,972280911808008E-05;2,01330802615071E-05
Lateral Efficiency(LE);1,4548549932810892E-08;2,2210967246243904E-07;8,794544730129773E-05;0,00024564632647721687;0,00024178549774725997;7,402140719387023E-05;3,053469832310187E-05;1,1673121346942968E-05
Receiver 34;63 Hz.;125 Hz.;250 Hz.;500 Hz.;1000 Hz.; 2000 Hz.;4000 Hz.; 8000 Hz.
Early Decay Time (EDT);0,28833684484125605;0,3792739619904188;0,490535667088708;0,5327231825493489;0,5979796830687865;0,558988924750288;0,6334747425124887;0,8205270841480772
Reverberation Time (T-10);0,3214832561640874;0,38853827028437354;0,5323763294609468;0,6580111475827763;0,6831427359063412;0,6673622939440822;0,717608458826905;0,8774840433094122
Reverberation Time (T-15);0,32116255590453296;0,4006569263424487;0,5696041741572414;0,7070755030668859;0,755669192170949;0,7383176429800687;0,7461236331841649;0,8900560128087769
Reverberation Time (T-20);0,3313421250026771;0,4150348160630919;0,594028266858754;0,7375685101892965;0,8033568282182488;0,758814198074616;0,7901682269606609;0,8990477943676038
Reverberation Time (T-30);0,3488232233313901;0,43676645677271786;0,6299468514976841;0,7758933548122163;0,8659524790282938;0,843167869865605;0,8784041080542763;0,9059838183588439
Clarity - 50 ms (C-50);10,270666381130093;8,08894345935406;5,646008068663643;4,871339587630517;4,395223005693792;4,787832686180257;4,039013518460756;2,0721948398510186
Definition/Deutlichkeit (D);91,41614011407884;86,55936691545939;78,67927524243802;75,4889562443449;73,39548032008113;75,09494858003826;71,74291381660663;61,707241729017305
Clarity - 80 ms (C-80);16,60134592956802;13,349802445480453;9,896078556577795;8,89481129502484;8,009216464566798;8,719776668860096;7,540196258269196;5,27174499040515
Center Time (TS);17,61533802707567;22,335341632339617;31,4718071705697;35,95212004982449;38,46112155291639;36,344581045985265;40,78941741352793;55,08152305211659
Strength(G);9,591474331037482;9,826384306956776;11,089595970577854;11,657385194677119;11,917345871318751;11,69948591877558;12,36841609263022;14,226990272527928
Lateral Fraction(LF);4,2677734006626274E-08;5,086942920938907E-07;0,0001808637908974144;0,00046316306563813766;0,00047217165141503516;0,00014829822729648035;5,792764120072885E-05;1,991043786362582E-05
Lateral Efficiency(LE);1,507761600333569E-08;2,1641374746152179E-07;8,537324393424753E-05;0,00023107278953606318;0,00022237365991568123;7,216420866791794E-05;2,842959880906101E-05;1,0925070654240923E-05
Receiver 35;63 Hz.;125 Hz.;250 Hz.;500 Hz.;1000 Hz.; 2000 Hz.;4000 Hz.; 8000 Hz.
Early Decay Time (EDT);0,2886429373804869;0,3643470672203244;0,4747568950687457;0,5021498682972081;0,5378368868644099;0,5200728785952999;0,5815751772882735;0,7816052162061881
Reverberation Time (T-10);0,30111333122364287;0,37157185365042544;0,4743365562341674;0,6284735323726672;0,6484753383389273;0,6285893838577891;0,677741128318906;0,8456524170216411
Reverberation Time (T-15);0,2971242994219097;0,3806579884309789;0,512508365622555;0,66773524556716;0,6875774057892627;0,6692364843540912;0,7174889364662584;0,8586234586900481
Reverberation Time (T-20);0,31198076125791063;0,39992950350103657;0,5369216845342706;0,6874836413850408;0,7483806588119468;0,7003021372958331;0,7391071052048931;0,8722546919405404
Reverberation Time (T-30);0,33106676899407916;0,4211350420161144;0,5857869412792167;0,7329532688991284;0,8149227450344295;0,8001581584087484;0,8405030259977949;0,8913612463010394
Clarity - 50 ms (C-50);11,423560237812897;9,223626524981498;6,431580041665336;5,689879504060781;5,541215692503848;5,430788843546836;4,8939975466890555;2,8589647007019474
Definition/Deutlichkeit (D);93,2790871556893;89,31967470803707;81,47124117516327;78,7537112864397;78,17531160368813;77,73838651392279;75,52635011454898;65,88786172525182
Clarity - 80 ms (C-80);18,01883685584373;14,485842270521417;10,970984276316463;9,837150345655601;9,21253617707263;9,550627415103298;8,521137678825726;6,0166129670362185
Center Time (TS);14,288546755962198;18,21945244087478;26,92184773076268;30,837544900568677;32,12945177193514;31,38150884252927;35,021326151200405;48,63326967455958
Strength(G);7,894081590403886;8,097169722309793;9,094101897906171;9,606909112816986;9,880992151159106;9,8432776449133;9,961435657595466;11,485489731722843
Lateral Fraction(LF);4,4615028422330014E-08;5,306913635546576E-07;0,00019259984843182548;0,000510922159737018;0,0005197589652275772;0,0001547996787183063;6,482313060633067E-05;2,2978911219047668E-05
Lateral Efficiency(LE);1,3967775438971196E-08;2,037164938385784E-07;9,008840562285283E-05;0,00023092083035517374;0,00023558599999744966;7,117396669581554E-05;3,23281259168846E-05;1,2657275258093282E-05
