Pachyderm Acoustic Simulation Results
Saved 23.12.2024 22:21:54
Filename:ORASE_FlatCeiling_Rough_Concrete (2).3dm
Source 0;
Receiver 0;63 Hz.;125 Hz.;250 Hz.;500 Hz.;1000 Hz.; 2000 Hz.;4000 Hz.; 8000 Hz.
Early Decay Time (EDT);0,27496656390630936;0,3003273781274368;0,23870219912509172;0,3252098942153465;0,33275859200504376;0,3391672729330738;0,3372841243146908;0,32393877446030955
Reverberation Time (T-10);0,2691695113252621;0,3067868608651355;0,3781289132617618;0,40896818579379;0,42302160525252835;0,4047090160421174;0,41342828927606246;0,4089376312478607
Reverberation Time (T-15);0,25208205297997693;0,2875389189071619;0,3531450686788727;0,40048511545074605;0,4139318114669029;0,40484085266929903;0,41087916565662813;0,40694381996784335
Reverberation Time (T-20);0,25005717622699797;0,2962494091021091;0,350755951069397;0,39294189862992057;0,41533300687308633;0,39880356564804637;0,4116637461798088;0,41296159825493745
Reverberation Time (T-30);0,24181149428123944;0,2957570517236258;0,38706398086135674;0,43253737724951685;0,4521796033967065;0,4420101805933186;0,45173895075430304;0,4736068950897474
Clarity - 50 ms (C-50);18,999195628506897;17,438465088060028;15,084814820905965;14,006952224602784;13,584604966010808;13,51077603380719;13,558624737650241;13,757795308604166
Definition/Deutlichkeit (D);98,75649904602263;98,22830026462373;96,99215718884658;96,17723953910749;95,80318846743535;95,73430325540282;95,77907007293402;95,96063067848758
Clarity - 80 ms (C-80);25,361737811187886;22,901555385726454;19,892611838519066;18,339937097720824;17,84903975658213;17,767664642892754;17,819815491382386;17,944902126626
Center Time (TS);4,157146800253188;4,532716633560421;5,8690924952424615;6,64569625797279;7,060489488802547;7,389952669193231;7,18771664248022;7,088498879601497
Strength(G);12,41331943933594;12,364319582280444;12,46741608689544;12,498972704252111;12,54399815130705;12,616432623113383;12,55940144698333;12,545135421807814
Lateral Fraction(LF);8,353362260648125E-09;9,684116443984666E-08;3,3768404864990375E-05;8,625202448695305E-05;8,991869608891622E-05;2,977675855027415E-05;1,1469454824127943E-05;3,6772321495507783E-06
Lateral Efficiency(LE);3,949481815001904E-09;4,796295987241294E-08;1,8134485869593327E-05;4,8537447905301186E-05;5,0590786568362474E-05;1,6987888778176756E-05;6,494401463409837E-06;2,0054237071365587E-06
Receiver 1;63 Hz.;125 Hz.;250 Hz.;500 Hz.;1000 Hz.; 2000 Hz.;4000 Hz.; 8000 Hz.
Early Decay Time (EDT);0,2779901041706913;0,25456700073870314;0,34558593377216357;0,3720575784589859;0,390677009150599;0,39429765858257987;0,4036942805968854;0,3716220754998452
Reverberation Time (T-10);0,26143181819794187;0,28452916008574636;0,3857465500695629;0,43467045597462106;0,4663637996540203;0,4519527287650324;0,4636080564503052;0,5544288662662262
Reverberation Time (T-15);0,2750546871926617;0,3035557659635167;0,3861555130489951;0,4346171593117515;0,4608070891282457;0,4517474482825795;0,4810039371041606;0,616572645536551
Reverberation Time (T-20);0,2693915750121494;0,3132168219106595;0,3990052124458394;0,46227786514154073;0,48963765785665114;0,48921077146379954;0,5220019889283286;0,6874837424871393
Reverberation Time (T-30);0,27418222471516185;0,32856369920132966;0,4567978307959353;0,5390961270434185;0,5580868783341331;0,5588361220136947;0,5894813758037792;0,7744076093589088
Clarity - 50 ms (C-50);19,063160448582483;18,07716033388396;15,68791210445851;14,646286620807112;14,15073170304877;14,395050714813337;13,900262325318781;12,27818402271197
Definition/Deutlichkeit (D);98,77445685422447;98,46688697075231;97,37189677266032;96,68317733629472;96,29711597379877;96,49257163765103;96,08588690005244;94,41257823360425
Clarity - 80 ms (C-80);25,59310343789287;23,483097612481355;20,168202229149756;18,958582015781808;18,33661693942952;18,587099012405442;17,470680413378094;15,15590576595156
Center Time (TS);3,1045180952785714;3,3678991233581153;4,480457248132746;5,180679227014105;5,4531134747250345;5,4209182435563354;6,034199714361786;8,591442904369956
Strength(G);15,598613140335377;15,63300351576963;15,637516287041322;15,669843111263859;15,660693768624526;15,658048039909396;15,722061277125242;16,001831150569203
Lateral Fraction(LF);5,4940892297842995E-09;6,563485480673479E-08;2,254479946398172E-05;6,19875212497352E-05;5,990321590907517E-05;1,900265897323975E-05;8,10687114287605E-06;2,844120557455303E-06
Lateral Efficiency(LE);2,1533797048170708E-09;2,450190209969668E-08;9,6299654265307E-06;2,62433906739603E-05;2,7379844353805895E-05;8,846331475266157E-06;3,7285825276929365E-06;1,2844527188744147E-06
Receiver 2;63 Hz.;125 Hz.;250 Hz.;500 Hz.;1000 Hz.; 2000 Hz.;4000 Hz.; 8000 Hz.
Early Decay Time (EDT);6,01556031304958;0,5205464965860983;0,5544977292954993;0,750103882753352;0,7887957859850685;0,8733067238111603;0,6079606340919905;0,4255147416308178
Reverberation Time (T-10);0,25690111323208464;0,24458835369801507;0,3380807881871741;0,41781870768402823;0,4382480219314035;0,4164416624009128;0,45608397811402807;0,5815571365288321
Reverberation Time (T-15);0,2735073036064391;0,3029675204141491;0,3866514252521083;0,4489507753354861;0,46563428441835353;0,4396548935055397;0,5019485862956947;0,67241609804068
Reverberation Time (T-20);0,2753062153883102;0,31713398985937447;0,4258016177114902;0,48630150095957736;0,5168825892874678;0,4989385256802905;0,5585094482008832;0,7385910591182907
Reverberation Time (T-30);0,28669656134372906;0,34443510774008457;0,4866557157313045;0,5648793530540371;0,6312393801983303;0,6165589583565791;0,6623826908828457;0,8220118609349297
Clarity - 50 ms (C-50);20,592089561470996;19,545880735532144;17,147680776713486;16,03854494676641;15,798528632560187;16,150434731850755;15,098609884740004;12,709654727005748
Definition/Deutlichkeit (D);99,13499615500534;98,9019633415357;98,10793497894265;97,5707885460009;97,43629587442906;97,63111074996048;97,00141019853771;94,91412840392005
Clarity - 80 ms (C-80);27,101791938112775;24,798695160216976;21,154199354542907;19,716923455609873;19,401405493708047;19,971362732067874;18,483372536233112;15,40728142593155
Center Time (TS);2,082902284455639;2,2946468717377693;3,3253086097303206;3,857975149594841;3,984373449769067;3,856253072219821;4,549068640997053;7,742874103766975
Strength(G);19,499457961864795;19,533339489193448;19,581592446449655;19,5798881377832;19,584944333148904;19,57351966388464;19,631792436121124;19,946001872899572
Lateral Fraction(LF);4,2627018479844346E-09;5,5312125441306286E-08;1,9502246379642126E-05;4,95444348209666E-05;5,0575259735477446E-05;1,5968641055065307E-05;6,841406627529632E-06;2,6722381549165643E-06
Lateral Efficiency(LE);1,2034478253268062E-09;1,6006130179687703E-08;6,899875846021741E-06;1,9249600509789645E-05;1,9416609086992978E-05;5,919294062724215E-06;2,7064250791502866E-06;1,182576570542673E-06
Receiver 3;63 Hz.;125 Hz.;250 Hz.;500 Hz.;1000 Hz.; 2000 Hz.;4000 Hz.; 8000 Hz.
Early Decay Time (EDT);0,25304247595991086;0,23996276708685868;0,24603973756333147;0,2603094807433897;0,2687868515363264;0,2799288789311425;0,2910931950920075;0,5006070080539903
Reverberation Time (T-10);0,24496168452683006;0,2545010017537696;0,36764028533391446;0,4209881706227385;0,4401744107247349;0,4386111581569613;0,47388207104454927;0,6596878924130581
Reverberation Time (T-15);0,2927447949728116;0,32414567654031606;0,41641229210571123;0,47749742268101203;0,505102907839104;0,48431249992309583;0,5480883172358874;0,7333876245994374
Reverberation Time (T-20);0,28901532599931823;0,3415368037435251;0,4543679308713077;0,5340012394291915;0,567677810257592;0,5551315938395298;0,6138801207553022;0,7862525221807148
Reverberation Time (T-30);0,3119350674253667;0,37279967279050563;0,5127572750631556;0,6196338711979169;0,7086912247655814;0,6810618891165426;0,7337111614505774;0,8507635012385012
Clarity - 50 ms (C-50);18,82370503347285;17,895209912208493;15,331026475315856;14,396960018155534;14,224424881303557;14,430256453490813;13,637919914926833;10,588973188357112
Definition/Deutlichkeit (D);98,70719172404992;98,4034730716737;97,15522509497019;96,4955935764504;96,35811700609909;96,52087912859935;95,85456763636707;91,98279646131805
Clarity - 80 ms (C-80);25,053244783844097;22,949847150747086;19,199042475965918;18,108250881623874;17,685084211576296;18,208178316491672;16,79268738598586;13,274539954768915
Center Time (TS);2,850043905744653;3,19647105656396;4,866014881899453;5,6028592522768275;5,76442411058766;5,44902101302258;6,557484260095736;12,0838905202867
Strength(G);19,726345564332807;19,807990180739694;19,94139377556813;19,94827242030236;19,919453333869896;19,866026167509993;20,017069874792924;20,629637457587904
Lateral Fraction(LF);6,665378698096843E-09;9,062021511145128E-08;3,539187766667935E-05;9,428709716858081E-05;9,179791652389874E-05;2,799747437305695E-05;1,2589879570516303E-05;5,136042277882789E-06
Lateral Efficiency(LE);1,915413691609028E-09;2,5998006349258638E-08;1,1652703571436832E-05;3,1639335909889246E-05;3,1583261986629255E-05;9,2534789860932E-06;4,3559991923117885E-06;2,154970616988309E-06
Receiver 4;63 Hz.;125 Hz.;250 Hz.;500 Hz.;1000 Hz.; 2000 Hz.;4000 Hz.; 8000 Hz.
Early Decay Time (EDT);0,23708393065088362;0,23105947227379156;0,3355347950884949;0,37524427851346887;0,3964799053569471;0,39159761744257054;0,43363245148462903;0,606724068785942
Reverberation Time (T-10);0,30326142977627757;0,32093946813105595;0,42218718577677317;0,479172823334343;0,5270444659197074;0,4756487796692336;0,5735503197623448;0,7547998208973753
Reverberation Time (T-15);0,2988016423135758;0,33395488546574126;0,4478676762520541;0,531951681277725;0,572697683567526;0,5473785290681515;0,6175847839546504;0,805955808439198
Reverberation Time (T-20);0,30803967034776464;0,3542058468918951;0,48007729483769646;0,576921972296966;0,6355890568333722;0,6177427966050621;0,6835186797279648;0,8403874781342586
Reverberation Time (T-30);0,3267358313552766;0,3902862732875428;0,5396411731063653;0,6597052505306265;0,7611640737899343;0,7363200677895303;0,8038591809152176;0,8807273975644
Clarity - 50 ms (C-50);15,64158849897934;14,540177360611716;11,909662405343752;10,997341139665384;10,77278342256889;11,078265422236326;10,156019924778859;7,55256467193311
Definition/Deutlichkeit (D);97,35947513801952;96,62602145313335;93,97273517346166;92,65299948019022;92,2886552019041;92,77201329699952;91,22773374572013;85,22439609181093
Clarity - 80 ms (C-80);21,54938277514225;19,700256005247063;16,048322345660768;14,77272230633731;14,052542869784206;14,798322967388717;13,246584156030432;10,382657560661332
Center Time (TS);5,683837847271553;6,698151360682217;10,053813338836832;11,576958669892695;12,277322098763491;11,655751916460598;13,984526473884786;22,248688550614645
Strength(G);16,32359760358742;16,642001460341696;17,07414342524769;17,158653368576687;17,168835159107793;17,03520344373767;17,34165889028573;18,206550522830668
Lateral Fraction(LF);1,3109061516958427E-08;1,9970489468038833E-07;7,75979103783501E-05;0,00019988823003151836;0,00020467819880624983;6,27678878673414E-05;2,7279571748428513E-05;1,0502677251634023E-05
Lateral Efficiency(LE);4,355350850573191E-09;6,268611544683368E-08;2,8484657435528605E-05;7,629949913737212E-05;7,355550549358411E-05;2,4311297097621717E-05;1,0671064590700855E-05;4,805403568954808E-06
Receiver 5;63 Hz.;125 Hz.;250 Hz.;500 Hz.;1000 Hz.; 2000 Hz.;4000 Hz.; 8000 Hz.
Early Decay Time (EDT);0,2463896770259721;0,2622900923646222;0,3800240167013095;0,3927770359371109;0,4283599867242827;0,42586637481335143;0,43589618706406724;0,5753071393930735
Reverberation Time (T-10);0,2887516827070955;0,31389625337861143;0,415745387780912;0,4694068361956929;0,5217148462499711;0,4692008505096634;0,5394165168128754;0,7184414306682472
Reverberation Time (T-15);0,2781739123971299;0,3263487158571354;0,4319712469518311;0,513795031068619;0,5491606940636504;0,5260435038119415;0,5874429265693023;0,78231710312434
Reverberation Time (T-20);0,2881217496323325;0,3416900901512818;0,45816708389871663;0,5508209024284265;0,5879255254401348;0,5614720299737305;0,64551915671696;0,8242321447230393
Reverberation Time (T-30);0,30561221083173296;0,37166571386535685;0,5177580432451796;0,636018615652741;0,7027480762951753;0,6704929593211939;0,7679720924449885;0,8667084667135273
Clarity - 50 ms (C-50);15,55846952895822;14,207096349323706;10,99475007829253;10,433490675318733;9,99856238921483;10,318482310669932;9,72114213537505;7,244110446490785
Definition/Deutlichkeit (D);97,29828148043899;96,35113320968041;92,64802839216813;91,70534187739663;90,91310952043852;91,50138867839358;90,36726047549793;84,18292518021867
Clarity - 80 ms (C-80);21,579556037006043;19,29107065469594;15,565136249653353;14,407590386810034;13,276683070430057;14,08398281524554;13,07287379097385;10,345004553079125
Center Time (TS);6,885793884520148;8,347399123811043;12,451829758056347;13,779784892630046;15,132917817483056;14,543063848656669;15,830776080016363;24,05797996480271
Strength(G);13,163699188074904;13,53551821417074;14,025298295687783;14,332990731599892;14,354215734307594;14,286282116110023;14,516819907429266;15,040261614774252
Lateral Fraction(LF);1,4517605270003995E-08;2,341452800156347E-07;8,939447765322324E-05;0,0002462333934796725;0,0002591823385648519;7,810804371267582E-05;3,18268757579347E-05;1,1295125916768273E-05
Lateral Efficiency(LE);5,857126157677799E-09;8,676718370788682E-08;4,1924907327343094E-05;0,00010225923050138749;0,00010762843470286446;3,6256742549585194E-05;1,4340546855063741E-05;5,759243136770691E-06
Receiver 6;63 Hz.;125 Hz.;250 Hz.;500 Hz.;1000 Hz.; 2000 Hz.;4000 Hz.; 8000 Hz.
Early Decay Time (EDT);0,25741118040489747;0,3097937762184707;0,4827854324275231;0,5473594864835994;0,5718321450008454;0,5168951070041973;0,548702054132575;0,5371066018695378
Reverberation Time (T-10);0,28510347504310324;0,34899970173984735;0,3922658992606388;0,42980683170204786;0,4481741964450883;0,4302203883342174;0,44300873955682535;0,43121396673081636
Reverberation Time (T-15);0,25327217816318265;0,3079375409431908;0,38611870914158175;0,4394121378049094;0,464261270562378;0,4415908259440201;0,45946081559715746;0,4473721703422975
Reverberation Time (T-20);0,25190267198830796;0,31509319187597323;0,39544079367440166;0,45100904343600945;0,4739134048831737;0,4570687226991038;0,4699020596260422;0,4684949692825454
Reverberation Time (T-30);0,26578893800397474;0,32427394099123386;0,4029661119438367;0,44361921322185655;0,4634215960442545;0,4524663980290743;0,4660793290159293;0,48617137278493366
Clarity - 50 ms (C-50);17,947577803817182;16,29421618615143;13,992456588524643;12,87512671098204;12,420734248082075;12,410107384555939;12,405831321480012;12,673247961548135
Definition/Deutlichkeit (D);98,42118655495865;97,70648403858644;96,16494897432518;95,09493555889075;94,58322621691435;94,57067605190403;94,56561835692567;94,87350935491925
Clarity - 80 ms (C-80);24,804585910264684;21,965568512244694;18,744842623806125;17,034134536540716;16,50582801909541;16,568557810394104;16,548602537536418;16,741722644716585
Center Time (TS);4,948601908875407;5,210755708153356;6,94870747516136;8,09081652644387;8,703837646954382;8,989358253209852;8,781837006529774;8,558597382262278
Strength(G);10,95946441313206;10,790914694646748;10,91465763218676;10,96654955141571;11,0054745538269;11,10275234150847;11,026929621189318;11,005022658079582
Lateral Fraction(LF);9,584125095235485E-09;1,143198829525681E-07;4,0473013979666075E-05;0,00010573661761550879;0,00011053726306518785;3,7451437189142965E-05;1,4055356531108268E-05;4,396436887355372E-06
Lateral Efficiency(LE);5,4773485292132385E-09;6,428351478116252E-08;2,5021511515335934E-05;6,754868970501834E-05;7,112796985269563E-05;2,3794515473865682E-05;9,107474054290024E-06;2,8152504943826337E-06
Receiver 7;63 Hz.;125 Hz.;250 Hz.;500 Hz.;1000 Hz.; 2000 Hz.;4000 Hz.; 8000 Hz.
Early Decay Time (EDT);0,4458263760116299;0,45536511784071565;0,44272076962380663;0,5757410153638138;0,6011822616091049;0,5508857232565341;0,5501068644408573;0,5932822365164995
Reverberation Time (T-10);0,31652224799927414;0,3667099644538717;0,428538277252221;0,5037358508313345;0,4948476359163555;0,4889873738879357;0,49619269841252583;0,5883696175213193
Reverberation Time (T-15);0,28475393412969197;0,32708557271842426;0,4146012353782931;0,47259102083075394;0,4883517925061348;0,4798865822967333;0,5261615411897463;0,6428749839405656
Reverberation Time (T-20);0,27919050168881754;0,32774142384986316;0,44124242432102734;0,49928135742638474;0,5343774145450115;0,5188583269415392;0,5873304449155301;0,6969388423103964
Reverberation Time (T-30);0,28930149570871494;0,35007710880563353;0,47000326912465445;0,5215163034996714;0,5842096276651891;0,5319646558506224;0,5945194282007096;0,7865225071009491
Clarity - 50 ms (C-50);17,013256055030787;16,174607962854985;13,883884159417503;12,491388196496995;12,568624389197002;12,350485622670028;12,047510634181958;10,243472084383926
Definition/Deutlichkeit (D);98,04961526864376;97,64394978505132;96,07167903341909;94,66597446848957;94,7550663210773;94,49975397811156;94,12568684252571;91,36190568918614
Clarity - 80 ms (C-80);23,2345878649638;21,35704180824906;18,03313111098547;16,439222317074485;16,265353319767026;16,34673506789808;15,450251456655106;13,210018108851484
Center Time (TS);4,7761772339103175;4,740713535044436;6,5511094224601685;7,721036343698082;7,906864703884372;8,199894845554306;8,944495946781931;12,791963631022366
Strength(G);12,942260983366584;12,888405233538311;12,960646396057442;12,958327365910456;12,94925975022879;13,04220796211824;13,105246566702675;13,543449619311211
Lateral Fraction(LF);9,19655653966783E-09;9,21012590694903E-08;3,441606368165583E-05;8,463482249303455E-05;8,287344433298378E-05;3,0662532341293814E-05;1,2560143415365709E-05;4,392664588890731E-06
Lateral Efficiency(LE);4,583892488494004E-09;4,854094824055774E-08;1,9479827195448943E-05;5,50576434091438E-05;5,403573703170594E-05;1,8392323505452745E-05;7,265997165660578E-06;2,6796576951960313E-06
Receiver 8;63 Hz.;125 Hz.;250 Hz.;500 Hz.;1000 Hz.; 2000 Hz.;4000 Hz.; 8000 Hz.
Early Decay Time (EDT);0,3968302616777539;0,38816747481187247;0,4396957084269186;0,5400811446905316;0,5983822517978872;0,5311535654398456;0,5300017573862241;0,6521999820424293
Reverberation Time (T-10);0,3108068975934228;0,3655399045023134;0,423317144038897;0,4918767763122955;0,5097201371276203;0,49889569959776464;0,5244662148518722;0,6925534678925553
Reverberation Time (T-15);0,2920876054733028;0,3421103111977493;0,433852453104012;0,5085726174926923;0,5303660263213131;0,5172713403552106;0,5666343300682525;0,732302557689097
Reverberation Time (T-20);0,2870323232544813;0,34543465802063344;0,46903958858558686;0,5312009212283149;0,5752913456026673;0,5629224280282358;0,6199305671627611;0,7788318123752864
Reverberation Time (T-30);0,3019050862987123;0,36386060927415476;0,5098304551135492;0,5970747697519453;0,675621679270347;0,6389617846430685;0,7255970100527013;0,8390040631016281
Clarity - 50 ms (C-50);15,944649343546331;15,029615134524253;12,776887723801549;11,515063311821041;11,203607885135183;11,55132925357796;10,906487343466232;8,45970396596918
Definition/Deutlichkeit (D);97,51901370139079;96,95485452023482;94,98834081444784;93,40997694862811;92,95453300376114;93,46119474337168;92,49310047117329;87,52195334188222
Clarity - 80 ms (C-80);22,730496211975414;20,578790460598142;17,15769973429894;15,633869021375702;15,276095111389271;15,792484822315272;14,586662447805805;11,452349156251154
Center Time (TS);4,943341597830292;5,1429397243028685;7,611206479049452;8,996709220826087;9,315719533753297;8,870875255006608;10,315408850656917;17,3416001896925
Strength(G);14,685471293523165;14,640488224758478;14,807583036690076;14,84732857613789;14,800693241389418;14,797871432601994;14,979351036062361;15,605743433886815
Lateral Fraction(LF);9,976039280785081E-09;1,1120919732435926E-07;4,119949183656691E-05;0,00011120933003836128;0,00010452983661992945;3,3590521351754975E-05;1,4954096936810998E-05;5,7127155301838466E-06
Lateral Efficiency(LE);3,922985308119972E-09;5,206245757954833E-08;2,149010756095636E-05;6,197662919133467E-05;6,197160271955167E-05;1,8604687409971972E-05;8,067380703687117E-06;3,291869115943783E-06
Receiver 9;63 Hz.;125 Hz.;250 Hz.;500 Hz.;1000 Hz.; 2000 Hz.;4000 Hz.; 8000 Hz.
Early Decay Time (EDT);0,32827460667091396;0,32512803822518893;0,4179482375267794;0,44263075343412595;0,4686299848801209;0,49050276998041437;0,48295556880845986;0,6629893633812879
Reverberation Time (T-10);0,30888652651127085;0,35220578914762346;0,4305354131003092;0,4759476650504074;0,5113359691327768;0,5043056152186327;0,5456964798123926;0,7370863572972117
Reverberation Time (T-15);0,2967442169372622;0,3505014517514615;0,4565327056610902;0,5354445545350465;0,5609228214354359;0,5481285211189112;0,5891807399421886;0,7780625331765025
Reverberation Time (T-20);0,30192728618750386;0,36081012225018044;0,48283900454076334;0,5816007192278572;0,6405004659362915;0,6056776611596376;0,6379323199131506;0,8216047786188339
Reverberation Time (T-30);0,321629181118562;0,38604111879367714;0,5276146368300257;0,6426842317761778;0,748195890668178;0,7512683300231149;0,7701099283576859;0,8700958425529152
Clarity - 50 ms (C-50);14,973224230943947;14,124977195648949;11,806058722349825;11,045214561163018;10,798663692825976;10,763013922563953;10,239944861144616;7,122189555804731
Definition/Deutlichkeit (D);96,91960531980288;96,28326874540053;93,81421972358986;92,7147030475547;92,32108839813465;92,26415110748198;91,36460452437993;83,80846244910238
Clarity - 80 ms (C-80);21,313254846378257;19,42209565165664;15,82884588809346;14,856574855215827;14,335921779206108;14,762659506832737;13,501477360094032;10,09276970032917
Center Time (TS);6,22812154982917;6,530465565206814;9,549773480999132;10,778483335332023;11,253409310836547;10,824812351040716;12,860447297771604;22,83375470578118
Strength(G);15,034700712610814;15,053689868578065;15,314713242617955;15,373797077232084;15,328202866109244;15,204925902837367;15,533539396630886;16,594204291144337
Lateral Fraction(LF);1,3595751805752065E-08;1,676145005998519E-07;6,267009114810064E-05;0,00016577745417511612;0,0001571481011053473;4,868460084364117E-05;2,1903568539248527E-05;9,175122182115961E-06
Lateral Efficiency(LE);5,232313633762122E-09;6,698011901731796E-08;2,7891632246391012E-05;7,10235015219802E-05;7,162688939894392E-05;2,2966216314532374E-05;1,0279639041422787E-05;4,731863914419696E-06
Receiver 10;63 Hz.;125 Hz.;250 Hz.;500 Hz.;1000 Hz.; 2000 Hz.;4000 Hz.; 8000 Hz.
Early Decay Time (EDT);0,318003595595163;0,2999834305654178;0,38135445195530293;0,4231269435080769;0,4306799688325546;0,4317752893860079;0,4754668548755186;0,6690071358662385
Reverberation Time (T-10);0,30693007488139773;0,32884536656880475;0,4407257733465914;0,5379917800771632;0,5629894804867489;0,5248999515227041;0,6186453517588189;0,7725211781167495
Reverberation Time (T-15);0,30496008504667743;0,34597882855130135;0,47002111878939884;0,5650125424288016;0,5928011642021668;0,5748575365559057;0,6403879127221368;0,8193840476678383
Reverberation Time (T-20);0,3142200014023455;0,36542136398498565;0,4939355705151928;0,5898921408259478;0,6566224027555179;0,6454845307853136;0,7151692972528796;0,8469232729082092
Reverberation Time (T-30);0,33366094701682075;0,39927276665330785;0,5568397004300177;0,6735125103432132;0,7752564019726578;0,7675625478960444;0,8264704799027199;0,8872784184503268
Clarity - 50 ms (C-50);14,105489506733846;13,329144642400427;10,889659005838663;9,983889483341814;9,778757682878142;9,826513347709867;9,043476564571582;6,2923637241692205
Definition/Deutlichkeit (D);96,26774143463133;95,57527109033649;92,48798244784385;90,88997976112303;90,48747756113119;90,58245021143733;88,94588250731267;81,10293569138607
Clarity - 80 ms (C-80);19,875452653166718;18,398239920832296;14,843737821289727;13,292870049516118;12,850395160700106;13,438135164344517;12,0617312333623;9,149711285997654
Center Time (TS);7,917271048115345;8,699290978354606;12,50026681469383;14,381860781922876;15,267128114022636;14,623163346786884;17,44202817133183;27,784106125209117
Strength(G);13,773768686878256;14,09299959457963;14,546030722411984;14,592980513393982;14,749379961337105;14,595722369166076;14,909456338863706;16,006142390447117
Lateral Fraction(LF);1,75701600179217E-08;2,51935491324824E-07;9,195222758357913E-05;0,00023228005602472974;0,00024138507329915325;7,379582589436479E-05;3,2384957821726176E-05;1,2149213093936067E-05
Lateral Efficiency(LE);7,2439333819243695E-09;9,490530896096095E-08;3,935205326821549E-05;9,989724940275437E-05;0,000100651626509801;3,2630263528146344E-05;1,4894027210045898E-05;6,4007671224537765E-06
Receiver 11;63 Hz.;125 Hz.;250 Hz.;500 Hz.;1000 Hz.; 2000 Hz.;4000 Hz.; 8000 Hz.
Early Decay Time (EDT);0,3084581199823586;0,29932498591130935;0,37708481525686915;0,4013662269542932;0,4552926185316868;0,44342813567088346;0,46448195555645505;0,6147485065206294
Reverberation Time (T-10);0,29170138108034094;0,32132413373309054;0,4373399682504081;0,49175201540995334;0,543432107676849;0,5129365499247568;0,5606563402975263;0,7186117460422399
Reverberation Time (T-15);0,2995032767969958;0,34378023977460515;0,4431150727143427;0,5231110267077227;0,546074351890062;0,5417660171752023;0,5826473823181666;0,7859400687093024
Reverberation Time (T-20);0,3018002942936598;0,34961922956441643;0,45504173519083885;0,5415169553489985;0,5789508649276315;0,5765537451184365;0,6370397966773668;0,829452063469045
Reverberation Time (T-30);0,3128457214025429;0,3739963250153615;0,5190909056659818;0,6280065529886847;0,6988238364596897;0,6992190830763177;0,7865126487027676;0,8735049929801261
Clarity - 50 ms (C-50);14,571336654402081;13,458632820464143;10,681014928903265;9,940164911142338;9,275394839013453;9,601348376265438;8,942490950634003;6,6711732801369505
Definition/Deutlichkeit (D);96,62825767881701;95,69294755452832;92,13941823415787;90,7977591258209;89,43529724150864;90,12530780082776;88,69632529774515;82,36616339768754
Clarity - 80 ms (C-80);20,439837418433182;18,454762771021066;14,86368537533287;13,748272031908488;12,47079268007272;13,15271023121926;12,337451207794219;9,797500952916684
Center Time (TS);7,825223076301777;9,321037358032456;13,351536830935814;15,150272982466301;16,920287438407318;16,118036507697035;17,65117200449983;26,1154748656184
Strength(G);11,689786846558412;12,099881281184949;12,630297084083118;12,751019530831499;12,957583077967499;12,789964443093815;13,017135581417584;13,650537609149367
Lateral Fraction(LF);1,557353094143518E-08;2,6327930252148856E-07;9,726045039356977E-05;0,00026146328646833264;0,000268315675773772;8,275226815510447E-05;3,3869473696630854E-05;1,211591577906803E-05
Lateral Efficiency(LE);7,637858328198425E-09;1,080602322357925E-07;4,7768656380541974E-05;0,00012200629364220731;0,00012860834459240883;4,167540818467167E-05;1,6743127518364424E-05;6,8142370003914515E-06
Receiver 12;63 Hz.;125 Hz.;250 Hz.;500 Hz.;1000 Hz.; 2000 Hz.;4000 Hz.; 8000 Hz.
Early Decay Time (EDT);0,32334440752442006;0,41677178630172607;0,48659081150268907;0,51728499819749;0,5215888396519496;0,4903067419329736;0,5171068041437087;0,4973829685174686
Reverberation Time (T-10);0,2756937863449351;0,32847821555213447;0,35918213145164457;0,37524616583265374;0,39760754430802075;0,38790359982124173;0,3968077440483105;0,38759318181746644
Reverberation Time (T-15);0,23904826041321284;0,28011646109837307;0,3648334987424135;0,4317991314602787;0,4589721992549153;0,44283468199193;0,45629523554391965;0,44556433905026666
Reverberation Time (T-20);0,23875172133303044;0,3009846851012028;0,40340785307793;0,4704972199224092;0,49696374227762835;0,48195121647233435;0,494522932879905;0,48918320403852383
Reverberation Time (T-30);0,26853650775178545;0,34347469723982504;0,4305436929871548;0,46607320891204995;0,4848954492080498;0,4774705387690309;0,48607516154649355;0,4884263558777024
Clarity - 50 ms (C-50);16,481800182926584;15,179121772540892;12,973504718608744;11,850782395707814;11,410111094835692;11,34345264406791;11,350592993711066;11,541824300997195
Definition/Deutlichkeit (D);97,8013067691489;97,05486548913326;95,19952397612005;93,8701576183844;93,25964676629374;93,1625215539101;93,17298715527151;93,4478069656088
Clarity - 80 ms (C-80);24,33464097594593;21,213655309361794;17,880377451260692;16,143383033131226;15,558520867262235;15,637325373539877;15,549038689150956;15,824634797554658
Center Time (TS);6,377141667278553;6,67632801156443;8,956629581512422;10,464422847149065;11,239584696124584;11,568852619671787;11,393035681296196;11,10445648229387
Strength(G);9,625084219844368;9,357893706697496;9,530291508990466;9,607707608544295;9,658039322732563;9,780818146980096;9,686437818712392;9,656875896533087
Lateral Fraction(LF);1,4811611267081473E-08;1,6836529913633415E-07;5,880838120747901E-05;0,0001519428894099172;0,00015709241471322967;5,356481978649736E-05;2,0183536853688755E-05;6,406609450184693E-06
Lateral Efficiency(LE);4,922356364998803E-09;7,540891641296456E-08;2,9964221800847786E-05;8,274794285379473E-05;8,682380017635647E-05;2,8582793619559018E-05;1,108803884129078E-05;3,3994155323246474E-06
Receiver 13;63 Hz.;125 Hz.;250 Hz.;500 Hz.;1000 Hz.; 2000 Hz.;4000 Hz.; 8000 Hz.
Early Decay Time (EDT);0,3546755416248696;0,4219928575020202;0,49948156574369723;0,5769755725128138;0,5513508216226506;0,5563990135033893;0,5561276516603549;0,5509699645704422
Reverberation Time (T-10);0,2923028702053022;0,3443015340080081;0,37809023683828713;0,42694042330150556;0,4207078108461184;0,42140074322104454;0,42512126741257006;0,5688894431854803
Reverberation Time (T-15);0,26280466763635874;0,30210132373811016;0,3893503518931253;0,4488891242015337;0,48489637004052755;0,47731197020172356;0,4757536264863203;0,656840932421053
Reverberation Time (T-20);0,26354475334881283;0,3139361533543982;0,4324082886892769;0,49081975638159336;0,5269429376917385;0,5200444543736639;0,5289984206413213;0,7160949821039433
Reverberation Time (T-30);0,28930461188944595;0,3598307171521997;0,4585077299622864;0,5072801612096971;0,5815905242419516;0,5331523410080687;0,5534427713722991;0,790977202940008
Clarity - 50 ms (C-50);15,602640808005123;14,688692160788563;12,359683033490459;11,225930118605836;11,378348315992941;11,102400328816312;11,034938925910112;8,86134874026354
Definition/Deutlichkeit (D);97,32118148563379;96,71434705558485;94,51075124628774;92,98812029304788;93,21352723498542;92,80037773904586;92,69590121002834;88,49740890742645
Clarity - 80 ms (C-80);22,42785997176963;20,56054084125483;16,9208800187117;15,571651414086894;15,371749021332304;15,236167884882159;15,09372661518729;12,161753271946921
Center Time (TS);7,001133558939345;7,008878027823776;9,637948956520088;11,03977035952053;11,276961220973048;11,664207837454533;12,010293745646887;17,674641751294516
Strength(G);10,86763936584262;10,680914267720027;10,911972997948517;10,870563874714719;10,928199168566117;10,97934223301528;11,010955526501604;11,550172353844495
Lateral Fraction(LF);1,4624546340170588E-08;1,5868117508507878E-07;5,9463529846770154E-05;0,00015414316847118796;0,0001498139207282617;5,0368700575902625E-05;2,0627708680275932E-05;7,007090404160062E-06
Lateral Efficiency(LE);6,461279303009592E-09;8,636671772990196E-08;3,502838471689879E-05;0,00010514825269444445;9,902183564160494E-05;3,339982918612866E-05;1,3628485017569006E-05;4,676271677875274E-06
Receiver 14;63 Hz.;125 Hz.;250 Hz.;500 Hz.;1000 Hz.; 2000 Hz.;4000 Hz.; 8000 Hz.
Early Decay Time (EDT);0,3373822841107201;0,41747197965844995;0,4790628798919458;0,5054382962356274;0,5341302305408225;0,5129297924910414;0,5442520692911695;0,6906771277413726
Reverberation Time (T-10);0,2925017745134631;0,34302741252970387;0,426350948698002;0,496395413407208;0,5362330926938013;0,501236322452872;0,5622466530842138;0,7612026985596715
Reverberation Time (T-15);0,282954073669896;0,340148877566593;0,4781145052493978;0,5521392916870071;0,5953630660463467;0,5924086078612618;0,6315092100622453;0,8022252654227027
Reverberation Time (T-20);0,2922853408008154;0,3521622061991725;0,5111013652097374;0,5810373808931544;0,6432676863087897;0,6136463090095384;0,66256723017581;0,835932348905319
Reverberation Time (T-30);0,31587340220625215;0,3872078894031961;0,5444704599932716;0,655173792334902;0,7612980053493029;0,7309785330834845;0,7879281921626778;0,8689573574730254
Clarity - 50 ms (C-50);14,320381465238473;13,076516991605304;10,686242815762627;9,447129111236432;9,26190406557926;9,545367879095583;8,71257117138425;6,094153594244377
Definition/Deutlichkeit (D);96,43391530632445;95,30676779539606;92,13330405865588;89,80077497951396;89,40346352668354;90,00609675826621;88,14406142610692;80,26960548970705
Clarity - 80 ms (C-80);20,60033817107891;18,5256425677223;14,664142794311829;13,268864366271352;12,743271663039021;13,246202296947141;12,28964709305296;9,096626290477657
Center Time (TS);8,186440566542888;8,775214246946492;12,733720590559972;15,128496771225452;15,971744952971843;15,182816356666311;17,42756418850505;27,905701199546606
Strength(G);11,993117664860478;11,839740867092576;12,141626351390471;12,247750596896722;12,233760086050857;12,216550240935497;12,398558663483698;13,33780135968508
Lateral Fraction(LF);1,7538378464098622E-08;1,96365451899657E-07;7,29163744576037E-05;0,00020153229470710733;0,00018267658360535564;6,104115521231273E-05;2,5969360702409966E-05;9,762433989966417E-06
Lateral Efficiency(LE);7,66683860463812E-09;1,1227020877777812E-07;4,399381578639017E-05;0,00012543254360255417;0,0001265959890355904;3,930292106656587E-05;1,7506069707063934E-05;6,369514487620194E-06
Receiver 15;63 Hz.;125 Hz.;250 Hz.;500 Hz.;1000 Hz.; 2000 Hz.;4000 Hz.; 8000 Hz.
Early Decay Time (EDT);0,3203164059648221;0,36372900505786565;0,4504929840747857;0,4940093032378334;0,4978848825263835;0,5069537965387823;0,5404716303628215;0,744907994969097
Reverberation Time (T-10);0,28610710917099147;0,3529135127958872;0,47306930160106725;0,5584296693977934;0,5936380461950752;0,5966560627271127;0,6380862588265324;0,8146756235527293
Reverberation Time (T-15);0,2981716562774532;0,36837606441753656;0,5113384117242172;0,6199242182453722;0,6638464431661505;0,6667501757675725;0,6867579440609606;0,8507376706672841
Reverberation Time (T-20);0,3141273307434521;0,39021179509039305;0,5348086830066732;0,6503911096368407;0,7326936573059953;0,7076166491051038;0,7507673280004651;0,8728887804318026
Reverberation Time (T-30);0,34391510892466054;0,4167800481435708;0,5902429731492849;0,7199941307350056;0,8364815626022829;0,8577027450611697;0,85347130179042;0,8993631028751773
Clarity - 50 ms (C-50);13,132861070846094;11,881880674668581;9,33076076248651;8,706052442337032;8,633822603230398;8,564330343255948;7,882234248194896;4,921164868110998
Definition/Deutlichkeit (D);95,37054308895473;93,91818655557897;89,55450644654263;88,13019435628323;87,95537724399264;87,78489847963047;85,99592446070432;75,65873914718733
Clarity - 80 ms (C-80);19,0371179993111;16,792599417190463;13,264086937936312;12,3728752649425;11,73751911170518;12,138300688849483;11,099404379149348;7,815552010122026
Center Time (TS);10,223337067339761;11,032100334349435;16,045426583959003;17,667486076113118;18,7157749077801;18,458781827061234;21,224393549610735;34,787573431908925
Strength(G);12,503891139852495;12,471486050360333;12,857808997101351;12,951861542487592;13,021471331957827;12,884784152113795;13,264118198056423;14,63702021619573
Lateral Fraction(LF);2,3738783541592663E-08;2,74945682794158E-07;0,00010297638902307315;0,0002520021587774522;0,00024412834611347962;8,063671828531623E-05;3,492173808975781E-05;1,3896437811486069E-05
Lateral Efficiency(LE);1,0098921070637452E-08;1,3544031300526804E-07;5,597715738899745E-05;0,00013833005139040423;0,00013886803069784268;4,592875253105994E-05;2,0114799439419046E-05;8,216036248905593E-06
Receiver 16;63 Hz.;125 Hz.;250 Hz.;500 Hz.;1000 Hz.; 2000 Hz.;4000 Hz.; 8000 Hz.
Early Decay Time (EDT);0,3157081518621976;0,3391567390347985;0,42266673889846124;0,4919932590017309;0,5554394402796368;0,49900209935679174;0,6154563903422754;0,7723142259346972
Reverberation Time (T-10);0,30532431137076854;0,3709665937551773;0,4985945354212461;0,602466982805443;0,6233693664191553;0,6114798852091549;0,7010491451088887;0,8291865136224215
Reverberation Time (T-15);0,32023838961759205;0,3842700795662517;0,5289701894890703;0,6351781477142122;0,672193157639416;0,686379304769842;0,7387574825948322;0,8628960659978294
Reverberation Time (T-20);0,3327181669703341;0,41322373752399133;0,5498360493237611;0,6599426461323603;0,7352366563630438;0,7425567174295425;0,8114472156837677;0,8840862078892822
Reverberation Time (T-30);0,3599985966135281;0,4328172864113305;0,6099484404926907;0,7320268230309289;0,8428983722454781;0,8669914774824851;0,8990738725405036;0,9152895149140736
Clarity - 50 ms (C-50);12,56745203225649;11,425466156951888;9,09759254877763;8,29796893574008;7,619404554601515;8,022279366869641;6,924412112171664;4,4119835006452455
Definition/Deutlichkeit (D);94,7671823610403;93,2891547718673;89,03965524714557;87,12009006637783;85,26347444626869;86,38518592937855;83,13501179817355;73,44096078568259
Clarity - 80 ms (C-80);18,108940370056064;16,164852674349785;12,652825641492944;11,406587692715375;10,627113395295012;11,305055653234312;9,666678065201104;7,278781766801423
Center Time (TS);11,051954339307155;12,322680295980684;17,734660413239883;20,30475903182852;22,275721228603626;21,007329826573237;25,701575558327914;37,779462748663654
Strength(G);11,99912025812727;12,152596941277366;12,777250825278074;12,934257859291591;13,02815566991093;12,958063866420034;13,300342225678271;14,614006771601012
Lateral Fraction(LF);2,5030132605114675E-08;3,3359054219568247E-07;0,0001251803518655475;0,0003053536965102546;0,0003122081444279627;9,936819922476367E-05;4,140555764248742E-05;1,5290094575806565E-05
Lateral Efficiency(LE);1,0833712199914664E-08;1,4810612201896492E-07;6,193018857896737E-05;0,0001565838321064088;0,0001661254120489869;5,2802925732672844E-05;2,3437562254899566E-05;9,329106136578427E-06
Receiver 17;63 Hz.;125 Hz.;250 Hz.;500 Hz.;1000 Hz.; 2000 Hz.;4000 Hz.; 8000 Hz.
Early Decay Time (EDT);0,30673328334954536;0,32882135270251617;0,4048008622704022;0,46719172903464556;0,47883589313389735;0,48173611077848005;0,5323273002710691;0,6868103232313921
Reverberation Time (T-10);0,29283461163436547;0,34524132622773834;0,43856633069995005;0,5043135383361927;0,5448773925275303;0,5097465286584317;0,5882990732190393;0,760552818666549
Reverberation Time (T-15);0,2999277895818556;0,35129087386886926;0,466984268343846;0,5456734757831441;0,5836244034806348;0,5574052267431524;0,6080819663017323;0,8013523670568578
Reverberation Time (T-20);0,30617497950466704;0,36216373267374086;0,48040282212270347;0,5634697080656551;0,6268945524168867;0,5996156336022987;0,692734685233342;0,8373254760182312
Reverberation Time (T-30);0,31936207097152375;0,39577094815589614;0,5471616656442052;0,6472503290417639;0,7527205239656164;0,7157206313818056;0,8359321687329715;0,8895491861356079
Clarity - 50 ms (C-50);13,298220500183293;12,088245708254208;9,55053898222657;8,528765102172823;8,289225413015028;8,326373772025331;7,595416293423805;5,519227912171214
Definition/Deutlichkeit (D);95,52989966246412;94,18416391455061;90,02197797484034;87,6998402130759;87,08751323599407;87,18337676080971;85,18151715785757;78,11178130107415
Clarity - 80 ms (C-80);19,640237907891894;17,391555491510385;13,863239890258782;12,45887390936968;11,869892660751491;12,227270271606109;11,27561520957146;8,516658216575815
Center Time (TS);9,583164023100611;11,2040608120019;15,956570663095786;18,432607940999468;19,433978291144687;19,13997573687313;21,413300969870154;31,356651602425845
Strength(G);10,355161057725702;10,541379054964217;11,287577778110347;11,314182400540673;11,52411230102284;11,389419698754118;11,707931013072809;12,377865062337818
Lateral Fraction(LF);2,0662785976844845E-08;3,1054912467828994E-07;0,00011373935583776641;0,00029354548812213834;0,00030494294927466196;9,634879130580154E-05;3,869038273048428E-05;1,2595702563858296E-05
Lateral Efficiency(LE);8,26408575447138E-09;1,3049950415310627E-07;5,780805297994586E-05;0,00014538841481803695;0,0001514426781326948;5,0311116110419687E-05;2,0386488843653024E-05;7,501445685652565E-06
Receiver 18;63 Hz.;125 Hz.;250 Hz.;500 Hz.;1000 Hz.; 2000 Hz.;4000 Hz.; 8000 Hz.
Early Decay Time (EDT);0,26677069666534964;0,3420197236246142;0,3910055827128826;0,43338507701073253;0,44965543000914693;0,4333375875836842;0,45200608042101525;0,4388203233843061
Reverberation Time (T-10);0,2532839062441116;0,3055782940043284;0,36519936965184385;0,4300052107004966;0,456147570124791;0,44737743785514666;0,45335368062857384;0,44428146832067283
Reverberation Time (T-15);0,2434437092659628;0,312993220880117;0,39579708665290403;0,44918518895475595;0,4663589902455288;0,4567905300528885;0,4631735009241263;0,46041714378359655
Reverberation Time (T-20);0,2566381977559981;0,3229306319895353;0,4075712101421942;0,4682447852860585;0,49532925912296005;0,4785778745775862;0,49209529597190343;0,49640681536139236
Reverberation Time (T-30);0,2700371847753239;0,3448307742309753;0,42189034534151726;0,455646480929032;0,4699575758274496;0,4632383450439081;0,46484493781372205;0,49162197158827925
Clarity - 50 ms (C-50);15,582951841291452;14,094094741680646;11,726148893365608;10,62136528659151;10,163279711665984;10,103462033130802;10,005597441872649;10,24837520869963
Definition/Deutlichkeit (D);97,30933686273364;96,25033245243633;93,70293325174237;92,02434759060988;91,21506410889583;91,10406591397513;90,91973701849062;91,37081140604076
Clarity - 80 ms (C-80);22,48598019958219;19,394816760141406;16,1040388132312;14,483714198572057;13,87543316881615;13,948915381214324;13,84087400424578;14,070844872360082
Center Time (TS);7,524017005083436;8,111949034397279;11,050899742692707;12,96128612270332;13,940089348310774;14,227405493752181;14,239601839920494;13,852998409131324
Strength(G);8,334284798624289;8,042570817706281;8,282021474153268;8,383754621215118;8,470222356409764;8,61778949004951;8,520354672745967;8,468167468331096
Lateral Fraction(LF);2,173177394883977E-08;2,3188922363402614E-07;8,15747023521962E-05;0,00021188943442764795;0,00021804660325789896;7,264010654469411E-05;2,828996376146938E-05;8,904735883090415E-06
Lateral Efficiency(LE);4,942824667319012E-09;7,025824142897374E-08;2,9969812641294687E-05;8,506031796776003E-05;9,014131053471095E-05;2,8787856899854517E-05;1,168932974614022E-05;3,5489997640260147E-06
Receiver 19;63 Hz.;125 Hz.;250 Hz.;500 Hz.;1000 Hz.; 2000 Hz.;4000 Hz.; 8000 Hz.
Early Decay Time (EDT);0,296062525480391;0,37572939802510397;0,4591969096663735;0,4981260883153992;0,5165772037561218;0,5136980703531916;0,5200946414553616;0,6177018742755472
Reverberation Time (T-10);0,27023312884163764;0,3406342045130166;0,42343080020768087;0,5038995110711146;0,527531618196078;0,5167058409926126;0,5204311338332832;0,6790149428165433
Reverberation Time (T-15);0,26271292832678156;0,340800657132176;0,43408799480363974;0,529169920166733;0,5459998527736832;0,5414924092527964;0,5500460459441856;0,727710010859251
Reverberation Time (T-20);0,27873446976034694;0,34759145913979417;0,45781660774673244;0,5498027293705655;0,5656409416904393;0,5409778886734762;0,5796733742199532;0,7700730686545721
Reverberation Time (T-30);0,3048604114549152;0,3712144617884736;0,4726251776070622;0,5654273371431944;0,6392276772501873;0,555829205973413;0,6593877737074448;0,8272712053951013
Clarity - 50 ms (C-50);14,18039616813197;12,73627064205569;10,170205447000624;9,251117337800123;8,968706558002285;8,868443397184265;8,64934400458713;6,779764180021396
Definition/Deutlichkeit (D);96,32139508059575;94,94363086198298;91,22783441481496;89,37991039242613;88,74666181784127;88,51402772756548;87,99107279552317;82,65109088016413
Clarity - 80 ms (C-80);20,689745586468355;17,877944128312535;14,182643238598832;12,90959462225687;12,406267281747125;12,443337981033833;12,2057486727531;9,87934701660884
Center Time (TS);8,942025473707124;9,51249186915548;13,839666262489349;15,791028368783484;16,693748376306825;16,760721562120956;17,915706591831235;25,0346247790288
Strength(G);9,220151788568643;8,961614836376683;9,27764675574442;9,355973634504096;9,40904627788153;9,507175243029735;9,600132640004595;10,066024404391577
Lateral Fraction(LF);2,0728580408209038E-08;2,167959234444649E-07;7,963436978829659E-05;0,00019882191699735702;0,00021655284482177277;6,898239545607914E-05;2,810588284040602E-05;9,513477368482287E-06
Lateral Efficiency(LE);6,449869815659832E-09;9,713926982397513E-08;4,4423724197979815E-05;0,00011408180498116237;0,00012483721136617983;3,73539798978023E-05;1,6788550363261884E-05;5,848940880157949E-06
Receiver 20;63 Hz.;125 Hz.;250 Hz.;500 Hz.;1000 Hz.; 2000 Hz.;4000 Hz.; 8000 Hz.
Early Decay Time (EDT);0,2925290702008034;0,3561748817631373;0,45678343273773636;0,5014752661395081;0,5176243636879466;0,5240452999118663;0,5329152053246687;0,7084802019755695
Reverberation Time (T-10);0,28345549719745483;0,33013887500006506;0,45039441458630436;0,5152713998786892;0,5904325228083138;0,5556541435644671;0,6030109249345211;0,7712753101023025
Reverberation Time (T-15);0,28443089353914747;0,3437208421012189;0,47847569774271126;0,5522857937972945;0,6185576237086421;0,5877103419827434;0,646543852054858;0,8125541086077914
Reverberation Time (T-20);0,2961824248871947;0,3578431496449719;0,5022733073863667;0,580917347357662;0,6438282593943264;0,5987243969504215;0,6845516742633614;0,8373052561608505
Reverberation Time (T-30);0,3163671662182318;0,38763484949206545;0,5346791606611023;0,6802878066618095;0,7676541670912099;0,73041750199329;0,7802601532462857;0,866032788585625
Clarity - 50 ms (C-50);12,819517655400375;11,464949995542625;8,82430956948512;7,886395121787455;7,602424985354798;7,622358751642148;7,271333209031283;4,650324900762786
Definition/Deutlichkeit (D);95,0348635299517;93,33858897208474;88,41030677299301;86,00745853496308;85,20187609828301;85,25965362764413;84,21464658928636;74,47446287329433
Clarity - 80 ms (C-80);19,117470138578312;16,785337864469085;12,971080261534908;11,97404998841795;10,997314038204586;11,267609948276903;10,74837442535203;7,85703958239435
Center Time (TS);10,861516290153535;11,806441143914586;17,296011342687592;20,035116100582613;21,427982858957957;20,998446803325905;23,163550274998066;35,30504573680183
Strength(G);10,167586864380866;9,951175159351614;10,395643080926376;10,514767278675379;10,682775948592976;10,597892499462525;10,803343551913088;11,846125982541466
Lateral Fraction(LF);2,4258808989263445E-08;2,681653120833952E-07;0,00010242689578577742;0,0002803307840926078;0,0002652298789656773;8,717241690540615E-05;3,584762731774539E-05;1,3291050238614491E-05
Lateral Efficiency(LE);8,685051776232543E-09;1,3390389524737899E-07;5,796487589798629E-05;0,00016675894849700425;0,00015950904018429554;5,049360837722467E-05;2,287848762230361E-05;8,610401221213165E-06
Receiver 21;63 Hz.;125 Hz.;250 Hz.;500 Hz.;1000 Hz.; 2000 Hz.;4000 Hz.; 8000 Hz.
Early Decay Time (EDT);0,2993420902669415;0,35354527056670226;0,4550102873612504;0,5106891359256025;0,5377460659990193;0,5097799002836806;0,5550066053286354;0,7620363768542305
Reverberation Time (T-10);0,3028719267835643;0,36030651763130755;0,4622647047947881;0,5557925609323282;0,5828149403606423;0,6169861933909896;0,6480611032667966;0,8138459198926475
Reverberation Time (T-15);0,29925700883306905;0,36165751134500385;0,5105829426284353;0,5972064136010244;0,6406287943696561;0,6636115657687244;0,6868425197196942;0,8438998453097625
Reverberation Time (T-20);0,31346473796583935;0,37803430304022634;0,5427592179728676;0,6251645724708838;0,702233279195996;0,6803875149465203;0,7458595602365987;0,8631495826516635
Reverberation Time (T-30);0,33648254611059836;0,41274679159002836;0,5852976729047651;0,713620108426976;0,8241480136734285;0,8215315397913144;0,8421801876668998;0,8904744161260826
Clarity - 50 ms (C-50);11,986953541238254;10,682935483984688;8,321704650110501;7,377223171178684;7,269778999782117;7,555317435110274;6,770837830527306;3,795134054133843
Definition/Deutlichkeit (D);94,05547156279178;92,12857300743389;87,17077447896833;84,53607416009122;84,21313855192824;85,06459232748377;82,6321429310533;70,62158885803666
Clarity - 80 ms (C-80);18,211612428518087;15,99680618134177;12,521924155609682;11,369382938255654;10,96639057527611;10,965359807253208;10,08809267187091;6,802978288010626
Center Time (TS);12,849613110812392;13,821806673510595;19,786085607758924;22,42070239854207;23,334764796644578;22,99317801699447;25,885053534080203;41,88354817082662
Strength(G);10,780155432526335;10,539445883222804;11,0895863571849;11,05774348252612;11,366610270672595;11,250436317269347;11,634566823663242;13,12869196413218
Lateral Fraction(LF);3,196835012428993E-08;3,4143677790369413E-07;0,00012379099088037594;0,00031525950349172734;0,00031327701092981634;0,00010230528524913358;4,291870177491119E-05;1,6615697187945277E-05
Lateral Efficiency(LE);1,0900193466328593E-08;1,6257984971707453E-07;6,849595641552866E-05;0,0001761296630627541;0,00018364534049277926;5,5352472500599114E-05;2,4187307828233177E-05;1,0462742014740136E-05
Receiver 22;63 Hz.;125 Hz.;250 Hz.;500 Hz.;1000 Hz.; 2000 Hz.;4000 Hz.; 8000 Hz.
Early Decay Time (EDT);0,30066650085284835;0,36775800153002003;0,46329515343242117;0,5045011806022623;0,5614659791704839;0,5030226597976208;0,5994288752561377;0,750994038489141
Reverberation Time (T-10);0,3085801452126003;0,3649341333137324;0,4832306344540511;0,5894165556368031;0,6047588711423592;0,6140274621376051;0,6654446768195601;0,8195785083351665
Reverberation Time (T-15);0,30629130843451535;0,3738764730925896;0,5099927383030027;0,6284641708392501;0,6606481180256463;0,6641273490365895;0,7153537826668253;0,8502999943278459
Reverberation Time (T-20);0,3236137602265712;0,39299736507087374;0,5458023035743196;0,6708785955963398;0,7315732372146827;0,7184861308975649;0,7897405887331144;0,8709875319462342
Reverberation Time (T-30);0,34578675276775683;0,41904463808346887;0,6011874712640684;0,7222552735822396;0,8302290590314559;0,8458619205643156;0,8883451088072243;0,9012360667338712
Clarity - 50 ms (C-50);11,820887254849943;10,375262224310795;8,016214756704459;7,478814433018317;6,570230308423957;7,3657269969725006;6,088050887495467;3,655148666788453
Definition/Deutlichkeit (D);93,83685045390659;91,65240284040085;86,38245980088838;84,85474557184254;81,95643488870225;84,52081907775626;80,26012536444468;69,92991265872173
Clarity - 80 ms (C-80);18,08279456004095;15,716698976760764;12,341717710553276;11,239954343141306;10,598198876364794;10,853260553066788;9,38206760585871;6,800155550495216
Center Time (TS);13,085023543545026;14,74700006417265;21,118510249498414;23,67738493435143;26,539964028861455;24,186657431512216;29,204802774393126;42,835124230395046
Strength(G);10,56953697711208;10,346027657058091;11,148617626595197;11,245848524194919;11,462536765789068;11,39092043276412;11,684874710900772;13,371306074977184
Lateral Fraction(LF);3,099025064751203E-08;3,792183350548461E-07;0,0001311742994565065;0,0003197128957387031;0,0003626131916751436;0,00011189500601134784;4,6412659639614655E-05;1,690463748802533E-05
Lateral Efficiency(LE);1,0286046294509183E-08;1,6433942548569142E-07;6,824107673379975E-05;0,00017544508523583132;0,00020527172659171047;5,8176728533118564E-05;2,648427463094695E-05;1,0489833372162927E-05
Receiver 23;63 Hz.;125 Hz.;250 Hz.;500 Hz.;1000 Hz.; 2000 Hz.;4000 Hz.; 8000 Hz.
Early Decay Time (EDT);0,28733847990000794;0,3705571776334583;0,42575717719952666;0,5200616026020609;0,5124211775279268;0,48754339066525076;0,5475410131971763;0,691602751974409
Reverberation Time (T-10);0,29727538475257576;0,34622007230574725;0,43989739174437564;0,5543570770206682;0,5526160903673057;0,5130700051072004;0,5726824394230896;0,7796044060335126
Reverberation Time (T-15);0,28517547801193505;0,3427611359215102;0,47149925586107677;0,5716051522558115;0,5777727715582766;0,5722236451055065;0,6290639075097496;0,8208161708739053
Reverberation Time (T-20);0,2991749230783349;0,36177629713332377;0,5022058282253058;0,6250446618247625;0,6612908272582113;0,6393304039736039;0,7237013768734019;0,8486647668901823
Reverberation Time (T-30);0,3193919119119418;0,3934570038064499;0,5639009347149405;0,6926856569753629;0,76745116777969;0,7279793792763254;0,8272384307977971;0,8872459059820657
Clarity - 50 ms (C-50);12,726509921820753;10,978717770850439;8,631853494048125;7,473367407860902;7,238329397233034;7,731676709521643;6,538553531271127;4,589289459816551
Definition/Deutlichkeit (D);94,93283043605597;92,60776718699756;87,95625101836632;84,82794889208995;84,11622137914556;85,57319742567839;81,84019083828257;74,20637988480846
Clarity - 80 ms (C-80);19,651081717471804;16,628264026563457;13,385630153013572;11,486997055575701;11,346643788026945;11,714558212663611;10,778294943814418;7,750084883554114
Center Time (TS);11,156574912277605;13,51938815724422;19,038410705085653;22,580282246529304;23,895812386532327;22,619637856019658;25,84099454153375;36,87978079821186
Strength(G);9,31150178916753;9,129968517088518;9,993690853243471;9,965663926451697;10,376089560017618;10,21991341438757;10,453926070465684;11,384973717125341
Lateral Fraction(LF);2,5889068777384465E-08;3,3980514888005304E-07;0,00012428057467507795;0,0003143489203853666;0,00034480027240121826;0,00010339505389820198;4,198629573320146E-05;1,4288115033517098E-05
Lateral Efficiency(LE);7,574652260398556E-09;1,434620694591274E-07;6,12659540137536E-05;0,0001562106200683402;0,00018362716489438573;5,262196665898423E-05;2,4917796203590474E-05;8,215529015271434E-06
Receiver 24;63 Hz.;125 Hz.;250 Hz.;500 Hz.;1000 Hz.; 2000 Hz.;4000 Hz.; 8000 Hz.
Early Decay Time (EDT);0,23478174232756105;0,27316354824575484;0,34774299617699367;0,42049673801744575;0,4366855063692922;0,426126155919828;0,43923152083259803;0,42933710166216593
Reverberation Time (T-10);0,2573078612536489;0,3268437986467882;0,4162246756113538;0,4844702619514738;0,5141093992397622;0,5044441246288516;0,5127462061242822;0,4901351862952782
Reverberation Time (T-15);0,258879883389735;0,3371940261546074;0,4042633889926723;0,4455145994745623;0,46653391240568753;0,4588131236637906;0,46376222251899757;0,45981404089201494
Reverberation Time (T-20);0,2735055385794876;0,32556322737815463;0,400108565290462;0,44839151098073227;0,4725502318120755;0,4610905689571688;0,46446737586039494;0,4736207049514132
Reverberation Time (T-30);0,2679816386239073;0,32790749743399134;0,41133961038160244;0,45343788763396975;0,45683745538310816;0,4468338811760035;0,4504793943391446;0,46259910536696386
Clarity - 50 ms (C-50);14,682972384285154;12,750051192872418;10,311112739436348;9,24330020355832;8,813826961336645;8,843453211313031;8,720053722738824;8,998993315429185
Definition/Deutlichkeit (D);96,71015936529271;94,9588422065123;91,48403195793958;89,36281263368294;88,38555179786088;88,45539671674717;88,16205464919756;88,81612076257743
Clarity - 80 ms (C-80);21,01835703886037;17,9953163685332;14,805411759545384;13,274155599107935;12,710058649749358;12,842040464374127;12,666255367984556;12,98430750010443
Center Time (TS);8,837244799919132;9,881413178964047;13,543886387163276;15,74504209919598;16,91784173507475;16,97580162932767;17,092791046194055;16,76710151539476
Strength(G);7,384320013692125;7,067259496050408;7,42580301918283;7,57077912228668;7,696634884545219;7,837523182585279;7,726325786687703;7,704131674450707
Lateral Fraction(LF);3,129323642831849E-08;3,1724830116266806E-07;0,00010783771568138992;0,00027506440603934065;0,00028069260639868965;9,341502975649004E-05;3,613240668916348E-05;1,1522018894076498E-05
Lateral Efficiency(LE);4,436469223564972E-09;5,976599694727933E-08;2,6044251829311E-05;7,243847181251012E-05;7,789043789009924E-05;2,482721637568431E-05;9,92991146974488E-06;3,0687566420349844E-06
Receiver 25;63 Hz.;125 Hz.;250 Hz.;500 Hz.;1000 Hz.; 2000 Hz.;4000 Hz.; 8000 Hz.
Early Decay Time (EDT);0,2566900158308558;0,32465153128351965;0,4294228619107017;0,4690998883523512;0,48846082375312594;0,48440171299378726;0,5185643715715643;0,6342538889753209
Reverberation Time (T-10);0,28404039336212406;0,3443112602417012;0,45582024812523714;0,503455476400091;0,5414780609643686;0,5239287552136672;0,5405239335373594;0,6891344004110165
Reverberation Time (T-15);0,27640459926603134;0,3512723381220804;0,4564977429872707;0,5255245457112664;0,5575688851983297;0,5327219826894799;0,5719187745434104;0,7283296205576876
Reverberation Time (T-20);0,2835504243628411;0,3474607101858612;0,466600149329874;0,5399822468446511;0,5861355408106157;0,5430976496903607;0,576372519312332;0,7690773352646653
Reverberation Time (T-30);0,30115924032886776;0,3637107654348312;0,48118089386321805;0,570054884338804;0,6418187598654009;0,624684366587858;0,6959193326527983;0,8220915464106081
Clarity - 50 ms (C-50);12,980385614131373;11,397877794137425;8,91522069012695;8,05233906494506;7,62698637722754;7,5770142699345175;6,943571801447034;5,476647733101158
Definition/Deutlichkeit (D);95,2067594793455;93,24191855145847;88,62307846426522;86,46100648235688;85,27303997148589;85,1279525875458;83,18529085939605;77,92059020378699
Clarity - 80 ms (C-80);19,488524048349504;16,629114147590485;13,111493897458908;12,05126603365171;11,091655342586646;11,445247564371204;10,74627475400666;8,796180033452504
Center Time (TS);10,903737753149699;11,705129213875745;17,060069427021975;19,450685915745797;21,588100520846847;20,60783711297076;22,7923430464786;30,665947328402233
Strength(G);8,155462885168049;7,739415191152272;8,314163388243763;8,435510657917042;8,6227307961461;8,641985462288481;8,741104982105576;9,320677962447178
Lateral Fraction(LF);2,8957943275036735E-08;2,8673001236031973E-07;0,00010267469961615998;0,0002667975828093734;0,0002827289818686431;8,869849127189195E-05;3,631398670961788E-05;1,2199476296545388E-05
Lateral Efficiency(LE);6,3460437226691015E-09;8,643987735270696E-08;4,1375861006966675E-05;0,00011004072556269331;0,00013333980005410218;3,695266056411858E-05;1,6102806393782233E-05;6,157905601995901E-06
Receiver 26;63 Hz.;125 Hz.;250 Hz.;500 Hz.;1000 Hz.; 2000 Hz.;4000 Hz.; 8000 Hz.
Early Decay Time (EDT);0,2810549359419715;0,33751762366183335;0,4676170264555568;0,49681177556900324;0,5541118426680174;0,5228117217785402;0,5525134549266034;0,7298569320954307
Reverberation Time (T-10);0,30671799543356065;0,3602169986416196;0,48457041556843494;0,5485417450044427;0,610545861905515;0,5715378203320064;0,6133415526533245;0,7936848574337033
Reverberation Time (T-15);0,2936221381625007;0,3704464407161797;0,4921003349196575;0,5861007801715779;0,6444948633009009;0,5863860267790949;0,6512466298243706;0,8273921306476894
Reverberation Time (T-20);0,30282691019739055;0,37840307868148154;0,5032044179980462;0,6076717150287954;0,6873604544914244;0,6135416646044601;0,6968552632317998;0,8543903159883323
Reverberation Time (T-30);0,31754111788569683;0,387016858349952;0,5449644399361644;0,7007229314053716;0,7677135881348874;0,7382573265417269;0,7951974932316421;0,870650665532152
Clarity - 50 ms (C-50);11,788963475712892;10,205430644838243;7,571751776235633;6,876362756717501;6,280599017746055;6,369957943035951;5,856227917645827;3,5645043404342602
Definition/Deutlichkeit (D);93,78773866660526;91,29252649368344;85,1126051782996;82,96771700948037;80,94069615820779;81,25609224915365;79,38755028888363;69,43971032947002
Clarity - 80 ms (C-80);18,439830273327523;15,725105448795528;12,090965016326635;10,892182582573579;9,74427277409838;10,349310252870463;9,615809066506708;6,870435095049113
Center Time (TS);13,076075240131216;14,526008281135725;21,63666128482723;24,447029015874097;27,34151954553257;25,91000836246623;28,767752656591334;42,446862415541766
Strength(G);8,962623290053898;8,634736323168081;9,270034174268268;9,43162486157189;9,635954726864867;9,59505083923652;9,903760321046988;11,098600300966432
Lateral Fraction(LF);3,3626821054580474E-08;3,706998791670528E-07;0,00013779472674731893;0,0003621553909203213;0,000363844889471594;0,00011481083964461194;4,757567779681317E-05;1,6442117951438275E-05
Lateral Efficiency(LE);9,86298508560143E-09;1,4226380190461745E-07;6,807363801947048E-05;0,00018149929647400356;0,00019716309520921257;5,692813762568896E-05;2,5824391969249415E-05;1,0165804293071326E-05
Receiver 27;63 Hz.;125 Hz.;250 Hz.;500 Hz.;1000 Hz.; 2000 Hz.;4000 Hz.; 8000 Hz.
Early Decay Time (EDT);0,2822610922065967;0,36004488085018266;0,4863409431506842;0,51916405841846;0,5740015879214121;0,5584225969995019;0,6155929145637096;0,7941560071948156
Reverberation Time (T-10);0,3140510709004931;0,3838262078763798;0,503268268376006;0,6181448242723233;0,632420124351524;0,6518901723607263;0,7026663220160196;0,8380714536558225
Reverberation Time (T-15);0,3118711976742842;0,3880941482940908;0,5376563528645221;0,6409779371062524;0,6823019728224958;0,6684702993504011;0,7415460960488194;0,8644143271296594
Reverberation Time (T-20);0,3264760678299404;0,40531943248391433;0,5517124819439977;0,6683029323113426;0,7611999926161116;0,7044444387176583;0,7871122097473799;0,8798577993269373
Reverberation Time (T-30);0,34237018821848797;0,41980672205231667;0,5986369970214783;0,7463171300128277;0,8400673048156543;0,8417577013316041;0,8820504604233123;0,8962936300531239
Clarity - 50 ms (C-50);10,989121747719182;9,35181922845062;6,719062213708085;6,332300856656534;5,469854448326009;5,884924464139906;5,075048549387727;2,566619018553639
Definition/Deutlichkeit (D);92,62415024031256;89,608821146018;82,44975618139263;81,12808816112842;77,89366711842165;79,49546564606729;76,2965683025872;64,3818382963904
Clarity - 80 ms (C-80);17,463028488685445;14,879434926129814;11,30412851063404;10,090456182329998;9,32063460134112;9,562233141502317;8,637718574626236;5,768940051121421
Center Time (TS);15,405097867177867;17,476304937846116;25,495897450203586;28,30457571696199;31,368795624192717;30,17272397271366;33,83395764019007;50,1877909909924
Strength(G);9,848410318396319;9,357741079438064;10,112862358628092;10,387046188964682;10,514303529409084;10,465956121049715;10,80045669645559;12,693650806429183
Lateral Fraction(LF);4,125013043788204E-08;4,60913577876784E-07;0,00016941282314520664;0,0004308872705982774;0,00046127834861297743;0,0001410247086052706;5,900130135199162E-05;2,1879314829914476E-05
Lateral Efficiency(LE);1,3159382759395037E-08;2,069250236325101E-07;9,394494402554012E-05;0,00023520180726433355;0,0002731324218241728;7,902505777251385E-05;3,312573881235677E-05;1,4042286749881593E-05
Receiver 28;63 Hz.;125 Hz.;250 Hz.;500 Hz.;1000 Hz.; 2000 Hz.;4000 Hz.; 8000 Hz.
Early Decay Time (EDT);0,28247747206758883;0,3631914737663636;0,48702671206738135;0,5437414614373288;0,5858281261653304;0,5666485040802239;0,6331578291806885;0,7873210058387475
Reverberation Time (T-10);0,3290984508797608;0,3877904534951833;0,5279472214103105;0,654320381198416;0,6453425705946088;0,6678147244875492;0,7039052594455014;0,8483403750630025
Reverberation Time (T-15);0,32789969410704395;0,4053062553597494;0,5439965455241375;0,6626554463605372;0,6986100509994932;0,7046240671893806;0,7458091600102897;0,8710876766677622
Reverberation Time (T-20);0,3401676421315266;0,41919777601127306;0,5723047543274338;0,6976286217416209;0,7822987254081183;0,746133934357646;0,8221112427827967;0,8861137340995646
Reverberation Time (T-30);0,35482007417887756;0,42706628474976693;0,6174496850186939;0,757061699727513;0,8433774427721817;0,8626470534868942;0,903824744898564;0,9089570617563245
Clarity - 50 ms (C-50);10,932833879476263;9,238305271767803;6,745572016993243;6,03247825861814;5,191585554033945;5,99540853350292;4,5965997521284265;2,6045576081415422
Definition/Deutlichkeit (D);92,55016938650114;89,35187494645062;82,57517746047036;80,09843403563718;76,90196342244417;79,93974833809074;74,29025383058263;64,60131837205816
Clarity - 80 ms (C-80);17,18321659895836;14,433551696477917;11,118491667684264;9,726735219111303;9,138874633384999;9,367685641189189;8,278848319501247;5,791045415140191
Center Time (TS);15,125408605702237;18,21355691252695;26,12390701579001;29,585367068983647;32,94767160023299;30,4383952000869;35,7702546537097;50,16376977220455
Strength(G);9,660815372379105;9,367384720276995;10,347926655482624;10,620663198049982;10,925309272523165;10,805725295800606;11,2363467656847;13,057427688101114
Lateral Fraction(LF);4,005944017101419E-08;4,763362717154297E-07;0,00018158389148571243;0,00042731012517401257;0,00048408571670449646;0,0001434880506784164;6,130216431750824E-05;2,0997474716317355E-05
Lateral Efficiency(LE);1,1844545912906458E-08;2,036364710460278E-07;8,61862810201084E-05;0,00021225625945411905;0,0002588915110494875;7,66634187757393E-05;3,2243079496742755E-05;1,2649603450519108E-05
Receiver 29;63 Hz.;125 Hz.;250 Hz.;500 Hz.;1000 Hz.; 2000 Hz.;4000 Hz.; 8000 Hz.
Early Decay Time (EDT);0,2639416234519066;0,3480017700491968;0,45313871225348457;0,5307717965891532;0,5305948021117128;0,5209944614504849;0,5553505854456107;0,7338153116499628
Reverberation Time (T-10);0,3138063744540518;0,3606202404035619;0,48999650480618057;0,5715044499585484;0,5998526901833893;0,5869478502151241;0,6500373590318288;0,8186924170032225
Reverberation Time (T-15);0,29965408275918143;0,3657601050993842;0,5097926235257015;0,5742730763923988;0,617002302101349;0,627032719212829;0,6805126865572724;0,8522034202581864
Reverberation Time (T-20);0,31259063088406164;0,37634398606042496;0,5234720542958368;0,6255398147662529;0,7284694068573507;0,6854809651418065;0,760672986136217;0,8736837026710517
Reverberation Time (T-30);0,3280226410463048;0,4000877614534286;0,5747875997155992;0,701200329302715;0,7883963225974158;0,7608439065359157;0,837283224744629;0,8985111301255795
Clarity - 50 ms (C-50);12,152553924608542;10,251393739472723;7,6286176761197755;6,380307109102601;6,313165779321698;6,584528291628401;5,661331503454892;3,608807676276533
Definition/Deutlichkeit (D);94,25800448785787;91,37628993372074;85,27775643567836;81,29235940978154;81,05610942416158;82,01757119062133;78,64351535380703;69,65575986330722
Clarity - 80 ms (C-80);18,67275613907833;15,563835333093845;11,985030216335648;10,37816439621388;10,022685194609943;10,204886183593661;9,355487231429787;6,7507062454191455
Center Time (TS);12,51478936538283;15,687762568208694;22,609714330894093;26,902661927213263;28,367122841651152;27,06660333075804;31,471421242143478;43,302922123215865
Strength(G);8,397622170729754;8,301002288580055;9,199431305280939;9,464104751064696;9,67893340155915;9,482795542727906;9,87640470499754;10,948528418466665
Lateral Fraction(LF);3,389648859743789E-08;4,209184880681775E-07;0,00015481163602588336;0,00038795850129412935;0,0004206532725878598;0,00012727732351569128;5,30628514391774E-05;1,6637456257284022E-05
Lateral Efficiency(LE);8,64688759170578E-09;1,517781154779862E-07;6,054985588771981E-05;0,000172861782884664;0,00019704997205492665;6,001314530176834E-05;2,8231256976220168E-05;9,429610541063506E-06
Receiver 30;63 Hz.;125 Hz.;250 Hz.;500 Hz.;1000 Hz.; 2000 Hz.;4000 Hz.; 8000 Hz.
Early Decay Time (EDT);0,18732369021403603;0,2674359875340689;0,3600889416730917;0,4184853116322239;0,44011175537967256;0,42768518545376866;0,44203164838666764;0,418805682142601
Reverberation Time (T-10);0,2871704479142677;0,34485254549667305;0,4391038928806279;0,5072972648634791;0,5152202376603058;0,5075635427045346;0,5160869233466933;0,5166487244489203
Reverberation Time (T-15);0,2710998178684745;0,3456415882938894;0,40701639540674467;0,48142242020292847;0,5033670574295114;0,49472756718423727;0,5050691950536386;0,49865862635881264
Reverberation Time (T-20);0,2796806805598687;0,32569246204445107;0,42494411623113804;0,4690578757248555;0,4842456060022741;0,48028817327030615;0,4856707183390668;0,48921349428632865
Reverberation Time (T-30);0,2835284054281562;0,3370217634953939;0,41359252647539724;0,43175473926612684;0,4457972754525022;0,4402279734950645;0,4485592629965547;0,4586708633415971
Clarity - 50 ms (C-50);14,273458727142872;12,239913173382977;9,983179108428459;8,888106181604346;8,46371200858298;8,503193285620064;8,424909583226794;8,790446468431535
Definition/Deutlichkeit (D);96,39657305196886;94,3659095745355;90,8770306181584;88,55997748245925;87,53202871716971;87,63090392214087;87,43419394667194;88,3301726127328
Clarity - 80 ms (C-80);20,091346733097694;16,90994312893597;13,767057740130447;12,224003454839316;11,664417862568449;11,851546793663065;11,621782347087716;12,020062603501447
Center Time (TS);9,391994027161465;11,31616647910196;15,435718152568938;18,056152378864564;19,27469469734275;19,221860819212512;19,399864212439827;18,631696326423505
Strength(G);6,775446175715956;6,424805535967007;6,922369884297325;7,154699350912892;7,292879273957482;7,441313082589815;7,340299788631441;7,263588900507855
Lateral Fraction(LF);2,52897374687627E-08;3,25147042010201E-07;0,00011240414588952945;0,0002918042266822467;0,00029751732442429154;9,68339321157721E-05;3,800220890961952E-05;1,1887761331210082E-05
Lateral Efficiency(LE);2,9462027457471936E-09;4,30903847944147E-08;1,870025585307664E-05;5,275875137366608E-05;5,5798648966928925E-05;1,7912203037482203E-05;7,008830335744689E-06;2,156632962992313E-06
Receiver 31;63 Hz.;125 Hz.;250 Hz.;500 Hz.;1000 Hz.; 2000 Hz.;4000 Hz.; 8000 Hz.
Early Decay Time (EDT);0,2547136464049582;0,33301000677253473;0,44848186455613487;0,48885388322643675;0,49567883246456357;0,4658791403408804;0,5267718615165649;0,6156247084658297
Reverberation Time (T-10);0,30180951758841484;0,3347189193527828;0,44090740704075976;0,5426483884558684;0,5599685017388392;0,514637790345827;0,5545247332915226;0,704363893603526
Reverberation Time (T-15);0,2813428784871883;0,3459766047696344;0,4780190052744104;0,5732787776981191;0,6022013061913518;0,5545646113497695;0,5815381834980459;0,7429851431749351
Reverberation Time (T-20);0,2886624980032299;0,3647779970873679;0,4787573878238127;0,571900228130061;0,6075357408155622;0,5459464863543868;0,5829233133919975;0,7901995102721581
Reverberation Time (T-30);0,30948434780651557;0,368730588608382;0,5001569262207941;0,6411076273282503;0,6783077379884963;0,6423314578712166;0,6879059319455754;0,8633593634554022
Clarity - 50 ms (C-50);12,63731813370024;10,815168562559641;8,048749114721915;7,059516597955339;6,61318428168978;7,270324678852048;6,244045129566093;4,94501496605541
Definition/Deutlichkeit (D);94,83312168753154;92,3457920931572;86,45132723316536;83,55541427831393;82,09418925052492;84,21155927364484;80,81051349733971;75,74283426048883
Clarity - 80 ms (C-80);19,000708998276302;16,243930129388506;12,631854647940859;10,867942100493034;10,553469031369199;11,186539560434683;10,143676598605186;8,386613114671595
Center Time (TS);11,581363663012654;13,444450087234282;19,744270523406474;23,145580437821092;24,82069920358924;22,749208492033695;25,89188387138785;33,911841310127166
Strength(G);7,27098593347446;6,922747932224048;7,522085423707054;7,804145610518262;7,942767148445938;7,995774109113462;8,026859065584325;8,789282783060386
Lateral Fraction(LF);2,7317868074081794E-08;2,7709215898693007E-07;9,715584623919347E-05;0,0002577463978436685;0,00025843083405922135;8,542257998921038E-05;3,3432116317393435E-05;1,0537784967316192E-05
Lateral Efficiency(LE);4,5936775849321485E-09;6,808744970247263E-08;3,15526589266372E-05;8,85298556082366E-05;9,210819680554096E-05;2,8265735951758595E-05;1,2017300313176996E-05;4,149229439225018E-06
Receiver 32;63 Hz.;125 Hz.;250 Hz.;500 Hz.;1000 Hz.; 2000 Hz.;4000 Hz.; 8000 Hz.
Early Decay Time (EDT);0,2532148075740721;0,3295496638315527;0,4514597941254261;0,5210593316296861;0,5426237447167687;0,519215053894845;0,5903093263295773;0,7413647907946989
Reverberation Time (T-10);0,29659206058021514;0,36492017432621865;0,5059184156014902;0,6076318028591836;0,6806963307026244;0,5932818055894322;0,6264101493715091;0,8148192380860341
Reverberation Time (T-15);0,2967316145304107;0,37764824150138315;0,5089109848576037;0,617348690675169;0,7040128952665986;0,5993616738454024;0,6580070496206067;0,8512698199226811
Reverberation Time (T-20);0,308109274118286;0,39052772853837625;0,5161163994318081;0,6548070173725601;0,719046594672793;0,648741394675765;0,7004365374328875;0,8745324981535668
Reverberation Time (T-30);0,32570430668353784;0,3903890401657411;0,5653759059961115;0,7443946679078915;0,7821237649269652;0,761682128083286;0,8155572065690816;0,8935612538856732
Clarity - 50 ms (C-50);11,859440681638695;9,886282233101;7,105523117089307;6,166879885123068;5,6708108949001605;6,025685297000093;4,8781228671397106;3,076295277281074
Definition/Deutlichkeit (D);93,8816192025812;90,69035970391593;83,70045418803849;80,53347431996582;78,68015212748335;80,0187286647402;75,45872269380862;67,00349564709754
Clarity - 80 ms (C-80);18,486176862288353;15,517241241430142;11,510571146149516;9,974656639469206;9,41883073213289;10,171298392851927;8,840263856096444;6,446355691143898
Center Time (TS);13,77939848658538;16,063042506296014;23,81419333952413;27,420751369817044;30,372694539379;28,059262346751826;32,61794679533395;46,01641495422779
Strength(G);8,321032014000572;7,850414172493963;8,642942095275728;8,896745851443193;9,070466906241315;9,000929131354539;9,348775754196055;10,764346267041546
Lateral Fraction(LF);3,6050739827934216E-08;3,894902617718129E-07;0,00013793743062726478;0,00035477949585613756;0,00037853550663479634;0,00011628109477388311;4,6463347604519704E-05;1,534659439817374E-05
Lateral Efficiency(LE);7,175601361198547E-09;1,1005343637515047E-07;5,086275023572602E-05;0,0001393530724827518;0,00015363781357538258;4,432013371008523E-05;1,947176336389858E-05;7,794822283523544E-06
Receiver 33;63 Hz.;125 Hz.;250 Hz.;500 Hz.;1000 Hz.; 2000 Hz.;4000 Hz.; 8000 Hz.
Early Decay Time (EDT);0,27069440544109147;0,3637022804554314;0,4912178357232751;0,5607305068592823;0,6200312833511857;0,5849300247399694;0,6451123752289547;0,810548447313505
Reverberation Time (T-10);0,3171241088640767;0,39849684645155775;0,5413811141870685;0,6599228067186803;0,6848944756679464;0,661839565337772;0,7220935342837828;0,8519780146858354
Reverberation Time (T-15);0,3280472135992619;0,40705336498773176;0,553596570717821;0,6794606955069552;0,7328150306179834;0,6834980979220445;0,768975946244567;0,8815816109124244
Reverberation Time (T-20);0,3338065575775107;0,41576667394871875;0,5685780375485833;0,711349669241939;0,7886911849283732;0,7513903825490899;0,8139552382374673;0,8933290397486761
Reverberation Time (T-30);0,3492341744535585;0,42453098357364866;0,6133332887847781;0,7697478583139518;0,8488789325005921;0,8623373507945643;0,8995086938462444;0,9032336947773254
Clarity - 50 ms (C-50);10,492123171637424;8,479532736923245;5,8195485077099836;5,212147531140234;4,389046348623081;4,730273909228736;4,0574088083972875;1,9127965871986237
Definition/Deutlichkeit (D);91,80317983079443;87,57173059890464;79,24900342196862;76,85499227241267;73,31647485245612;74,84204223405611;71,79373103600088;60,85426656576898
Clarity - 80 ms (C-80);16,789051671884;13,693558732390512;10,09357395206707;8,7663453426719;8,051699907475584;8,506871728974092;7,551839386625131;5,123519620690095
Center Time (TS);17,139465901181072;20,819961720147035;30,239696129271522;34,09251891297104;38,04228661658895;36,28479236519751;40,26090363556231;55,44172151382915
Strength(G);9,724317460992587;9,277871334755812;10,476247595028546;10,82058542830221;11,085622541856786;10,923656878910293;11,382481942998538;13,526006627331505
Lateral Fraction(LF);4,861361511827851E-08;5,893227708865128E-07;0,00021113721389090428;0,0005546179140272591;0,0005762372150827464;0,00017853411437111425;7,114100867508585E-05;2,525629984001188E-05
Lateral Efficiency(LE);1,389038180046255E-08;2,2211063220186662E-07;9,813660407364666E-05;0,00023949935091897607;0,00027174614337450764;8,186783328633552E-05;3,5141544132506896E-05;1,4684780271759212E-05
Receiver 34;63 Hz.;125 Hz.;250 Hz.;500 Hz.;1000 Hz.; 2000 Hz.;4000 Hz.; 8000 Hz.
Early Decay Time (EDT);0,2887614546502288;0,36994471434233;0,4958439880231062;0,5748180006629269;0,6185729039688642;0,5970454897781438;0,6589873281134577;0,8083928447843411
Reverberation Time (T-10);0,33199001094678343;0,4144265883536916;0,5366539810136185;0,6551784911911878;0,6697081617311417;0,6913217602671049;0,7281225665514313;0,8653397953836589
Reverberation Time (T-15);0,344033836955012;0,41146081375343463;0,5568808617125707;0,667396768656518;0,7256131184531232;0,7218232192487759;0,7823860523760136;0,8880590056902589
Reverberation Time (T-20);0,3441833530444266;0,4203471942138665;0,5790256485066898;0,7042190748342664;0,7946958488701007;0,7713294403365968;0,8312030981086589;0,9013935062502743
Reverberation Time (T-30);0,3565597781879735;0,43196587543170345;0,6226811705648275;0,7640063278614;0,8503218249021909;0,8591331285676012;0,9008477995166775;0,9108397471881132
Clarity - 50 ms (C-50);10,182807479448599;8,292880329351489;5,630914459688151;5,043918191639377;4,26229054179203;4,668376682706565;3,6898750487535064;1,840687039468116
Definition/Deutlichkeit (D);91,2541428623764;87,1316163038853;78,58159776886565;76,28350625496144;72,88036884782728;74,57828736169172;70,04884986524488;60,49028267983162
Clarity - 80 ms (C-80);16,085572220075022;13,129738707834655;9,762939717824905;8,50556741069206;7,951579735364841;8,212466052154179;7,274071244206153;5,053612251933207
Center Time (TS);17,693802843800768;22,243674287826174;31,406840631881803;35,44911504806116;38,79808557061137;37,4049595250361;42,5978488310561;56,14386832364698
Strength(G);9,671756811390736;9,55379141402355;10,999816933122645;11,55533058351245;11,753846715530202;11,45743957783548;12,085871632478572;14,09791230785546
Lateral Fraction(LF);4,439678605727372E-08;5,840271267325355E-07;0,00021495611492671233;0,0005466781572184516;0,0005627374888809318;0,00017927429592399098;7,291011307904563E-05;2,4715537906341593E-05
Lateral Efficiency(LE);1,3485300310982447E-08;2,3430807978795754E-07;9,752952983169469E-05;0,00023781812518671214;0,0002644557304728747;7,856521288585413E-05;3,6543170401381155E-05;1,4747473497767013E-05
Receiver 35;63 Hz.;125 Hz.;250 Hz.;500 Hz.;1000 Hz.; 2000 Hz.;4000 Hz.; 8000 Hz.
Early Decay Time (EDT);0,2737085678286809;0,35314697871865425;0,46645450064364236;0,5436194626285106;0,5524575637629345;0,5488939105238766;0,593801527183351;0,7787606325907728
Reverberation Time (T-10);0,31380827842678344;0,39565382575563285;0,5228125993138136;0,5675462352068658;0,6196001995886242;0,60799944391366;0,687105342350608;0,8387638951656265
Reverberation Time (T-15);0,3230484747460044;0,3943835742109946;0,5306751007795149;0,5894798306732414;0,6760564986556611;0,6579211847976314;0,733752104776962;0,8669618961038307
Reverberation Time (T-20);0,32379759125804375;0,3920201717971187;0,5482133354749631;0,6445390402218969;0,7472791681789169;0,7168095535137924;0,7957402884388544;0,8865492201411169
Reverberation Time (T-30);0,33285930689896737;0,4093313930713736;0,5791650470654015;0,7256421133098918;0,8179277799963797;0,7881018153581711;0,8565687342985923;0,9011646595876168
Clarity - 50 ms (C-50);11,423580405161847;9,396735887003826;6,796647102938243;5,69458892946877;5,3989796141310755;5,46599094626303;4,879190379358532;2,8262670980309728
Definition/Deutlichkeit (D);93,27911626796717;89,69400712084459;82,7067623446332;78,77184982465322;77,611375235795;77,8783448366425;75,46327433455892;65,71844210271138
Clarity - 80 ms (C-80);17,39383427080256;14,304763028143988;10,832453003968672;9,363947647331734;9,04054267218735;9,280040485838919;8,385079829390241;5,807605837927504
Center Time (TS);14,220233785666228;17,994282218372668;26,17060077384842;30,57313426301865;32,54914684562701;31,242047498974838;36,002481180136996;49,108319217844226
Strength(G);7,892793922266932;7,793955618711021;9,04998826823622;9,584293642099794;9,66841611014496;9,4671643518991;9,864933117364998;11,20889550058886
Lateral Fraction(LF);3,237843370383083E-08;4,048805532897322E-07;0,0001489079856851049;0,00037922355635372365;0,00040057472319261935;0,00012179288112795889;5,0638925661588205E-05;1,5916564380396985E-05
Lateral Efficiency(LE);7,626350103609905E-09;1,3622330597746491E-07;5,9955409271965315E-05;0,00016612029879991863;0,0001704703854603364;5,342181238497316E-05;2,4386297302954113E-05;8,654080436066108E-06
