Pachyderm Acoustic Simulation Results
Saved 22.12.2024 15:56:45
Filename:ORASE_FlatCeiling_Rough_Concrete (2).3dm
Source 0;
Receiver 0;63 Hz.;125 Hz.;250 Hz.;500 Hz.;1000 Hz.; 2000 Hz.;4000 Hz.; 8000 Hz.
Early Decay Time (EDT);0,23835112707504943;0,326966282724248;0,3110065221579886;0,37409331722982336;0,39980504200277583;0,4132693429664753;0,41361356643231795;0,3891443261824625
Reverberation Time (T-10);0,2747076598271272;0,31502696458634877;0,359051184360326;0,3649289961782834;0,3855279694808057;0,40025326864017147;0,39586993561493367;0,3787232186971022
Reverberation Time (T-15);0,24797868994185507;0,29307369824819457;0,3577515547856884;0,383530630785771;0,40312426418835934;0,4156385316159721;0,41178318927377366;0,3968049275756986
Reverberation Time (T-20);0,24840147191473888;0,3016971893459668;0,3482544867455828;0,38684615039747466;0,4126062444704441;0,4266677483453607;0,42565974146766833;0,4129332938722285
Reverberation Time (T-30);0,2451661141140041;0,31172077710513363;0,3588517687528751;0,37787198437235436;0,393071231986163;0,4038287567879396;0,40230292224983;0,40770262199040713
Clarity - 50 ms (C-50);18,43714588304085;17,256794432039733;14,869656973221892;13,682742226428742;13,32128113621187;13,41959499492197;13,351333590711533;13,42736098936454
Definition/Deutlichkeit (D);98,5871189927779;98,15401308828547;96,84421093029879;95,8931089982147;95,55251972826258;95,64773634315858;95,58183428095506;95,65517420635153
Clarity - 80 ms (C-80);25,392364774378446;22,735122945713915;19,462710806693703;17,91206213821117;17,351062625277475;17,346216284620816;17,28903267210608;17,56042142503026
Center Time (TS);4,586344538685758;4,314372163157735;6,135414345533851;7,508164160271032;7,7281430141899;7,283028041191712;7,488901921068694;7,644375809314744
Strength(G);12,477261149631623;12,28538564648668;12,527180074995677;12,725129056255128;12,699999975337647;12,578672514920214;12,623123009892211;12,683356666951184
Lateral Fraction(LF);9,177036110752886E-09;9,277492622234413E-08;3,5931696137336766E-05;0,0001037783556472898;0,00010305182579940753;3,025996917267782E-05;1,2413736682284325E-05;4,216579857872617E-06
Lateral Efficiency(LE);4,686170258135414E-09;4,9914331042334444E-08;2,1005781498040956E-05;6,155919838375304E-05;6,301176821384566E-05;1,880755448708037E-05;7,658559036005061E-06;2,439383973271098E-06
Receiver 1;63 Hz.;125 Hz.;250 Hz.;500 Hz.;1000 Hz.; 2000 Hz.;4000 Hz.; 8000 Hz.
Early Decay Time (EDT);0,2928440323577326;0,2583164353085581;0,3703745209971295;0,3860432116914667;0,35593398505319535;0,4272365226058246;0,3369581697897082;0,3592919538421019
Reverberation Time (T-10);0,25836533152450314;0,295010392603166;0,3549288310065436;0,3721094355333435;0,4098534930031261;0,4269783798154535;0,41212824515975505;0,5000511291519902
Reverberation Time (T-15);0,26204595320388774;0,31062713087621624;0,38484317459172546;0,3973470294593726;0,4655805263968353;0,48290247910122525;0,48588572313390144;0,5984871541338367
Reverberation Time (T-20);0,2649853271500322;0,3269075501599122;0,4072051863612848;0,4432337807372523;0,5086751103076238;0,516267436771772;0,5299180189118415;0,6627760084306465
Reverberation Time (T-30);0,2757848602627649;0,3583548049570975;0,4381892364975138;0,46858559272019323;0,5259241414694749;0,5609857765859165;0,5977470899749259;0,7735200625360228
Clarity - 50 ms (C-50);19,317254179734217;17,690047666289352;15,87497572755004;15,174403642612644;14,213189946345196;14,454433690024368;14,272404188176111;12,466449793194435
Definition/Deutlichkeit (D);98,84329714929436;98,32634806972035;97,47990153920233;97,05175856923216;96,3480571955047;96,53855508001512;96,39572951413624;94,63690430560365
Clarity - 80 ms (C-80);25,520240865917177;22,797966335702895;19,77359579670418;19,008107890820792;17,617445334183625;17,657691111602894;17,474844426010172;15,321677608300163
Center Time (TS);3,280730869180585;3,61582737237773;4,776171714594226;5,401720456470544;6,188233853502647;5,793632349414269;6,148535782631891;8,776621854012607
Strength(G);15,637136610225973;15,65641161353724;15,721595295919172;15,775333074083512;15,824835914683717;15,71105015076121;15,812536342467538;16,08132866282302
Lateral Fraction(LF);5,853472408252572E-09;7,333087412428231E-08;2,5583265219863807E-05;7,306553007833074E-05;7,404917478001848E-05;2,1455680490754193E-05;8,882581620656426E-06;3,292704714522221E-06
Lateral Efficiency(LE);2,330073951410258E-09;2,9108604784994817E-08;1,1679238969808132E-05;3,416489353550412E-05;3,669943393185636E-05;1,0345368566013348E-05;4,263208903277345E-06;1,6062275517359465E-06
Receiver 2;63 Hz.;125 Hz.;250 Hz.;500 Hz.;1000 Hz.; 2000 Hz.;4000 Hz.; 8000 Hz.
Early Decay Time (EDT);NaN;0,34319808957236236;0,5371968539756149;0,830050220645964;0,8472817499033168;0,8606516568554794;0,43410511088631065;0,40387211309142684
Reverberation Time (T-10);0,2818347035726664;0,26543243708517317;0,36071384278937135;0,4012049319665122;0,4338273905947248;0,4658346754541352;0,44926787005325286;0,5567397004569695
Reverberation Time (T-15);0,28858765376206036;0,31580658896822167;0,3920717009486337;0,4093604791692397;0,4698889445528028;0,5028661579701046;0,5175083034898723;0,6755769909618016
Reverberation Time (T-20);0,27713835087869093;0,3391073870951733;0,4368239693183078;0,47446378047166854;0,5549364358820128;0,5563145791324031;0,5739419099320443;0,7436941022678107
Reverberation Time (T-30);0,29441195166108475;0,3852148273447118;0,48515377607349464;0,5370638493117981;0,613274222739351;0,6416633016181286;0,6656445997503512;0,8190253694518583
Clarity - 50 ms (C-50);20,54869954830143;18,875827855382386;17,145026894751755;16,56883302130572;15,889370754382622;15,59246252552478;15,147100897811573;12,87016274778306
Definition/Deutlichkeit (D);99,12638653288319;98,72112728898404;98,10680032047237;97,84398960374138;97,48803129357366;97,31506470973231;97,03371703096538;95,08960134767996
Clarity - 80 ms (C-80);26,72094659025189;23,6370813028684;21,039092353680736;20,225359465495288;19,140446846596205;18,721129586805386;18,416208790159242;15,48692880349285
Center Time (TS);2,1743816835755614;2,7123787665463994;3,4172364816640726;3,7570701952383847;4,3104735704582;4,443264388562373;4,858771227730623;7,785610446561289
Strength(G);19,49533173201922;19,581209897120324;19,58227559637831;19,578123160461317;19,607743872855096;19,6017026130312;19,671843754086865;19,987085398250628
Lateral Fraction(LF);4,379275302471182E-09;5,575412510596708E-08;1,960830414314198E-05;5,149010128721411E-05;5,188330236822073E-05;1,7494790693051034E-05;7,1331151136879835E-06;2,8619970011350555E-06
Lateral Efficiency(LE);1,4948539776466331E-09;2,115051828706647E-08;7,996076115021855E-06;2,339511359407485E-05;2,4110921694605236E-05;7,478015457584051E-06;3,2403099467194948E-06;1,2804341992050583E-06
Receiver 3;63 Hz.;125 Hz.;250 Hz.;500 Hz.;1000 Hz.; 2000 Hz.;4000 Hz.; 8000 Hz.
Early Decay Time (EDT);0,2437405240442207;0,23016265023477084;0,264419410522133;0,27428619058833076;0,2951942870251577;0,26360623779466286;0,34178541239337634;0,48830455102300113
Reverberation Time (T-10);0,25532228687412173;0,29482281590232007;0,367835102289993;0,3866647528250718;0,43539670812699577;0,43236125944176507;0,47805130340615354;0,6429802379998164
Reverberation Time (T-15);0,2881199786747963;0,3340521837522677;0,4153402394254508;0,4402779585617749;0,5164561985996448;0,5251279726951009;0,5752198358892983;0,7336258962978485
Reverberation Time (T-20);0,2905688630926449;0,37124488860804133;0,45346716659139685;0,5019595140335434;0,5856814839236935;0,5822501548422694;0,649337026103779;0,7868174082358321
Reverberation Time (T-30);0,31292437523939276;0,4116362057814278;0,5172072898282987;0,6267385172429825;0,6646693362466107;0,719060371555224;0,7373610211954789;0,8506472826306832
Clarity - 50 ms (C-50);18,863355416362865;16,902136643874243;15,008328873072845;15,020235592608454;14,229562754308416;14,156659590524383;13,274074285225302;10,612539811710002
Definition/Deutlichkeit (D);98,71851997774483;98,00194137234948;96,9425254616642;96,94988330342797;96,36288387627651;96,30309666436742;95,50964315951006;92,02671387992162
Clarity - 80 ms (C-80);24,719320955699228;21,445556353782933;19,245483792161185;18,648004841466282;17,641222620564335;17,24946954324559;16,533886555878496;13,38121413742548
Center Time (TS);2,962133525754318;3,967482567275836;5,0464342908556725;5,189016446615195;5,904470515463226;6,082389358348988;7,075679531332076;12,05302217900829
Strength(G);19,75049437787639;19,935653584685433;19,970598569180545;19,898154877967315;19,92610373517897;19,985356264116405;20,06019124356198;20,62101178928033
Lateral Fraction(LF);6,5772162695154904E-09;1,0269153021121695E-07;3,706853040452989E-05;8,531075256667438E-05;9,13631249743565E-05;3,1202860057392137E-05;1,2276903239953317E-05;5,408347601448911E-06
Lateral Efficiency(LE);2,054627968635044E-09;3,2754295430309686E-08;1,2618444134995293E-05;3,2537709702779174E-05;3,2710474693788506E-05;1,0474243922432933E-05;4,8928095361340276E-06;2,207271285876672E-06
Receiver 4;63 Hz.;125 Hz.;250 Hz.;500 Hz.;1000 Hz.; 2000 Hz.;4000 Hz.; 8000 Hz.
Early Decay Time (EDT);0,23506375937320229;0,25144378946373547;0,2996948363132418;0,3396121191591073;0,38326896063864685;0,38018898766825404;0,4391780447120144;0,5994952122141048
Reverberation Time (T-10);0,2931128964820876;0,35024567459835293;0,42010387870023197;0,42035470882760273;0,4947745279312922;0,5344141726856871;0,5442365943181429;0,7561513892105397
Reverberation Time (T-15);0,2904070060909961;0,3728600166486142;0,4636380533854782;0,491240594772294;0,5765602710960441;0,6119054220907362;0,6524768732016071;0,8084238366007009
Reverberation Time (T-20);0,2996617475597752;0,39771606007319704;0,50147437816324;0,5602853148751117;0,6303231252067054;0,6662082357673211;0,6903139974834295;0,842177708646643
Reverberation Time (T-30);0,3275449458380085;0,42098070629232254;0,5652571355415431;0,6878618506162957;0,7229659727370596;0,7760088623855081;0,7919689602658595;0,8867893805860434
Clarity - 50 ms (C-50);15,752821753731904;13,337697578871932;12,02479496847037;11,662673630219452;10,921791164873191;10,717849731160653;10,088516287734166;7,68335238087901
Definition/Deutlichkeit (D);97,42490145592943;95,60364350174936;94,12417717101327;93,63193616743888;92,53495931132647;92,1970902843788;91,10619885842442;85,58548373187989
Clarity - 80 ms (C-80);21,828951468067167;18,011180336151714;16,078647205613194;15,702405589292937;14,400655318735298;13,947299502109532;13,51911000662347;10,459022501362998
Center Time (TS);5,893257013785331;8,400278671297023;10,039670623422795;10,711261217938977;12,125041307796256;12,750481286039939;14,216386138940484;21,975506611138233
Strength(G);16,446590008106387;17,12992693933474;17,1626100443184;17,058751650080666;17,202349445049087;17,336280106867783;17,43013113533688;18,213426948103503
Lateral Fraction(LF);1,3891785095931164E-08;2,274794030258695E-07;7,864790281694513E-05;0,00018998444185451514;0,00021117614117541534;6,477377668808234E-05;2,714744641153278E-05;1,0037191044648435E-05
Lateral Efficiency(LE);4,4804587652655215E-09;7,195121332091491E-08;2,704534030270746E-05;7,290677112531346E-05;7,628201156201503E-05;2,4113841216145815E-05;1,1201145400154002E-05;4,493972757118198E-06
Receiver 5;63 Hz.;125 Hz.;250 Hz.;500 Hz.;1000 Hz.; 2000 Hz.;4000 Hz.; 8000 Hz.
Early Decay Time (EDT);0,26572895071076713;0,3136190838417539;0,3855205399029779;0,367686384103831;0,436729696480111;0,4319369676864359;0,4437374414630255;0,585374346763896
Reverberation Time (T-10);0,29536938677157787;0,3472509313400643;0,4001934554168712;0,41118102074319834;0,4783026920589497;0,5071031046619889;0,5187711325861386;0,7345866936901714
Reverberation Time (T-15);0,27204424777081615;0,3547053532807792;0,4375832326709684;0,48095392628615713;0,5323903658887079;0,5891485633166144;0,6245312968615204;0,7853324705541735
Reverberation Time (T-20);0,27899653755202886;0,3721316944433027;0,480363160672636;0,5461311421775576;0,5966590419420652;0,6244884899865978;0,6563676010602643;0,8268064922298355
Reverberation Time (T-30);0,3090466721427127;0,40468324917674814;0,5368060331548068;0,6471611012828157;0,6912721154419244;0,7341098702852161;0,7727161946604783;0,8618711988988708
Clarity - 50 ms (C-50);15,34101726543067;12,320491811063864;10,979043350390995;10,83490294794678;9,642908170549699;9,70731619916554;9,540756122735788;7,233307851313465
Definition/Deutlichkeit (D);97,16600448981438;94,47804356175325;92,62171419848829;92,38550825413425;90,214391951634;90,34222407325;90,00937108632992;84,12495446729277
Clarity - 80 ms (C-80);21,415286154464575;17,529208486547432;15,155421783758847;14,84753545837674;13,53382576339264;13,315519316302947;12,970011321142202;10,104055150105658
Center Time (TS);7,321053257048083;10,293677267465556;12,81846556796121;13,532962420657709;15,34082582567658;15,546682144977355;16,59065931887676;24,309849528981854
Strength(G);13,297184158305857;13,957166850368218;14,172560073210462;14,26244751750302;14,343056708634151;14,428889370073783;14,498463443814174;14,997878022976984
Lateral Fraction(LF);1,5477832148240107E-08;2,785789000633827E-07;9,313279539533269E-05;0,00024058466596016016;0,00025953266994335907;7,973002845892636E-05;3,419221116841053E-05;1,1206119163022922E-05
Lateral Efficiency(LE);6,568835289758122E-09;1,0940732946499537E-07;4,030198527414278E-05;0,00011121090446875049;0,00011846668075126828;3,567879147566692E-05;1,5504474428131095E-05;5,588176947477754E-06
Receiver 6;63 Hz.;125 Hz.;250 Hz.;500 Hz.;1000 Hz.; 2000 Hz.;4000 Hz.; 8000 Hz.
Early Decay Time (EDT);0,2868197665647882;0,31766717592153193;0,4695590688597341;0,4617595971808468;0,49256639705888133;0,5418199069983916;0,5133935057821369;0,4829029148166144
Reverberation Time (T-10);0,2778342975269206;0,3435590475339734;0,36928493456179456;0,3856103048216413;0,4142307181805082;0,42772954564110166;0,42351873849421673;0,4051467094118997
Reverberation Time (T-15);0,24841915317591942;0,307493528370624;0,3765101799354673;0,4046962352619418;0,4301370393717763;0,4431615660646559;0,4414845461214919;0,42635375959598104
Reverberation Time (T-20);0,25425159608102477;0,3142136241790242;0,3780508305303241;0,4036464020577657;0,42616910142599224;0,43468752109991216;0,4371690883158368;0,43200631005961293
Reverberation Time (T-30);0,2581323681467449;0,3177286046018018;0,35973848691847604;0,37692077735353063;0,39063772989963064;0,39647140196166564;0,3989174450714064;0,4210956262780278
Clarity - 50 ms (C-50);17,63526334106399;16,301429281698706;13,742313166299216;12,61623872357302;12,204822482619388;12,276730865559207;12,228084402298753;12,313381923182815
Definition/Deutlichkeit (D);98,30546199186416;97,71020297241692;95,94678975423261;94,80928709929046;94,32279701513609;94,41081287017784;94,35141120710053;94,45517836797424
Clarity - 80 ms (C-80);24,83840589288676;21,949169615512425;18,42630008521396;16,926179395393184;16,25952325967561;16,19115730731125;16,144763233597555;16,489220669770713
Center Time (TS);5,1387638090386725;4,992035635951601;7,380646709594115;8,968933111624152;9,412077141717896;9,058349677304617;9,24480906537035;9,26531947572801
Strength(G);10,989333467083156;10,758333010359173;11,034900681753193;11,260077697118135;11,255994735020856;11,129808767122206;11,184956612949179;11,202709092545831
Lateral Fraction(LF);1,065117592853534E-08;1,13004622818389E-07;4,564117697847828E-05;0,00013352717641178908;0,00013441202559193104;3,943293273125434E-05;1,6104020710374134E-05;5,283472544028454E-06
Lateral Efficiency(LE);6,214388883502363E-09;6,61516400861939E-08;2,83791605824868E-05;8,261568772755181E-05;8,478691857746675E-05;2,5953489591568537E-05;1,0367658448377271E-05;3,3291238151574216E-06
Receiver 7;63 Hz.;125 Hz.;250 Hz.;500 Hz.;1000 Hz.; 2000 Hz.;4000 Hz.; 8000 Hz.
Early Decay Time (EDT);0,3824184058827081;0,38515010429751917;0,43059707537544645;0,43494228308380833;0,47351051536431615;0,5423449397139639;0,5167934744939952;0,5495076740403865
Reverberation Time (T-10);0,298386449447859;0,327428661569955;0,38690604820002533;0,4017682183527557;0,44341286593287516;0,465076029773823;0,47987665424992154;0,5668558659604875
Reverberation Time (T-15);0,26808938533568166;0,3251073789748351;0,4037972857783062;0,4280680960065502;0,4907782695721309;0,48898301878992356;0,5304604292855438;0,6219772157247175
Reverberation Time (T-20);0,2694633149779951;0,3382474973250376;0,4191798165012484;0,4556846198962149;0,5184153286840412;0,4957103019665051;0,5423527588062452;0,6806041688995418
Reverberation Time (T-30);0,2809406995565634;0,36652786887785627;0,44710235353340577;0,49895440260669527;0,5581612145921223;0,5749590134317231;0,6241152907317944;0,7860380476364387
Clarity - 50 ms (C-50);17,38617769565325;16,15079927778028;14,036601114906158;13,366549528844773;12,57728608807221;12,719092764192023;12,404646447731887;10,220881654578687
Definition/Deutlichkeit (D);98,20722547601106;97,6313048758974;96,20226055238714;95,59660624779576;94,76496947627543;94,92460860855694;94,56421611169142;91,3207663148741
Clarity - 80 ms (C-80);23,951651658043023;21,250036601770145;18,23259429235065;17,35641937244941;16,393996571341894;16,585671508928186;15,765717372674995;13,514619950996673
Center Time (TS);4,861470274866526;5,102770717865141;6,898478470013874;7,6988014932924775;8,710737739917976;8,120998944686049;8,857422908664157;13,051339851063291
Strength(G);12,982008661419577;13,006318472904127;13,070091047438467;13,122916807076628;13,198806621584708;13,03408001526519;13,142714184488355;13,613056946659327
Lateral Fraction(LF);9,00142013903646E-09;1,0342468462603393E-07;3,574558850346355E-05;9,808210248282362E-05;0,0001053533066253081;2,9205550052527295E-05;1,2029297884562724E-05;4,67998144053091E-06
Lateral Efficiency(LE);4,700325569003568E-09;5,100432445567291E-08;2,128714313367546E-05;5,907810872640729E-05;6,3286554658182E-05;1,9696553044517187E-05;7,5213621310920425E-06;2,8277425834655353E-06
Receiver 8;63 Hz.;125 Hz.;250 Hz.;500 Hz.;1000 Hz.; 2000 Hz.;4000 Hz.; 8000 Hz.
Early Decay Time (EDT);0,4331858356170825;0,3867740994859942;0,41388874016502253;0,4947318491787275;0,49986249584374676;0,5289013629377286;0,531851649779454;0,6016500851565757
Reverberation Time (T-10);0,31756474328721507;0,34558124796593426;0,4211727572309182;0,44871961916111613;0,4822964313359408;0,5005141265560438;0,5207783376308841;0,6932598139515761
Reverberation Time (T-15);0,28955434085368165;0,3381483107887799;0,4334958288964138;0,4873308637664517;0,5686726480483066;0,569160080682905;0,579878313088088;0,7502764551320057
Reverberation Time (T-20);0,2838703707385112;0,36914551772697984;0,46417161757160746;0,5147762256061541;0,5797910419827976;0,6028007643745446;0,6125172645126171;0,7874882575153241
Reverberation Time (T-30);0,3058837795724109;0,40438239593337777;0,5111092561222361;0,6018200917528168;0,6483388304439925;0,7124717074540131;0,714829479302271;0,8414698394233849
Clarity - 50 ms (C-50);16,481226488157077;14,892083972430454;12,992386693012548;12,313845805495252;11,871748410873233;11,790727040066606;10,937688001226352;8,851157195489476
Definition/Deutlichkeit (D);97,80102269396276;96,85995504408318;95,21935425735502;94,4557377599486;93,89787733508797;93,79010418081273;92,54283107405833;88,47349919966445
Clarity - 80 ms (C-80);23,10104376771691;20,119495290281808;17,462760570320505;16,294168178521765;15,567616174380204;15,280616259597192;14,57348045913496;11,816046576524668
Center Time (TS);4,880866307590588;6,03285944694626;7,611400708768005;8,551172819888013;9,288619267446474;9,422869460146908;10,761661522417995;16,90901760188476
Strength(G);14,652074326649984;14,816680340674441;14,844823837182808;14,813377490834114;14,878696850571451;14,829713927100102;15,003420186153008;15,695820343873137
Lateral Fraction(LF);9,340191129129947E-09;1,2163377151139819E-07;4,19244311944392E-05;0,00010534615215556362;0,00010780763703399738;3,3884649677603107E-05;1,465351930971328E-05;5,82842843983538E-06
Lateral Efficiency(LE);4,145020940066387E-09;5,889711314318255E-08;2,252012232293037E-05;6,375764309198223E-05;6,117434042040986E-05;1,8819302904796075E-05;8,451414043966975E-06;3,3125320896166183E-06
Receiver 9;63 Hz.;125 Hz.;250 Hz.;500 Hz.;1000 Hz.; 2000 Hz.;4000 Hz.; 8000 Hz.
Early Decay Time (EDT);0,3458123026986049;0,32068617823751533;0,386609098584305;0,4494270976885347;0,4294883814878453;0,45150454526978046;0,49677832342879663;0,6232233439810517
Reverberation Time (T-10);0,31116788137250256;0,35614080997934094;0,42333869410909464;0,44092290151122004;0,4694443850655491;0,5045112248291806;0,5468341813504396;0,734424669651011
Reverberation Time (T-15);0,30113835294174834;0,3687297517787207;0,4517501209568148;0,4911475404546518;0,5676199462022571;0,5641147316805704;0,6319654883420582;0,789489180000706
Reverberation Time (T-20);0,3030472787408486;0,4010937815883741;0,4837809121405434;0,5298060746731941;0,6138088093743915;0,6236305397831858;0,6723702695635179;0,8251878384228447
Reverberation Time (T-30);0,32172788948844433;0,42541559134623863;0,5506101942167833;0,6678908802323004;0,6820772713607737;0,774210787185243;0,782416838220606;0,8740693800677095
Clarity - 50 ms (C-50);15,013391715275617;13,464412971912276;11,726713601155833;11,405245111241484;11,202863396096795;10,731878110811016;9,793683469549627;7,435193770347056
Definition/Deutlichkeit (D);96,94929705348461;95,69500302618215;93,70962480796081;93,2567169855005;92,95553356118057;92,21207705992015;90,52472687726097;84,74450232830068
Clarity - 80 ms (C-80);21,484831340279193;18,400762160290952;16,25100965323956;15,589823367303504;14,935379463199265;14,235719166327936;13,535297511305238;10,437574813016539
Center Time (TS);6,2813144053959205;7,658251337919867;9,757159086242895;10,429417245361186;10,971196475952196;11,78702490910175;13,891390671644567;22,17070225198419
Strength(G);15,02406786407848;15,30372807867785;15,451657669471764;15,26698988623302;15,400741586452838;15,488295181249718;15,636066034992531;16,667121664176378
Lateral Fraction(LF);1,3467380780659063E-08;1,8650637751089891E-07;6,777233286591223E-05;0,00015834074837473206;0,00015565700763309833;5,508253076314353E-05;2,342411325793829E-05;9,531594363043434E-06
Lateral Efficiency(LE);5,343907347450114E-09;7,463222469755069E-08;2,9750471390224745E-05;7,931253214552972E-05;7,298582511166327E-05;2,4732370867063232E-05;1,1774301038387248E-05;4,79237690818834E-06
Receiver 10;63 Hz.;125 Hz.;250 Hz.;500 Hz.;1000 Hz.; 2000 Hz.;4000 Hz.; 8000 Hz.
Early Decay Time (EDT);0,3125562452915248;0,32430032701794936;0,382083748744612;0,3979496803499542;0,42792419855487807;0,4496763795981054;0,4757548611791792;0,6694410757771251
Reverberation Time (T-10);0,299856417789305;0,361285192538984;0,41798998437366924;0,4351194311805498;0,5153273181733333;0,5711111073809965;0,5597577529704102;0,7715309346790453
Reverberation Time (T-15);0,29297694903806887;0,39361824407255935;0,46577578713698514;0,5070960395784933;0,5854092156960616;0,6251276970368064;0,6748217654128436;0,8166845626549392
Reverberation Time (T-20);0,30296226724599756;0,41554215756242424;0,5046839358426585;0,5646524464287493;0,6313665477825396;0,6819214772316431;0,701001893811531;0,8504328350107254
Reverberation Time (T-30);0,32995994121178146;0,43121801614050065;0,5720631241785836;0,6978483507766507;0,7456933721538432;0,7861732643341723;0,800058783837209;0,8944670499081271
Clarity - 50 ms (C-50);14,233264286280946;12,3666355816077;10,946719240560965;10,648114258275134;9,888099388024687;9,485736579986005;9,077719878496048;6,380166561415397
Definition/Deutlichkeit (D);96,37243924491634;94,53870909968498;92,5910506202157;92,07994973341282;90,70205226004148;89,8914433463123;89,01413709378923;81,41260816349708
Clarity - 80 ms (C-80);20,27568111538646;16,78615368031878;15,06996078761663;14,764133836559541;13,49950405006463;12,709984289496873;12,733614022493423;9,191034626161162
Center Time (TS);8,222103042133403;10,269412973086617;12,625138298665957;13,282030435934681;14,839948584688642;16,24108259402782;17,561602433900827;27,524544208133573
Strength(G);13,929580976342809;14,547612953711386;14,69890133931628;14,591901176328719;14,802570079865383;14,85316567375395;15,005492254326839;15,988949785328302
Lateral Fraction(LF);1,9245117175561904E-08;2,681791375620505E-07;9,631386756880357E-05;0,00022718706288233528;0,0002404373136107078;8,034545125160216E-05;3,376818216018016E-05;1,2430762206106417E-05
Lateral Efficiency(LE);7,578639998815772E-09;9,985543313067971E-08;3,8994937788533155E-05;0,00010180740530229904;0,00010325123487869996;3,5966958302604155E-05;1,6100676680375445E-05;6,390849327159265E-06
Receiver 11;63 Hz.;125 Hz.;250 Hz.;500 Hz.;1000 Hz.; 2000 Hz.;4000 Hz.; 8000 Hz.
Early Decay Time (EDT);0,31606816309313635;0,334408767105484;0,3847487339505689;0,383037406918573;0,4339359876725334;0,45213084594559233;0,4601107912770121;0,6227057341019885
Reverberation Time (T-10);0,2792929367814468;0,35175298348068473;0,3954439425419517;0,4068936753464414;0,4762122490194987;0,5230301190407288;0,517552860687173;0,7424886152321879
Reverberation Time (T-15);0,27179386903234465;0,36742646785504257;0,44291932469485934;0,47690161793491576;0,5280684191842873;0,5876450411329338;0,6056864133177668;0,7901664970608435
Reverberation Time (T-20);0,2816469765058089;0,38412722609402256;0,4855984327361461;0,5427398665922765;0,5827926783816253;0,62434602747802;0,6581754147248726;0,8316312032656948
Reverberation Time (T-30);0,3090860670944387;0,4108354896730243;0,5432776444541185;0,6434327775241329;0,6907751763778931;0,7175144277320581;0,7868609945693635;0,8691678050499027
Clarity - 50 ms (C-50);14,675817936610535;11,83723808584395;10,806347957079865;10,292876443449257;9,240481931812512;9,28384184247601;9,04755518275672;6,6675296629868575
Definition/Deutlichkeit (D);96,70799725734197;93,86765726517957;92,34537613077623;91,45842554985619;89,35791379784838;89,4568482858222;88,93511501614454;82,32843284199447
Clarity - 80 ms (C-80);21,30267477593291;17,165464528668895;15,075150679722924;14,716980803396291;13,403698700441621;12,983479620398468;12,690608415250757;9,635043515991418
Center Time (TS);8,266403307809245;11,068714634127753;13,699995958744429;14,856811773404788;16,70113128830847;16,857425428027106;18,018379818234283;26,553694286924546
Strength(G);11,8874142360797;12,431844617432226;12,654817407623653;12,766730718067166;12,943459564607394;12,86997492369538;12,918928443193039;13,522846879124238
Lateral Fraction(LF);1,6901163271559043E-08;2,836052439985209E-07;0,00010078386405014379;0,0002556284192964195;0,00026160296575749377;8,429164077515406E-05;3,475757107653221E-05;1,1803058547683097E-05
Lateral Efficiency(LE);8,379603313448993E-09;1,2790224401632162E-07;4,859941805797233E-05;0,00013576417377699667;0,00013819751514723726;4,2543632817785114E-05;1,8175764806045434E-05;6,568203417055232E-06
Receiver 12;63 Hz.;125 Hz.;250 Hz.;500 Hz.;1000 Hz.; 2000 Hz.;4000 Hz.; 8000 Hz.
Early Decay Time (EDT);0,3382127035025598;0,4781271502436567;0,4585363281402423;0,43559758239533325;0,46575778744244806;0,4928458479008455;0,48360385298942743;0,4580885269136834
Reverberation Time (T-10);0,2786002517090912;0,3328044763387789;0,36560673933831295;0,3878099534232094;0,4119824525128696;0,43621840976681164;0,4366384483794745;0,4063949739057368
Reverberation Time (T-15);0,2484227755384504;0,3098976891680979;0,380470800632466;0,4018895339540617;0,4264432431461141;0,44314007187378934;0,44251577208702975;0,4340233073662694
Reverberation Time (T-20);0,2515954648250774;0,31688403929734;0,3779467311880717;0,3967352227611039;0,41283818656932414;0,4264684813121098;0,4226164167316491;0,4202129935355127
Reverberation Time (T-30);0,257228787265043;0,31491581115313433;0,3625342121615171;0,3791262916217194;0,36767999890491854;0,3760697193165046;0,38424529488239545;0,414985736319701
Clarity - 50 ms (C-50);16,067113772130902;14,527182766115654;12,079402784252943;10,900217513779772;10,465270759235004;10,562508677925454;10,40145513575566;10,640917949150825
Definition/Deutlichkeit (D);97,58633154171787;96,59409673363466;94,16615913525946;92,4830703124783;91,75653272417217;91,92431219718156;91,64470366191082;92,05732897764098
Clarity - 80 ms (C-80);23,90581417230253;20,75785945086901;17,314321018440904;15,82657097261169;15,159048237277442;15,0200998188955;14,916171531516573;15,280121475779353
Center Time (TS);6,542218726194797;6,591448495116869;9,631476726116741;11,729145441095298;12,337149228362916;11,923586409888555;12,194759178140531;12,113888084240603
Strength(G);9,61046569056625;9,252191202937759;9,612714425400625;9,898359677860647;9,905491129203497;9,740151854171998;9,797399079547901;9,841114503840942
Lateral Fraction(LF);1,529549638079742E-08;1,4822974923369153E-07;6,073203643102495E-05;0,0001766025060331355;0,0001744045584692014;5,146245646330924E-05;2,1068519883624403E-05;6,906971623552181E-06
Lateral Efficiency(LE);5,533020341226548E-09;7,131041769211628E-08;3,1503036478745466E-05;9,243366873581146E-05;9,546232571206613E-05;2,979393623477689E-05;1,1710420057581075E-05;3,693565774288283E-06
Receiver 13;63 Hz.;125 Hz.;250 Hz.;500 Hz.;1000 Hz.; 2000 Hz.;4000 Hz.; 8000 Hz.
Early Decay Time (EDT);0,38081823160639255;0,4570746230848176;0,5035214558656033;0,4855826075141686;0,49595025122707076;0,5191104473915338;0,560404200903173;0,5398669089514777
Reverberation Time (T-10);0,2921176462718766;0,3477618825931546;0,40410762463206473;0,4197474107736114;0,43229881702573425;0,44817416605137106;0,46927386488854717;0,5699572267681348
Reverberation Time (T-15);0,27066440262114;0,3272464588533881;0,4031207290298974;0,4372747109579892;0,47850813324543623;0,4872764759545902;0,4934362649063275;0,6177343878263349
Reverberation Time (T-20);0,2698967236674002;0,34657679134394914;0,40994270846699243;0,4336048877251647;0,4841518078964804;0,47816283815761534;0,4886850532693946;0,6690447024585885
Reverberation Time (T-30);0,2842576616761372;0,3552821723810553;0,4208031108005928;0,4520482589731542;0,5338878563977473;0,5451225559352684;0,5533122824525863;0,7746116293497121
Clarity - 50 ms (C-50);15,369402358827715;13,859177232408314;11,889869837764351;11,054381710793438;10,745927616426467;10,975221127329675;10,407646248805516;8,56919533294984
Definition/Deutlichkeit (D);97,1775534568645;96,05015243662498;93,92174167326854;92,72615440669779;92,23233574755125;92,60225353840715;91,65561293536084;87,79469241912435
Clarity - 80 ms (C-80);22,435602305467345;19,649881605244033;16,88790378167517;15,580596385642993;14,922862735577757;14,996137494595258;14,540633870273581;12,122467136560475
Center Time (TS);7,250239638118939;7,70247232495871;10,202405547259337;11,764829889855703;12,58920675717147;11,861373254049306;12,725220734483688;18,34563848114153
Strength(G);10,846899868006151;10,745686310468876;10,954630139435352;11,06299109013419;11,156698246521835;11,019993475128473;10,984675181240235;11,692167279966498
Lateral Fraction(LF);1,500616664507428E-08;1,5821540046704755E-07;5,897651351330612E-05;0,00016335088522952866;0,00016783127829726087;4,773079496156927E-05;1,9494684762279404E-05;7,091179320317288E-06
Lateral Efficiency(LE);7,0132111472389604E-09;9,288557398652624E-08;3,806325773664046E-05;0,00010978725441124649;0,00011058461652074686;3,2344024456765884E-05;1,4345721022828562E-05;4,793830634558082E-06
Receiver 14;63 Hz.;125 Hz.;250 Hz.;500 Hz.;1000 Hz.; 2000 Hz.;4000 Hz.; 8000 Hz.
Early Decay Time (EDT);0,3502432593415668;0,4214974916147246;0,5053633400750476;0,502962101073347;0,5297788465550926;0,5416250338271639;0,5434847238149819;0,660006787516473
Reverberation Time (T-10);0,3004307373603766;0,353768934557583;0,4327783637547608;0,45463951821515636;0,5336936633150672;0,5626631457706774;0,5769765510317693;0,7541078701747372
Reverberation Time (T-15);0,2884767284491791;0,37323932488037154;0,46901702259287403;0,514222053121853;0,5779326953123867;0,6061326012783851;0,6328091547772315;0,7875350724755148
Reverberation Time (T-20);0,2985968230219453;0,3988484357775218;0,48950938688911366;0,5394441361134051;0,6189708211512169;0,6394716775784302;0,6811548804024684;0,8225267646711484
Reverberation Time (T-30);0,31409368704774804;0,4159313195679514;0,5253397873084451;0,6368751970539756;0,7172778426801769;0,730061537464017;0,79315840217899;0,8663035026029589
Clarity - 50 ms (C-50);14,084160782887574;12,101832340479898;10,168502617496245;9,646832994752252;9,105789110055031;9,141497493103556;8,545438528885422;6,225473431776875
Definition/Deutlichkeit (D);96,24206840982778;94,19446623286323;91,22469613802029;90,21429620481106;89,05806021492523;89,13792558735322;87,73595451853578;80,74411313723152
Clarity - 80 ms (C-80);20,22165414444551;16,943755917172908;14,425815142436601;13,45799841466685;12,801021223334011;12,500725397123102;11,935109115197573;9,267648143625234
Center Time (TS);8,58439610061633;10,700873126476008;13,461294912462073;15,377226346303612;16,314014710836197;16,644562106266836;18,71020975915403;27,787491330192957
Strength(G);11,99389713010644;12,134392104234248;12,208105061777289;12,273021100303566;12,358820567314474;12,303698577764393;12,514626836193614;13,503827496024691
Lateral Fraction(LF);1,8631746275605535E-08;2,2114559168755301E-07;7,293414400332592E-05;0,0001935487320917669;0,00019648271007422557;5,9226082743771624E-05;2,5820538168559135E-05;9,646845210985577E-06
Lateral Efficiency(LE);8,217874169476606E-09;1,2353824346646503E-07;4,52598753675432E-05;0,00013189913403071816;0,00012606452763521;3,898611287797968E-05;1,8055632096417565E-05;6,591799971338773E-06
Receiver 15;63 Hz.;125 Hz.;250 Hz.;500 Hz.;1000 Hz.; 2000 Hz.;4000 Hz.; 8000 Hz.
Early Decay Time (EDT);0,32099377229871656;0,40430007042508187;0,46371528016444497;0,4839243622601417;0,5125241934781851;0,5133151890311082;0,5643269839986871;0,7223908728324496
Reverberation Time (T-10);0,29196464336125105;0,380307431911113;0,44959673139449835;0,47950368582298813;0,5787144942519096;0,613068609287841;0,6702093378485059;0,8008537237640914
Reverberation Time (T-15);0,29898657240383986;0,4158286319087975;0,49691133507953134;0,5351447725610103;0,6364100212373726;0,6357117607127742;0,7383026825918885;0,8452239448421673
Reverberation Time (T-20);0,31214892898305463;0,43483527952684214;0,5236955677001748;0,6073758219852741;0,6963203241782271;0,7145333439559534;0,7495168151798737;0,8683732522191333
Reverberation Time (T-30);0,3381906690139532;0,45207807719945187;0,6058851285952753;0,7798408931561864;0,7995285421017121;0,8289177582525429;0,8586812382939133;0,9044729263355347
Clarity - 50 ms (C-50);12,934578211953102;10,882527287527479;9,14732593064629;8,979493786433387;8,400402039473743;8,183614287624605;7,354085208602985;4,963984756742473
Definition/Deutlichkeit (D);95,16403229933869;92,45470396699582;89,16706001982206;88,7813545968534;87,37816421807946;86,81364880694645;84,47158330934637;75,85417267560449
Clarity - 80 ms (C-80);18,940089183202865;15,219000409804657;13,429527771649624;12,791216909447131;11,925287577231154;11,352160973202253;10,795526003294913;7,874548238267652
Center Time (TS);10,506733873909631;13,077985652495387;16,68140368573582;17,551990567675404;19,399451913872667;20,272132503716865;23,003633546568807;34,49928994747679
Strength(G);12,552884152888389;12,724343598375064;13,022293970855948;12,845867494686644;12,928523522358624;13,167083945427535;13,408726309482496;14,695024398550757
Lateral Fraction(LF);2,3708811406921298E-08;2,958612394572066E-07;0,00010438906619683795;0,0002601503999418915;0,00024171646921902166;8,377977431342684E-05;3,723003201059419E-05;1,4287818827098928E-05
Lateral Efficiency(LE);9,532243170920655E-09;1,4521995342302092E-07;5,816632460419568E-05;0,00014808930404189427;0,00015102418997969035;5,019006102618064E-05;2,199567955912955E-05;8,56710853222629E-06
Receiver 16;63 Hz.;125 Hz.;250 Hz.;500 Hz.;1000 Hz.; 2000 Hz.;4000 Hz.; 8000 Hz.
Early Decay Time (EDT);0,3265928204201366;0,37946910470177636;0,41860817215072843;0,43973395142452415;0,4953959554352193;0,5229169568500626;0,5572579538674857;0,7270624301327031
Reverberation Time (T-10);0,29086824327796135;0,3966430343451686;0,4729662548875046;0,5333667404789633;0,5794912281608274;0,6478438588386831;0,702289703595394;0,8319288074464324
Reverberation Time (T-15);0,30464642028462036;0,43613462820704285;0,5242886245461048;0,6046603841388052;0,668200417594584;0,6823064556618017;0,7632885896732791;0,8685471991527711
Reverberation Time (T-20);0,3233225457191982;0,4443890368438883;0,5537177460955794;0,6605307058626965;0,6976398442887898;0,7622100644667541;0,7802610387483996;0,891119436061249
Reverberation Time (T-30);0,3503293131630957;0,4590832444457387;0,6206039324966691;0,8187395881157569;0,8247814751314686;0,8380062928362327;0,8676793234305238;0,9161527432263247
Clarity - 50 ms (C-50);12,545885998381598;10,327133820532106;9,028364201952263;8,849731018826406;7,870658003390949;7,528546543424093;7,061448055956391;4,75859955244039
Definition/Deutlichkeit (D);94,73529443365312;91,5539982473683;88,90166388480095;88,47550371509244;85,97329315360966;84,99953927972712;83,57283316183255;75,04923628673667
Clarity - 80 ms (C-80);18,394161048104884;14,559041527820003;12,752811115910871;12,188567312582654;11,343636839170223;10,79576496577602;10,415697248253856;7,607499831772215
Center Time (TS);11,581161922276081;15,077062616221442;18,461280545467034;19,421088827663674;21,75645279186623;23,155278871653312;25,252218941838024;37,00660315914975
Strength(G);12,122545117773136;12,684979633923973;13,08677202681298;12,725994365085533;12,98692893909795;13,341210216713513;13,465856903448099;14,744164359349526
Lateral Fraction(LF);2,5923743826239276E-08;3,6370752980736094E-07;0,0001262113985899845;0,0002921368842662735;0,00031364606004441307;0,00010811053984605233;4,2366067582145643E-05;1,62337680494807E-05
Lateral Efficiency(LE);1,1297340927245326E-08;1,8334236259035832E-07;7,024239248586257E-05;0,0001649182554974215;0,0001838348883576725;5,982921335029374E-05;2,4259539414665654E-05;9,594711024472705E-06
Receiver 17;63 Hz.;125 Hz.;250 Hz.;500 Hz.;1000 Hz.; 2000 Hz.;4000 Hz.; 8000 Hz.
Early Decay Time (EDT);0,32840071190534287;0,3747337691368342;0,40191336978397907;0,39719719617149196;0,44270034018937265;0,47478493261749233;0,4795207565243131;0,6440486709273924
Reverberation Time (T-10);0,27434319314336253;0,35915017657445814;0,43659456920833795;0,45128966596706477;0,5034894523580292;0,540385556522909;0,5897734796630123;0,7539743064711465
Reverberation Time (T-15);0,2796610472125078;0,37837040057467936;0,4782058697513026;0,5384426294954633;0,5682800420008296;0,6031364742176886;0,6832853772783144;0,8056534181806085
Reverberation Time (T-20);0,287972205782813;0,40651652744345784;0,5094325612065854;0,5613868012834012;0,6080224026853843;0,6656496327392073;0,6889941306712394;0,8474790158015322
Reverberation Time (T-30);0,31905378686201585;0,4290714841012875;0,5576517249861997;0,647574522626432;0,7660369789698999;0,769238503364283;0,8214750689648599;0,8842951409700764
Clarity - 50 ms (C-50);13,535029659517114;10,70758426744179;9,544996143239636;9,494548481141983;8,527743606322991;7,974806627962611;7,938142423915338;5,638194702946723
Definition/Deutlichkeit (D);95,76071340627259;92,1826987923474;90,00812323457093;89,90034559488905;87,69918513639136;86,25430285958109;86,152331313812;78,56304263090978
Clarity - 80 ms (C-80);20,33700353746786;16,433272388039793;13,61867883091006;13,495948602273405;12,534830010397426;11,60648742596357;11,586367039748557;8,797413752932925
Center Time (TS);9,859806084870145;13,040491381889565;17,141496503675825;17,67624159392056;19,399753976061156;20,7810748192293;21,8884619550398;31,392661166119314
Strength(G);10,503769715861154;10,939416549622756;11,2652650815144;11,352746017284765;11,550650422922082;11,560138354498292;11,53123626129694;12,440521265397955
Lateral Fraction(LF);2,1379545597567905E-08;3,1502369182150255E-07;0,0001200561774014752;0,0002837634592914016;0,00028734451204766873;9,630806631987147E-05;3,762670100783024E-05;1,3095860187577855E-05
Lateral Efficiency(LE);9,535433516662695E-09;1,594753524594785E-07;5,7947416270783454E-05;0,00015270626342509482;0,00017490583780533882;4,979399695468825E-05;2,080476438293676E-05;7,869742668804576E-06
Receiver 18;63 Hz.;125 Hz.;250 Hz.;500 Hz.;1000 Hz.; 2000 Hz.;4000 Hz.; 8000 Hz.
Early Decay Time (EDT);0,2910783162143411;0,43235832019504056;0,42555728642843677;0,43879694233610744;0,4678097344967264;0,48855443833127293;0,4857179644376552;0,4595691166846091
Reverberation Time (T-10);0,2761535926013771;0,33347244354128297;0,36649441469007804;0,4028301036347667;0,4344610004628667;0,45359778000658674;0,4484311801343003;0,43185510237937624
Reverberation Time (T-15);0,25126520449513307;0,32925900584404305;0,38120477889873206;0,40421833645831795;0,4235196186033322;0,43569861543502486;0,42936778871549464;0,4254695434938644
Reverberation Time (T-20);0,25550516051464345;0,32450050646082557;0,36678651846309673;0,3982641282159176;0,4214438140565352;0,4301155271509938;0,4269102445414329;0,42761357968358454
Reverberation Time (T-30);0,25202316587824664;0,32172305934338113;0,36418726023688375;0,38792057717227263;0,3994871290879779;0,40519399889318275;0,40629395249350914;0,4335810278815147
Clarity - 50 ms (C-50);14,861192613811156;13,39201570362238;10,917016122619254;9,748930529938995;9,322382055480178;9,375756151594365;9,236492420216374;9,486440364472159
Definition/Deutlichkeit (D);96,83824898527527;95,62122400805805;92,50991622199707;90,41988151038126;89,53466774861258;89,64926653328322;89,34790279240119;89,88338164178028
Clarity - 80 ms (C-80);22,390443922735848;18,995511929266115;15,913554695528198;14,512525803671192;13,844717854453346;13,629738157459002;13,587099560809436;13,956391622155348
Center Time (TS);8,075498937428424;8,358293256262861;12,17461887691503;14,730395840729;15,486753328082937;15,100137900677943;15,435554059022794;15,281666309987704
Strength(G);8,437627771331385;7,91482173883054;8,391614965070659;8,772481133635424;8,769621141361355;8,549250955642663;8,634385689194794;8,689781561547633
Lateral Fraction(LF);2,206382982001245E-08;1,9455642007751304E-07;7,83082969510463E-05;0,00022416517006502637;0,0002207425773616435;6,529390657520663E-05;2,6967427061211638E-05;8,911555498894059E-06
Lateral Efficiency(LE);5,6103310074445344E-09;7,514238076042603E-08;3,3851262178845906E-05;9,95742315178067E-05;0,00010281452129239652;3,185774795242059E-05;1,2818306082882876E-05;4,062223602980714E-06
Receiver 19;63 Hz.;125 Hz.;250 Hz.;500 Hz.;1000 Hz.; 2000 Hz.;4000 Hz.; 8000 Hz.
Early Decay Time (EDT);0,32321487695975715;0,4470084932159535;0,46209953585112873;0,447962541561102;0,48190382456970726;0,4905050091651691;0,5060590828198349;0,5817273502002408
Reverberation Time (T-10);0,2582640691500365;0,3589220656646135;0,4028263821457109;0,4291691164854037;0,4947397860351348;0,48287855472052355;0,49629292976952766;0,6610585137823526
Reverberation Time (T-15);0,25552960580918527;0,3674771815448064;0,42151778330567674;0,43785450666706277;0,4967504153420277;0,49210037061028733;0,5185030822542117;0,6992957894649704
Reverberation Time (T-20);0,27379775226217484;0,36867026926032725;0,4316621461369427;0,4520167841592196;0,5401271032680638;0,5157119306114082;0,5652457145471782;0,7496531063404461
Reverberation Time (T-30);0,28786564610711474;0,38085704617650146;0,4813455974260519;0,5451299910050902;0,635960817366213;0,6306291807632582;0,660025289759399;0,818533704889402
Clarity - 50 ms (C-50);14,178500493595713;12,337600666191557;10,195567974026709;9,56584997500319;8,954926109601608;9,053716467438417;8,436453955889805;6,909878598717144
Definition/Deutlichkeit (D);96,3198481415959;94,48431264203573;91,27445704619431;90,04843937687156;88,71493355135466;88,94067152251867;87,46336992948767;83,076495277537
Clarity - 80 ms (C-80);20,658543392814227;16,90973458105542;14,341252421910617;13,73633899140238;12,472423993128714;12,902389491238008;12,184183472496464;9,946878614856917
Center Time (TS);9,600273676674142;10,77983555889441;14,671733662174626;16,229182351758176;18,068912537027128;17,089000985594538;19,019464858354343;25,55173000214201
Strength(G);9,317537880897067;9,038412210853519;9,407150162452226;9,612608669719563;9,685675069483693;9,523521086556869;9,653466028045926;10,301378661642076
Lateral Fraction(LF);2,0924029421389295E-08;2,164426838117826E-07;8,137596334874855E-05;0,00022445785676562417;0,0002246414088403638;6,67039908113877E-05;2,9648339534441695E-05;9,557688541548621E-06
Lateral Efficiency(LE);6,923405405110221E-09;1,092472375620701E-07;4,5127848334572075E-05;0,00012167297060024949;0,00012889736189927037;3,994202056668324E-05;1,7819153104754315E-05;5,885011751991303E-06
Receiver 20;63 Hz.;125 Hz.;250 Hz.;500 Hz.;1000 Hz.; 2000 Hz.;4000 Hz.; 8000 Hz.
Early Decay Time (EDT);0,31177894547231777;0,4271165642889376;0,46294984812257206;0,4602988573836607;0,4969817210282796;0,5358439915798917;0,5307283577798118;0,6864065095756829
Reverberation Time (T-10);0,27202953650153605;0,3663233451223905;0,43614308852535577;0,45715110103742523;0,5299566803569342;0,5798398895562801;0,5735996286986946;0,7722126750408712
Reverberation Time (T-15);0,28220381650562665;0,3890090890246568;0,45405745932762426;0,4845254320583974;0,5638738518145862;0,5992651651107281;0,6646692608649841;0,7920521221710787
Reverberation Time (T-20);0,29560212644730066;0,39798582357860285;0,4974694183625603;0,537712896028915;0,6233317446733373;0,6319540354360441;0,7238364327369439;0,823417476355982
Reverberation Time (T-30);0,31276049982418064;0,41469372119792536;0,5393467233424292;0,6523523303909752;0,7267012314213184;0,7404810319365308;0,8222096769707661;0,86313103687689
Clarity - 50 ms (C-50);12,987557024231936;10,679207576016342;8,837521893069892;8,508151475020965;7,946523862857883;7,681610804760844;7,1728080339224;4,863497688503729
Definition/Deutlichkeit (D);95,21428944644914;92,12155508242972;88,44144272868843;87,64327328892075;86,17325066446;85,4302930777507;83,91071892841073;75,39630674630202
Clarity - 80 ms (C-80);19,08746214139147;15,112588495068355;12,856027818425986;12,529433542483154;11,367449175786406;10,862548093593974;10,59237044348958;7,882746542076058
Center Time (TS);11,351749064753287;13,858539966414037;18,2107572314238;19,50980146454409;21,596742159226118;22,108526044399913;24,72668501596426;35,793823042884846
Strength(G);10,243402457883835;10,09401336900558;10,460927915156006;10,597183791905714;10,697189603260654;10,54717162402752;10,827749867967043;12,002534874783315
Lateral Fraction(LF);2,549192535553965E-08;2,705618307140818E-07;9,675919969169433E-05;0,00027288262782031934;0,00027013915377420466;7,866857599992128E-05;3,7581190299949537E-05;1,3054433765103923E-05
Lateral Efficiency(LE);9,83123346704703E-09;1,5058116749720129E-07;6,12107508185018E-05;0,00016491434867441166;0,00016874657138431326;5,277416132691719E-05;2,615714232424469E-05;8,985393471696361E-06
Receiver 21;63 Hz.;125 Hz.;250 Hz.;500 Hz.;1000 Hz.; 2000 Hz.;4000 Hz.; 8000 Hz.
Early Decay Time (EDT);0,3090502613077994;0,40491008919715177;0,46211652763958144;0,47734369793922954;0,5168879094164213;0,5628793719215378;0,5743436260143017;0,7142545462440492
Reverberation Time (T-10);0,30632414034542055;0,3990996585214471;0,45295988316499086;0,47918309235108014;0,5688745932135747;0,6043850786758441;0,6619292042865573;0,784823622889403
Reverberation Time (T-15);0,3040701266559605;0,4072412660350056;0,4851662637920355;0,5391108427677451;0,6254308466174552;0,6316787421268072;0,7214618175054046;0,834762450968126
Reverberation Time (T-20);0,3156225860905488;0,4127110902137789;0,516553685354945;0,5934571447559264;0,6714265570381666;0,6878963206334225;0,767143507261447;0,8585700843437198
Reverberation Time (T-30);0,3318831036855117;0,4402271518686782;0,5851276911383719;0,733370447022162;0,7927880624857021;0,8066536913749593;0,8693193412054258;0,8982310043759738
Clarity - 50 ms (C-50);11,868981361115242;9,553795420313763;8,128565873730528;7,908984739237774;7,276978285267122;6,940647584448061;6,333908149101334;3,800062225536464
Definition/Deutlichkeit (D);93,90205736935908;90,03131760443188;86,67298680374827;86,07614318667211;84,23629871756535;83,17793809307838;81,13689714474998;70,62083498445328
Clarity - 80 ms (C-80);17,86944413739632;13,992132544226273;12,273559918660773;11,60764489117595;10,772519081177968;10,243874134755105;9,64402124699665;7,05614792404908
Center Time (TS);13,285418956974208;16,712299600330848;20,74538072403242;21,937045070174705;24,150531161755065;24,878419468564584;28,18964783983969;41,08923591973718
Strength(G);10,859689968868878;10,770545569382751;11,30547005438163;11,256453829335513;11,35963121588511;11,480358932680652;11,71883335340003;13,38847295252414
Lateral Fraction(LF);3,167890339234942E-08;3,710368116390689E-07;0,0001242584839960272;0,00033114929208514045;0,000312439238028853;9,784153250903418E-05;4,2936057042017685E-05;1,6860087256439644E-05
Lateral Efficiency(LE);1,097749075146355E-08;1,9511860822637365E-07;7,12997073502233E-05;0,00018450833220480794;0,00018924569755173065;6,044255667710529E-05;2,8108691398533473E-05;1,0911563888796743E-05
Receiver 22;63 Hz.;125 Hz.;250 Hz.;500 Hz.;1000 Hz.; 2000 Hz.;4000 Hz.; 8000 Hz.
Early Decay Time (EDT);0,3069742040358167;0,37850281294220406;0,4416252934609912;0,4470603854306337;0,5034967083728109;0,5640359694364384;0,5765082367692361;0,7096486590915169
Reverberation Time (T-10);0,30042404765703573;0,40226832406271257;0,4685060226393324;0,5216907915416263;0,5775458862598083;0,6212947074132974;0,6821891294408953;0,8217942574539155
Reverberation Time (T-15);0,30155272148841655;0,4167877135337398;0,5079149323001111;0,5966226091032525;0,6361013164773959;0,6611374070001783;0,7338427906265577;0,8620321121025729
Reverberation Time (T-20);0,3153585667396044;0,4202314638391898;0,541838238813299;0,6218706541274395;0,680431806155426;0,712030765960314;0,7705002734951345;0,8797080196421864
Reverberation Time (T-30);0,33912706318191926;0,4501962445383866;0,6033775911093919;0,7670459623764965;0,7958767728222195;0,8003355247222792;0,8683474322740317;0,9060779670198977
Clarity - 50 ms (C-50);11,768556477322512;9,445609374554412;8,329862861873366;8,171399200084345;7,313060973844675;6,544352590716132;6,25447860463896;3,9148911827019357
Definition/Deutlichkeit (D);93,76538241852373;89,84214530098608;87,20816051983479;86,80057476930361;84,37852360571655;81,86225379795154;80,86496258971812;71,124471862779
Clarity - 80 ms (C-80);17,926847059268198;14,05990334439055;12,307401603356825;11,529173914023616;10,869292063545581;10,10892720357158;9,750264749292542;7,142965331900321
Center Time (TS);13,739698053419179;17,728333192754718;21,226056871766623;22,91346652303346;24,638194391527183;27,067558333167867;29,046616687093533;41,70985064636068
Strength(G);10,704661231055574;11,068984205112656;11,550739259950312;11,359455180289835;11,624512201185546;11,635144071504222;11,996200729617868;13,518100660607757
Lateral Fraction(LF);3,11843779846174E-08;4,2235276482609285E-07;0,0001336732611767606;0,0003332686533169737;0,0003396617102916935;0,00011151157339891704;4,5566491998650226E-05;1,766313965134245E-05
Lateral Efficiency(LE);1,0707892066039216E-08;2,016736751232591E-07;6,935061251625029E-05;0,00016816036289980487;0,00016814909546078975;6,17469704286669E-05;2,403229271125881E-05;1,0564422299968394E-05
Receiver 23;63 Hz.;125 Hz.;250 Hz.;500 Hz.;1000 Hz.; 2000 Hz.;4000 Hz.; 8000 Hz.
Early Decay Time (EDT);0,28532884769209826;0,3615614206725121;0,40336080546377223;0,4148201749101933;0,45167840313732893;0,4935035236804675;0,5296153521212029;0,6635023532457793
Reverberation Time (T-10);0,2674871490874072;0,36603742586755433;0,45601562857093564;0,47798331347592743;0,523796550618553;0,5567939593788948;0,5889667782538847;0,7914715138569178
Reverberation Time (T-15);0,2726589996281515;0,3897014737443046;0,481321831998803;0,5383506990384027;0,6013983975261068;0,6422332575056007;0,6745367103136696;0,82194045949806
Reverberation Time (T-20);0,2882107614012473;0,4135156642281929;0,5184148268638993;0,5702228454340872;0,6520051140449389;0,675547022007887;0,7230073511961227;0,8458500980301383
Reverberation Time (T-30);0,322059685596114;0,43492037318582627;0,5626179811730483;0,6667502384499409;0,7764884071834747;0,7822960994233378;0,8133293413850143;0,8829022082148873
Clarity - 50 ms (C-50);12,634148149107627;10,238158232402165;8,677998642465914;8,419691922869108;7,777782900121125;7,386735775233451;6,867544451323434;4,88346794185781
Definition/Deutlichkeit (D);94,82954399310377;91,35778883474272;88,06061758682668;87,42606960270207;85,70376690110977;84,56595053897419;82,93900434503647;75,48150721829676
Clarity - 80 ms (C-80);19,651341344356258;15,321943708632455;12,948652302264072;12,556868889627534;11,861457312517222;11,266263923022317;10,86474517297965;7,989162453214186
Center Time (TS);11,883602372505111;15,468287261649492;19,89137735252886;21,151140036502785;22,988654992319674;23,549049136988693;25,59359952709569;36,59713923313535
Strength(G);9,388648325038169;9,822960532491823;10,32941907804576;10,362777526961686;10,45111246745914;10,404515908171128;10,647775760457407;11,579122679868028
Lateral Fraction(LF);2,7655437915102582E-08;3,53406410812287E-07;0,00013064600464738482;0,0003303377495897424;0,0003411078942935103;0,00010029826949176764;4,271809135140252E-05;1,527651970287488E-05
Lateral Efficiency(LE);7,673789343476488E-09;1,5883091731044297E-07;5,622854730390493E-05;0,00015471020096964778;0,00015187046654020295;4,6830659573467624E-05;2,0276274241107952E-05;8,287151521145701E-06
Receiver 24;63 Hz.;125 Hz.;250 Hz.;500 Hz.;1000 Hz.; 2000 Hz.;4000 Hz.; 8000 Hz.
Early Decay Time (EDT);0,24703251261629522;0,37145885428113706;0,4303276663500828;0,44589480925104635;0,46233340104871773;0,4858996707758212;0,4763411823421106;0,45552005671661333
Reverberation Time (T-10);0,28437317329481726;0,3294042418632278;0,35991134352054094;0,40220156746571717;0,42665283253502884;0,435512880598314;0,43492659594322997;0,4228923569432282
Reverberation Time (T-15);0,2523044422780625;0,32458765909732706;0,3659770823890896;0,3823927559183678;0,38297964452797917;0,3862757350295963;0,38700088078141986;0,3884538530867042
Reverberation Time (T-20);0,2604407879560869;0,3105493166815519;0,3295482671559013;0,3718372749431274;0,3998990322170609;0,4022792446690394;0,4058729160701974;0,4125238710510272
Reverberation Time (T-30);0,23398005021347137;0,2969447904039465;0,3649956094063504;0,38998388722518185;0,4005562214063525;0,40418064807049386;0,4071768501763763;0,45254260353365144
Clarity - 50 ms (C-50);14,383589393106828;12,578313785297151;10,165038523703123;9,127477800391521;8,73147363685221;8,658013530986342;8,662204119724414;8,940781831643154
Definition/Deutlichkeit (D);96,48362899198243;94,7661432973791;91,21830875842019;89,10663035710897;88,18947043644944;88,01215055785194;88,02232745406273;88,6822864310786
Clarity - 80 ms (C-80);21,5388057320556;18,27701043064327;15,25921995683299;13,96192063323998;13,319302815654293;13,154346976896987;13,165928138740753;13,505880607274579
Center Time (TS);9,202033471085366;9,859122388775374;14,180484127813456;16,84651292708434;17,727812786043554;17,45957638239561;17,695896759257202;17,505953592215857
Strength(G);7,444481226352352;6,7801637139997055;7,372578189287594;7,832800941454813;7,820260228718816;7,574440475913505;7,660930578992584;7,754818767779938
Lateral Fraction(LF);3,166136930803417E-08;2,598080689525179E-07;0,00010140534718310599;0,0002870380898094385;0,0002801036515896244;8,090269504576231E-05;3,356666644177809E-05;1,1418384214675276E-05
Lateral Efficiency(LE);5,001152481392501E-09;7,330343587563612E-08;3,368930245479393E-05;9,88322159727395E-05;0,0001026170564400231;3,182510912896043E-05;1,2981213571654841E-05;4,058794726024878E-06
Receiver 25;63 Hz.;125 Hz.;250 Hz.;500 Hz.;1000 Hz.; 2000 Hz.;4000 Hz.; 8000 Hz.
Early Decay Time (EDT);0,262586921597322;0,4098107482291554;0,44915046469671494;0,4593850985847751;0,48784036560795324;0,4920022819626697;0,5253609866408632;0,623575522514854
Reverberation Time (T-10);0,27439852139460313;0,3409800082076394;0,4206839959224562;0,45998206051214835;0,49525077332873524;0,501654756661659;0,5264692412523647;0,6582857925201023
Reverberation Time (T-15);0,26542072874428646;0,3587151986462475;0,41732832783673846;0,4472694377994847;0,5001728741411957;0,49955150276264226;0,5463065606469395;0,7104437005520468
Reverberation Time (T-20);0,2799102354870566;0,357539373541083;0,45097286001828435;0,4907201757822754;0,5516926080754794;0,5350672865760615;0,6272312041598227;0,7663849188492213
Reverberation Time (T-30);0,2888061162503144;0,38251185676658084;0,5111219502681443;0,571830389273987;0,6664204333455642;0,6734213497693547;0,7315427642981319;0,8332284814415598
Clarity - 50 ms (C-50);13,214021808978702;10,87728973323192;8,791690227317385;8,204301319073084;7,634132531916916;7,658390328486497;7,165070610061219;5,602372147207157
Definition/Deutlichkeit (D);95,44637504865072;92,44628668483165;88,33312435016497;86,86540418813172;85,29369191193578;85,36361670344016;83,8866515656606;78,4146149774192
Clarity - 80 ms (C-80);20,119993344479425;16,33589004708658;13,64327334411498;12,74176681146577;12,039491979874338;11,892534664061321;11,130128457335204;8,9733086320039
Center Time (TS);11,003488455369043;12,667995842699945;17,54603227812561;19,53073748378287;21,13143647412108;21,4536554908181;22,97920130447111;30,405641125946524
Strength(G);8,233085769034155;7,648444211379662;8,259152462903437;8,565444623516456;8,610403736889786;8,524441531155993;8,631017830384764;9,337342672910175
Lateral Fraction(LF);3,0400496900419105E-08;2,841307257326235E-07;0,00010750328911911621;0,0002932076072952705;0,0003033052408728109;9,38937641230179E-05;3,6284449785347775E-05;1,245254413191472E-05
Lateral Efficiency(LE);6,1542289523296874E-09;1,0716793337801349E-07;4,38019455876464E-05;0,00012105822638678645;0,00013428536260703296;4,854182741668215E-05;1,6787479879644923E-05;6,07721946155024E-06
Receiver 26;63 Hz.;125 Hz.;250 Hz.;500 Hz.;1000 Hz.; 2000 Hz.;4000 Hz.; 8000 Hz.
Early Decay Time (EDT);0,2803574660529407;0,40103364450242707;0,4652427672177861;0,47220065967914915;0,5109178405022816;0,5187000603379649;0,5373712744545738;0,7178424940207114
Reverberation Time (T-10);0,2896167443999262;0,36785044242719533;0,45747147107828806;0,4887587553423383;0,5499273153932;0,5921531741444283;0,6053190659728183;0,7807357917362405
Reverberation Time (T-15);0,2883237057771455;0,3863093003812731;0,4785519865723502;0,5224218098366615;0,6189430278983009;0,627699714170977;0,7023837389357886;0,8151375445887666
Reverberation Time (T-20);0,29994033118201957;0,39937891089560257;0,5233032199242855;0,6000708355465578;0,6998728502858853;0,6717686886519175;0,759612970552046;0,8440897840471531
Reverberation Time (T-30);0,3157475161818445;0,4246546002748427;0,564156260811502;0,6815213855039539;0,7735132361816255;0,7907068038603016;0,8281316876361414;0,8768148006182072
Clarity - 50 ms (C-50);11,963810375920282;9,362188226079375;7,519956612310425;7,111271972911957;6,5364312916477685;6,295034495592703;6,036611163650775;3,7808815126448234
Definition/Deutlichkeit (D);94,018212868581;89,62024068346854;84,9608530456464;83,71850541239304;81,83292717689706;80,9919202195133;80,05892239031652;70,48663989197172
Clarity - 80 ms (C-80);18,452939668356724;14,393128365053546;11,943581782454428;11,40065721983018;10,46700365008656;10,204658053691995;9,76653715154886;6,9999463344679205
Center Time (TS);13,32398144378039;17,12630902358321;22,293459254576227;24,09570732774202;26,256907789457024;27,339940002931318;29,595071863076424;41,888088725209556
Strength(G);9,0617417046953;8,778658085967557;9,396696105611966;9,496251867246166;9,643843059414586;9,631824346836204;9,919509170948103;11,23108476374204
Lateral Fraction(LF);3,327092648495912E-08;3,7372230969817956E-07;0,00013217779058639152;0,0003610272876250997;0,00036815310217516945;0,00011379835335361604;4,9204465313775146E-05;1,6699299591098207E-05
Lateral Efficiency(LE);9,964983659980492E-09;1,8990933632740702E-07;6,876098114103372E-05;0,0001937442740575899;0,0001998505461534791;6,736492424166996E-05;2,9379810689441512E-05;9,819895764457733E-06
Receiver 27;63 Hz.;125 Hz.;250 Hz.;500 Hz.;1000 Hz.; 2000 Hz.;4000 Hz.; 8000 Hz.
Early Decay Time (EDT);0,28732602558515397;0,40727855044599237;0,48568374708100104;0,5070077494114149;0,5473724072814291;0,5837243713160098;0,6243778803808671;0,7582801988318959
Reverberation Time (T-10);0,31064979052042035;0,43172449077223224;0,5082925645892133;0,5423734974983626;0,6307787067685551;0,6229215520796333;0,7209217394193447;0,815736326225611
Reverberation Time (T-15);0,3206827543774051;0,4293992566060649;0,5203566868587408;0,5942359003300394;0,6889237657607441;0,6813517692287079;0,7511974556025351;0,8526092747418532
Reverberation Time (T-20);0,3278031639028557;0,42838025047526807;0,5514586725182713;0,6433855196395483;0,7371709293474018;0,7412183223375023;0,8094355888562906;0,8713537014133204
Reverberation Time (T-30);0,3389078943878751;0,4534522112462409;0,6099924997704246;0,7746346218367075;0,8371233227800641;0,8468170740459485;0,875885949198453;0,9035796160088901
Clarity - 50 ms (C-50);10,937074153144678;8,400759314342935;6,735402921137621;6,390535977525879;5,935865543558477;5,324076992859656;4,960891559864894;2,7400533767430364
Definition/Deutlichkeit (D);92,5418555915886;87,4092001820257;82,50413485782644;81,32865141534921;79,6859990827011;77,36242665259401;75,82420354452749;65,32727272564347
Clarity - 80 ms (C-80);16,966346421026063;12,898374000397109;11,037196248197285;10,421556793396448;9,407181686895205;9,00362466616624;8,294993856901357;6,023794407454575
Center Time (TS);15,693924928051945;20,30080419797475;25,636365783214508;27,273604794518025;30,214419479923425;31,790294051502922;35,40039565351692;48,57699516800397
Strength(G);9,935437773384464;9,909618468206151;10,399550495136467;10,430259612861562;10,606542024527755;10,71793650305581;11,185942242037733;13,011765188251843
Lateral Fraction(LF);4,102220793262278E-08;4,774104921748791E-07;0,0001595448960695591;0,0004131495049505979;0,000417893118468736;0,00013433399699026556;5,656260205973519E-05;2,0941724121343638E-05
Lateral Efficiency(LE);1,2691882495227369E-08;2,29283691126924E-07;8,727181213900378E-05;0,00022087669603909052;0,00022861917418084632;7,401143629593148E-05;3,3917920193842207E-05;1,2542258546133871E-05
Receiver 28;63 Hz.;125 Hz.;250 Hz.;500 Hz.;1000 Hz.; 2000 Hz.;4000 Hz.; 8000 Hz.
Early Decay Time (EDT);0,2881156265549873;0,39749166161397853;0,4980731694550385;0,5214344377436761;0,5612265144774352;0,6136168970865616;0,6479596630515556;0,7465824162833772
Reverberation Time (T-10);0,31675388641930546;0,44146350509847765;0,5191727692805751;0,5880451754221936;0,6438989438939589;0,640183579633335;0,7286575388079881;0,8397469217658424
Reverberation Time (T-15);0,32370318656393265;0,4335086475402482;0,5384048634119478;0,6182549426842681;0,6890926309725879;0,7066669764708947;0,7601430067771457;0,873662981399909
Reverberation Time (T-20);0,33076868614116545;0,4324226089967068;0,5606001208151316;0,6535919948776365;0,730143766341338;0,7565534795209806;0,8119988404333587;0,8868684519991592
Reverberation Time (T-30);0,3454528431361456;0,46321182775448694;0,6195687208743482;0,7946015741676905;0,8248756075836352;0,8382682703988766;0,8822134343890469;0,9091701880343815
Clarity - 50 ms (C-50);10,88462076608671;8,320146281390372;6,613989786380388;6,470705579672076;5,8674015913527455;5,052132992504861;4,800462255933317;2,7375422577832005
Definition/Deutlichkeit (D);92,45806598956821;87,21017607089226;82,09691549198504;81,60685193715919;79,4977491754691;76,27167870278109;75,13662931386416;65,38119854016072
Clarity - 80 ms (C-80);16,943979228715925;12,877283474729076;10,860733289986975;10,067714573536488;9,370334945042135;8,541130629979783;8,150277292716346;6,080229913147397
Center Time (TS);15,852340280395293;21,221624176573883;26,63361942661138;28,021708907476597;30,567678998505592;33,84313870904787;35,772536640224786;48,988370300139415
Strength(G);9,906069991588023;10,229017708256027;10,734122087455525;10,782919496959373;11,030964829565988;11,109708725675056;11,468932453494936;13,322674473009094
Lateral Fraction(LF);4,0955193423952276E-08;5,209807225073202E-07;0,0001693786836332269;0,0004222837728631591;0,00043757305135589184;0,00014714600623362846;5,552658302381998E-05;2,1281844839333788E-05
Lateral Efficiency(LE);1,1993840276522902E-08;2,1705459204975695E-07;8,016711526415547E-05;0,000191184359109039;0,00020005321843702496;6,885275559659218E-05;2,9209242755463403E-05;1,225944991793897E-05
Receiver 29;63 Hz.;125 Hz.;250 Hz.;500 Hz.;1000 Hz.; 2000 Hz.;4000 Hz.; 8000 Hz.
Early Decay Time (EDT);0,272198164100257;0,3824429798906748;0,4442145881512737;0,46960396037705265;0,4940882304427796;0,5390591835289475;0,5475498767834978;0,6897644583696276
Reverberation Time (T-10);0,2941373102998139;0,40116588615116483;0,4831742579724521;0,5197159416279287;0,5597160113179702;0,5757505060581727;0,6248245804677511;0,7994438794695177
Reverberation Time (T-15);0,28958588848086986;0,4017768231827915;0,5100250408404589;0,5357296393549881;0,6309537769555235;0,6356044823606922;0,6794373833063658;0,8307414995586514
Reverberation Time (T-20);0,3014147809279185;0,41708117347942675;0,5478514789414102;0,5781886751630528;0,6769140243102387;0,7024218713446189;0,7331177797770185;0,8626827834693912
Reverberation Time (T-30);0,32563156410492783;0,4380458978191506;0,5782258780668883;0,6773070545793493;0,7629224831144362;0,7996466934584157;0,8102762981732877;0,8857790538890606
Clarity - 50 ms (C-50);12,160213275071799;9,209598052785704;7,661244591973489;7,314121967615809;6,813255533297856;6,129142410869689;5,990156288892724;3,9862788372821134
Definition/Deutlichkeit (D);94,26754232170133;89,2888208664866;85,37182617855835;84,34518017671499;82,76139071075325;80,3968888665912;79,88760564105336;71,4608847575697
Clarity - 80 ms (C-80);18,665973906587837;13,860932306696476;11,936355613007251;11,025681260611835;10,44237791130439;9,882705975806505;9,552974152354825;7,071847072995782
Center Time (TS);13,559657941103062;18,571745440658454;23,635664183535063;25,271257827893702;27,591733794850565;29,040283420912026;30,14018685681985;41,99445970514166
Strength(G);8,733841725443135;8,864743674571592;9,588307525748021;9,764405562029587;10,145787325917496;10,037083811732373;10,480212697007268;11,376592176538196
Lateral Fraction(LF);3,397790165013465E-08;4,2677464470517437E-07;0,00015501429342655964;0,00039343194440332363;0,00040518538010901454;0,00012830656080952405;5,129775656946283E-05;1,7247460763078603E-05
Lateral Efficiency(LE);8,428013421717665E-09;1,663100698198323E-07;6,403098173283163E-05;0,00016194976250479535;0,00017263469878125098;5,852685296300053E-05;2,2100514624941923E-05;9,258581135724635E-06
Receiver 30;63 Hz.;125 Hz.;250 Hz.;500 Hz.;1000 Hz.; 2000 Hz.;4000 Hz.; 8000 Hz.
Early Decay Time (EDT);0,23066413537177857;0,3439655680796219;0,41810026548423224;0,4471423680234146;0,47116158860981544;0,49279026753720573;0,4857213643057506;0,4590688225918911
Reverberation Time (T-10);0,2982784377630151;0,3581354438530534;0,3660848905762926;0,402782986235772;0,4201951227869083;0,4290144886209616;0,42409921999160294;0,4203970421999573
Reverberation Time (T-15);0,2623150865329448;0,3225249722359865;0,3630397248483584;0,377345466451625;0,40230222868635573;0,40690922901304405;0,4043792925315204;0,41020744480801213
Reverberation Time (T-20);0,2615529211694133;0,308428957245344;0,3569941148240539;0,3896799433824069;0,4100241823640404;0,4095672946538274;0,4074292394550442;0,4197895280640582
Reverberation Time (T-30);0,25799045417556277;0,30369052188037043;0,35263877241019526;0,3754321419544703;0,38823939361835247;0,3936268896810595;0,3919057866643313;0,43632274950455485
Clarity - 50 ms (C-50);13,728132804180348;11,565939104338387;9,209751905444438;8,237066926200848;7,775688459339214;7,663785973444062;7,649128589175422;8,046070286025929
Definition/Deutlichkeit (D);95,93407276700096;93,48172319969756;89,28915967086928;86,95124408180384;85,6978570017779;85,37913252624539;85,33695165909472;86,44410075501403
Clarity - 80 ms (C-80);21,090819549039537;17,806651830547054;14,753631290008538;13,478467784916557;12,820468732819261;12,627816300420161;12,658938469754407;13,033217252732307
Center Time (TS);9,929585500409722;11,466866993215248;16,223530840886813;18,9543330632167;20,126275440640363;20,055654740942533;20,258489022482493;19,60855596394391
Strength(G);6,614349915574007;6,029704776425884;6,7692964322675095;7,298443101255103;7,309313432248302;7,050791013861179;7,156897719625597;7,205207808951897
Lateral Fraction(LF);2,34118337087665E-08;2,3312632173789695E-07;8,934419757369436E-05;0,0002484008672836095;0,00024620509864184566;7,253204400758851E-05;2,9705759365790467E-05;9,759307633319027E-06
Lateral Efficiency(LE);3,9338564286506566E-09;5,288116617803047E-08;2,436976393369124E-05;7,150605256544703E-05;7,558236805638705E-05;2,3856402592205558E-05;9,622306227052012E-06;2,9323971944420973E-06
Receiver 31;63 Hz.;125 Hz.;250 Hz.;500 Hz.;1000 Hz.; 2000 Hz.;4000 Hz.; 8000 Hz.
Early Decay Time (EDT);0,27120865744452993;0,39981265507292324;0,4808319108798063;0,4857669815777115;0,5115653659480213;0,4974748589677126;0,5023422564348498;0,6040649269373461
Reverberation Time (T-10);0,3216134023070263;0,33313118245967804;0,4033380607774559;0,41732365244527914;0,4782288989503929;0,46608561260208253;0,5008638483840667;0,6566497535056179
Reverberation Time (T-15);0,2768877661515561;0,33201152972118925;0,4104738824459859;0,44766865151663726;0,5093117476143354;0,5133315492688939;0,5520205300009441;0,7327439840983072
Reverberation Time (T-20);0,28557721866964164;0,3488889172359411;0,4219195545942744;0,4735590691048673;0,5445116138755969;0,5455281115639183;0,5939439419268179;0,801862564772366
Reverberation Time (T-30);0,2974915147159863;0,37002890023649104;0,47543366117225977;0,5879669892588478;0,648237146706885;0,6672969790779102;0,7135139695624672;0,8610253749283868
Clarity - 50 ms (C-50);11,940225379599044;9,373897997843688;7,252971379309994;6,670368431367252;6,204637810823624;6,280154167569002;6,062712645238663;4,572904000131262
Definition/Deutlichkeit (D);93,98759797249488;89,64529563396943;84,15836042747925;82,28692403583187;80,66941036094337;80,93911593953524;80,15469780318536;74,13409888330924
Clarity - 80 ms (C-80);19,487271732984073;16,0645120700102;12,83494272706144;12,296202064344872;11,224839063477702;11,069823051490975;10,777101549223204;8,635699509787951
Center Time (TS);11,852469160914852;15,777370573128477;21,101998603196318;22,96543766714603;24,623706509338025;25,377492505576832;26,62694998425276;34,335140197304646
Strength(G);7,364235407541649;7,081890443822633;7,772502300608728;8,171048456649864;8,110395523875617;8,115272296319972;8,276517021675367;8,920389122272802
Lateral Fraction(LF);2,9049616937309896E-08;2,766890288880338E-07;0,00010228721210908281;0,0002838350163195525;0,00028170885650091715;8,475806269646165E-05;3,3584434206553805E-05;1,1356519160271442E-05
Lateral Efficiency(LE);4,898309313377394E-09;8,649289067888709E-08;3,513492166182789E-05;9,487368663592494E-05;9,498619658800832E-05;3,3051350340034096E-05;1,3009555561201613E-05;4,4543972761032685E-06
Receiver 32;63 Hz.;125 Hz.;250 Hz.;500 Hz.;1000 Hz.; 2000 Hz.;4000 Hz.; 8000 Hz.
Early Decay Time (EDT);0,27807889223309645;0,4165052352230069;0,4622360425395721;0,47936273791629225;0,5382741486036698;0,5398122904606869;0,553795726828413;0,7437635944297061
Reverberation Time (T-10);0,30904229692886465;0,35898827000927985;0,45614967987828736;0,49244325034002695;0,5653236236774924;0,5722755758437976;0,6289298969101714;0,8122614430352996
Reverberation Time (T-15);0,28850448549122243;0,37104732456192124;0,48566187031550084;0,5412398723127714;0,6208731603345634;0,6339425852135824;0,7012006799945965;0,8496174075836002
Reverberation Time (T-20);0,2987537591304793;0,39390579025305594;0,5256061377727305;0,6229428911634963;0,7057157484740424;0,6860341182646565;0,7762167693118701;0,8684959692562714
Reverberation Time (T-30);0,31904599354674884;0,4231394708092291;0,567523003823474;0,717023896099965;0,7691306347966634;0,7970143591345572;0,835248580394345;0,8893572509089057
Clarity - 50 ms (C-50);10,931138643697341;8,094131416650406;6,294232306306842;5,785582159650268;5,139685887475127;5,098159474168992;4,737290075647122;2,7910608584666146
Definition/Deutlichkeit (D);92,53241726079783;86,57325864116491;80,98907643065382;79,12009250023736;76,5568706388034;76,38482615027746;74,85325911763844;65,53557545783309
Clarity - 80 ms (C-80);18,43993967693628;14,328577563950478;11,410160118839796;10,807228867301891;9,861736176856438;9,555062850935625;9,183060336702033;6,438270309681119
Center Time (TS);14,388442675265585;19,65781454692877;25,87547456346529;27,66284494216283;30,343132906931903;31,358675574208107;33,851930075291676;46,737966907881805
Strength(G);8,271327809434517;8,0789590765141;8,824328684443344;9,083969696290566;9,13725425696775;9,1705177883291;9,475339053319416;10,844605003552957
Lateral Fraction(LF);3,45095656580531E-08;3,61292437907359E-07;0,00013067402836615792;0,0003487872464744094;0,00035689983619204387;0,00011528883795807712;4,4088174748019456E-05;1,5215906653618424E-05
Lateral Efficiency(LE);7,787933595158436E-09;1,5616558009152449E-07;5,8949925118901306E-05;0,00015049710066798036;0,00016330399416355164;5,341028959543953E-05;2,202986156278572E-05;8,292528773372064E-06
Receiver 33;63 Hz.;125 Hz.;250 Hz.;500 Hz.;1000 Hz.; 2000 Hz.;4000 Hz.; 8000 Hz.
Early Decay Time (EDT);0,292791889932364;0,41032789544271775;0,4905665209127045;0,5332906235431678;0,5884923367925691;0,6289931034932206;0,6500750595967055;0,7912639616699714
Reverberation Time (T-10);0,31782143034760546;0,4295524408933607;0,5289324377165923;0,5754459250946777;0,6455652173490525;0,6578454101660041;0,7503341682905602;0,8486405065583037
Reverberation Time (T-15);0,3294049800670865;0,4278593991774846;0,5442991887435963;0,6224440487768848;0,7129605506185279;0,7079829676270503;0,7931040652919167;0,8722520450465933
Reverberation Time (T-20);0,3318305892947315;0,435146166135292;0,573915881208433;0,692073439257749;0,7744150104654346;0,7709243994220757;0,8490041188251717;0,8856630275292366
Reverberation Time (T-30);0,345355398571617;0,45917135592279273;0,621492386785601;0,7903406464450506;0,8574359047374964;0,8632949391771074;0,8825611931960492;0,9071397877664509
Clarity - 50 ms (C-50);10,11860685179984;7,219382878041612;5,49014645225522;5,050286499230026;4,478578235197724;3,685688578515221;3,5962648981772913;1,7600036143838957
Definition/Deutlichkeit (D);91,13228783519524;84,05497712899097;77,97401844350888;76,19567233997002;73,71544324631489;70,03188972785212;69,59468126887235;59,99497670691558
Clarity - 80 ms (C-80);16,37870174479298;12,203142889085342;9,94611212347285;9,13431723867551;8,284895368532547;7,6338116926965425;7,310167377725466;5,313335338750953
Center Time (TS);17,597820593574685;24,834072906212445;31,037782106178305;33,31884172226636;36,57514451072119;39,89675119878863;42,513445082745115;55,01684858890835
Strength(G);9,711795119837763;9,92162788491095;10,740232374637245;10,717731320220814;10,925167746667093;11,167502157736486;11,594128681139516;13,686890597885736
Lateral Fraction(LF);4,8623647737526016E-08;6,252173928191983E-07;0,0002085721099714984;0,0005132504421036466;0,0005399899512465174;0,00017734500826035632;7,063034886500858E-05;2,523183359475816E-05
Lateral Efficiency(LE);1,3562558276422782E-08;2,668767162753985E-07;9,512193068069204E-05;0,00023786246159052812;0,0002530646397022082;8,361608416091493E-05;3,679530841772902E-05;1,4744898973702489E-05
Receiver 34;63 Hz.;125 Hz.;250 Hz.;500 Hz.;1000 Hz.; 2000 Hz.;4000 Hz.; 8000 Hz.
Early Decay Time (EDT);0,28839577850073816;0,4128563306334446;0,5120440257832719;0,5374175533724531;0,582671716335378;0,6524686182357252;0,6746137320002783;0,799255604769266
Reverberation Time (T-10);0,3316166157101647;0,4486180169374916;0,5472487594076315;0,6050274643878519;0,6651710108287777;0,6823646452447835;0,7474033089442871;0,8608233497396148
Reverberation Time (T-15);0,3394610515077443;0,44196298976207277;0,5615739887314073;0,6359480872280128;0,7254925685383758;0,7334645431918485;0,7857111514638884;0,8846460207434651
Reverberation Time (T-20);0,3406242783981207;0,4474380279275837;0,5765934387999653;0,6833016421156891;0,7721302556848638;0,7892007996476029;0,8328811252806942;0,8953976455180374
Reverberation Time (T-30);0,35067064150380883;0,46732462755431337;0,6253396626575152;0,7960896790128614;0,855773413968685;0,8573538828908899;0,8859958477755349;0,909618595234584
Clarity - 50 ms (C-50);10,28443305735231;7,25590583026178;5,478992475132319;5,2312099190745185;4,702192702908354;4,246982069503229;3,982520823938163;1,8005027722900726
Definition/Deutlichkeit (D);91,44504438093041;84,22299443959109;77,92987740764438;76,93297709533381;74,7657431963494;72,75968933179212;71,44323399263295;60,218582656358635
Clarity - 80 ms (C-80);16,014827952108256;11,748522509040097;9,54274108072196;8,922100591402183;8,351490704215735;7,594817869515552;7,0878176832629265;5,227567384554766
Center Time (TS);17,692152640731496;25,777261972881153;31,926739057958628;34,16688273679106;37,278920431184034;39,65757176428386;42,165563224374054;55,422864787552506
Strength(G);9,920744048263685;10,39325309879997;11,169545781222261;11,296949735009711;11,600993007603662;12,001268850771126;12,380525736989703;14,23770206550165
Lateral Fraction(LF);4,727621042669739E-08;6,301326053855427E-07;0,0002095739662568149;0,0005200782556817108;0,0005558573296656568;0,0001733558329074252;7,07237268569815E-05;2,4623107558587648E-05
Lateral Efficiency(LE);1,2606767216366282E-08;2,542793404032023E-07;9,208943575609327E-05;0,00023459011759280554;0,0002437266336434224;7,529867663932057E-05;3,244224022129961E-05;1,370652698526891E-05
Receiver 35;63 Hz.;125 Hz.;250 Hz.;500 Hz.;1000 Hz.; 2000 Hz.;4000 Hz.; 8000 Hz.
Early Decay Time (EDT);0,27359574319150537;0,39243850763412147;0,4697008226346408;0,49566222920722147;0,5323776053372147;0,5759044256908057;0,5986295416930771;0,7497216492161126
Reverberation Time (T-10);0,3096993361908586;0,4241178111850031;0,515536486696087;0,5623986936491453;0,5880940773308513;0,6626110359845814;0,6886891919073279;0,8238778049469103
Reverberation Time (T-15);0,311092318882729;0,42161476078120624;0,5359757866503962;0,5869105497419724;0,6518372614929921;0,6832533276034423;0,7206061013465859;0,8484622039460816
Reverberation Time (T-20);0,31771284594362403;0,43241508634084874;0,5579554946924534;0,6194634483947303;0,7011044540050959;0,7326277732552268;0,7517420562457018;0,8748336599718133
Reverberation Time (T-30);0,3346394059675582;0,44816012447619613;0,5930316688216369;0,6930284483251428;0,7964574568876409;0,8051890939109135;0,8235922298163734;0,8939063836409196
Clarity - 50 ms (C-50);11,509998926580597;8,485511817631895;6,716561409821056;6,238882363669472;5,505161974139988;5,565373128347471;4,899375847046824;2,889095054574433
Definition/Deutlichkeit (D);93,40279499704458;87,5867067440542;82,4414222676623;80,79207233093892;78,0333411605551;78,27006678517535;75,54923352018886;66,04362106397076
Clarity - 80 ms (C-80);17,594841376447615;13,023296951608572;10,821307057226194;10,020208606066394;9,430073441095306;8,774120927105942;8,281288194953241;6,1374797246723265
Center Time (TS);14,44658043549315;21,043970447839694;26,64776094245439;28,99453329127173;32,4437087168729;33,27590260792493;35,88593156176232;48,44385153121304
Strength(G);8,147883614007572;8,468031618209125;9,3206464100139;9,47737928661536;9,813026819093473;9,996761723874926;10,322925163259505;11,50884401667576
Lateral Fraction(LF);3,035799727154428E-08;4,254235889588743E-07;0,00014797451299644447;0,0003762154678306331;0,00041037344256094217;0,00012584795631421668;5,068610891990331E-05;1,62245796965922E-05
Lateral Efficiency(LE);7,80374396751607E-09;1,5398562858401086E-07;5,7524125320505696E-05;0,00015528603802809598;0,00016518048435053352;5,114018773309685E-05;2,189368838193842E-05;8,74286539385787E-06
