Pachyderm Acoustic Simulation Results
Saved 22.12.2024 15:10:50
Filename:ORASE_FlatCeiling_Rough_Concrete (2).3dm
Source 0;
Receiver 0;63 Hz.;125 Hz.;250 Hz.;500 Hz.;1000 Hz.; 2000 Hz.;4000 Hz.; 8000 Hz.
Early Decay Time (EDT);0,2660048451405088;0,2997127948408473;0,3019747957776524;0,3866335014528338;0,38915398798632367;0,39767687568791454;0,4175875421219979;0,3951080093189742
Reverberation Time (T-10);0,2817730558131886;0,3404738587745957;0,3769771435178473;0,41838898253818396;0,4340844965434973;0,43696487257845257;0,45887849497068434;0,43104992316165724
Reverberation Time (T-15);0,2601383811012759;0,3519437299559537;0,41720842713461415;0,4391680241702204;0,4337852050433211;0,44331954342820895;0,4644033297625531;0,4497078643792776
Reverberation Time (T-20);0,27905009576051043;0,35444789227341184;0,37293351120718554;0,3937025627331225;0,39361788303458367;0,40290592949983906;0,4160421720152234;0,40592496844952314
Reverberation Time (T-30);0,26036334558418206;0,31213536031062783;0,3621265276250156;0,38524830482236994;0,38788789187106665;0,3948454032129474;0,4066350346278133;0,4113068322679875
Clarity - 50 ms (C-50);17,99282493585207;16,895619977733872;14,35042254762709;13,134199727077647;12,570604265756716;12,667414886730512;12,756519333547542;12,92042134100457
Definition/Deutlichkeit (D);98,43729437754658;97,9971363380527;96,45762676668696;95,36582126064694;94,75733152672477;94,86697293214745;94,96596696364449;95,1433553401026
Clarity - 80 ms (C-80);23,591363285336616;21,054914592014185;17,97824688812621;16,54693324821372;15,982403055344001;16,005468168510944;15,989942692189372;16,375791415075394
Center Time (TS);4,656892594074396;4,372655933147075;6,5204508850863325;8,056478540696435;9,134321494080842;8,700644851078287;8,178832109769946;8,161043326733472
Strength(G);12,513526892178959;12,265589453506585;12,550570650316516;12,763260090639747;12,961138595275358;12,839056215087567;12,694245174058075;12,743584395281154
Lateral Fraction(LF);9,454008212522989E-09;9,543569545896524E-08;3,952236798814054E-05;0,00011404666362273586;0,0001273382509926445;3,786885955070489E-05;1,3700060740978127E-05;4,522841971676433E-06
Lateral Efficiency(LE);4,390523688823047E-09;4,861452010017962E-08;2,209458319388091E-05;6,632347951848119E-05;7,421678678431604E-05;2,237117047072683E-05;8,118806012133392E-06;2,6302134458804003E-06
Receiver 1;63 Hz.;125 Hz.;250 Hz.;500 Hz.;1000 Hz.; 2000 Hz.;4000 Hz.; 8000 Hz.
Early Decay Time (EDT);0,248811484140228;0,23967981137208352;0,35520886497279486;0,39257382528715185;0,3881265177546472;0,4118766864582993;0,4038375643083202;0,39945206878863865
Reverberation Time (T-10);0,2688718932366605;0,3301250819847576;0,38538970190122923;0,4205043890132624;0,40835879618474835;0,441950135947531;0,49602779633313354;0,533067479059827
Reverberation Time (T-15);0,27923834101610445;0,34814099969730805;0,4118463687519796;0,4407893447130105;0,4278922492828245;0,4643718487567038;0,4899802701844031;0,5541437277375598
Reverberation Time (T-20);0,2851631437241139;0,3584351124630993;0,40036392900123674;0,4163625183950979;0,39731893204102464;0,4382928267506154;0,4843921084079427;0,6080491715229884
Reverberation Time (T-30);0,27251513001120803;0,35471691477934203;0,44243636092992905;0,4732525332380225;0,42409129281671176;0,5440099650254587;0,5481957714629577;0,7145896319759624
Clarity - 50 ms (C-50);18,946684849175877;17,13208331529024;15,305845779070314;14,354345537853767;14,58150734474068;13,972333431865431;13,17029590646447;12,070748356919779
Definition/Deutlichkeit (D);98,741562903233;98,10125676476473;97,13713600489578;96,46071195417014;96,63501012338041;96,14782403861088;95,40241489249226;94,15520228524318
Clarity - 80 ms (C-80);24,908892265125818;21,81913708303549;19,519476132577573;18,296606498167595;18,550359374621642;17,665023570034442;16,955283253560438;15,374766172091686
Center Time (TS);3,1239796564645173;3,564877214649458;4,711079203024735;5,577758794599061;5,401627641810691;5,923757224082505;6,580578980713793;8,695638665450598
Strength(G);15,608536330462472;15,601513896488576;15,673738682347015;15,73050843345002;15,733896103681602;15,728554623161585;15,773966810366339;16,0630765383425
Lateral Fraction(LF);5,832799238051958E-09;6,81023395546166E-08;2,4510496529607927E-05;7,176175880042426E-05;7,433449174308964E-05;2,309130071200871E-05;9,067154542777411E-06;3,2128375045737933E-06
Lateral Efficiency(LE);2,350957772097905E-09;2,969206088636132E-08;1,187200733198381E-05;3,646265124245043E-05;3,7234634661939705E-05;1,1956717589746115E-05;4,911541608267009E-06;1,6767770997422552E-06
Receiver 2;63 Hz.;125 Hz.;250 Hz.;500 Hz.;1000 Hz.; 2000 Hz.;4000 Hz.; 8000 Hz.
Early Decay Time (EDT);NaN;0,4126983600521123;0,48909695874702025;0,8903915109923143;NaN;1,1378882059001645;0,5207437223976463;0,39166595890139627
Reverberation Time (T-10);0,2502279381968125;0,2672032996668661;0,3288504530938088;0,400703018552326;0,3155887169185275;0,40993074070182045;0,45103583967740846;0,5639111120132347
Reverberation Time (T-15);0,2819982322254213;0,3347254213906107;0,40387605702131846;0,435593274692719;0,42415051514669827;0,4855455768820531;0,5143541933835283;0,6437369097482453
Reverberation Time (T-20);0,2881728897300543;0,3606039152652065;0,4294667329286275;0,4698522181683471;0,43970816063817536;0,5189933863777838;0,5397349347118047;0,6919426930636725
Reverberation Time (T-30);0,2912036002212251;0,3894986977684171;0,48824818401542364;0,5657571831308551;0,4680067038979604;0,6117291496758621;0,6435024748297057;0,7797294391473997
Clarity - 50 ms (C-50);20,85087062956095;18,656340555479446;16,808129446086532;16,48781452071954;17,603421088878353;16,216997112205064;14,90618838779649;12,96781266473124
Definition/Deutlichkeit (D);99,18462518401124;98,65572464897484;97,95721120111463;97,80428271712393;98,29320490223739;97,66630001183381;96,8698176140202;95,19353074446461
Clarity - 80 ms (C-80);26,975098196338752;23,35352536311499;20,98973317992989;20,389265172919654;21,622888414720837;19,57680344897549;18,525181358084325;15,720393391337499
Center Time (TS);1,9163158331199728;2,540342102073959;3,39859458870444;3,5169744215621623;2,7446057670663797;3,6748069365590292;4,616861064948923;7,320080455019558
Strength(G);19,473173449160488;19,547376739027726;19,59781520997845;19,541062001089394;19,461369561453438;19,53124304363466;19,64657549954469;19,943388989876354
Lateral Fraction(LF);3,8752300855284385E-09;5,532744123072251E-08;1,9519116275135734E-05;4,706730885873583E-05;4,3458530610383515E-05;1,55933372430593E-05;7,022883361550286E-06;2,7926041629989206E-06
Lateral Efficiency(LE);1,1849590172879723E-09;1,8980160419855134E-08;7,196268921694215E-06;1,9325953008065803E-05;1,5839840420258117E-05;5,87431749326052E-06;2,753071392054842E-06;1,1972804724173772E-06
Receiver 3;63 Hz.;125 Hz.;250 Hz.;500 Hz.;1000 Hz.; 2000 Hz.;4000 Hz.; 8000 Hz.
Early Decay Time (EDT);0,24318772064491187;0,23049116025752334;0,2546937634271523;0,29440564457522983;0,4319461917619771;0,2927714868541608;0,2754291431045962;0,44012515742211317
Reverberation Time (T-10);0,24023069568189223;0,31820989938389466;0,3655311165982309;0,42866545749185536;0,3986619938050596;0,4275318498094052;0,4846368474186584;0,6513935794162726
Reverberation Time (T-15);0,28994241086029765;0,35140809572706055;0,4205284465998862;0,4823680864744371;0,4227225044133815;0,49173270651996875;0,5433563259185403;0,7115720559589024
Reverberation Time (T-20);0,28960396703624225;0,37639009895975706;0,4638643278454423;0,5286146778574944;0,4551275269185981;0,536844330272858;0,594685821863455;0,7542222431911061
Reverberation Time (T-30);0,3060818545175032;0,41003345224900795;0,541641770897357;0,6162591451231073;0,5373694316829644;0,6654019782922229;0,7274394086402777;0,8164859379442916
Clarity - 50 ms (C-50);19,035902600058897;16,404557864792757;15,113221754415715;14,684444653459561;16,34281769133044;14,592380883707698;13,394304923844686;10,860595079180078
Definition/Deutlichkeit (D);98,76788178244425;97,76682331917418;97,01438396463818;96,71235511336451;97,732152952201;96,64454675080498;95,62584914628393;92,44168925479941
Clarity - 80 ms (C-80);25,409622008222424;21,332474700925804;19,160922078122987;18,3352781458786;20,507060951706066;18,15957506592649;16,90708887461235;13,498384966762378
Center Time (TS);2,7159812169485646;4,024898561769103;5,017459282882244;5,121323617534264;3,53625462648059;5,237750221984379;6,568828954810958;11,355215462477021
Strength(G);19,707112086265845;19,92644450855154;19,980176628997746;19,83074085522985;19,610106897438612;19,83999178576893;20,02081400494707;20,572885771291112
Lateral Fraction(LF);6,379911077320313E-09;1,1148288638697811E-07;3,8245375885074454E-05;8,149122876029151E-05;6,4278739338429E-05;2,817200543248636E-05;1,2845683568174785E-05;5,303921158401979E-06
Lateral Efficiency(LE);1,8816451209110743E-09;3,6232918775529276E-08;1,2910192512835476E-05;3,128246479046507E-05;2,3449119698047825E-05;9,937267087900534E-06;4,771207197399731E-06;2,1209335440010584E-06
Receiver 4;63 Hz.;125 Hz.;250 Hz.;500 Hz.;1000 Hz.; 2000 Hz.;4000 Hz.; 8000 Hz.
Early Decay Time (EDT);0,23225062371204422;0,2657385309978946;0,3238237284730944;0,3807989309808985;0,31090711615147215;0,3872213303139948;0,4160758579072151;0,5692291331014039
Reverberation Time (T-10);0,2873510390266914;0,3529032889241033;0,41830007658916335;0,45891098305860945;0,3952336498158831;0,47191796760088434;0,5219193606172097;0,7411093086707241
Reverberation Time (T-15);0,2823477746660221;0,379731666272347;0,46797068754394366;0,5230661977876544;0,4338639485449218;0,5207473220286061;0,5869364863307188;0,7724218238051055
Reverberation Time (T-20);0,2910576480856061;0,397981746507587;0,49360879495924403;0,5704338192215881;0,4928863784611986;0,5855109864067097;0,6618333389053899;0,803708308774176
Reverberation Time (T-30);0,3107322973878377;0,43340649203938286;0,5573169302542175;0,662066175109291;0,5914426611142378;0,7580865208545408;0,7782624631371999;0,8465864454615104
Clarity - 50 ms (C-50);16,282926901975117;13,343517588303813;11,924450501774821;11,607695275032626;13,374068405717857;11,280120903749873;10,508873503223342;8,039838257367025
Definition/Deutlichkeit (D);97,71631094912472;95,60401312009473;94,00084929648516;93,56044963923723;95,61675252617837;93,08210516728592;91,85747330543917;86,62776848081289
Clarity - 80 ms (C-80);22,367716402048842;18,022857404089194;15,80983372293212;15,085269778425154;17,17007900793026;14,941649351640063;13,832323353348833;10,662745483321384
Center Time (TS);5,349474607567832;8,348712038427376;10,446006432736183;10,680880480368765;7,50341141597386;11,203683230056832;13,1616449396162;20,725670291826223
Strength(G);16,326952836571625;17,031855791198623;17,1967678580284;16,880282051347763;16,246010296241096;16,94929243336776;17,33521243384623;18,111417310107377
Lateral Fraction(LF);1,3212996296318898E-08;2,412688890910067E-07;8,40260025839749E-05;0,00018572284800989474;0,0001282506896513406;6,277216547115615E-05;2,7003078124300322E-05;1,0381571348525197E-05
Lateral Efficiency(LE);4,171180849365783E-09;8,31902080655287E-08;2,9906823985630166E-05;7,323212778746164E-05;5,0833118205545225E-05;2,482218078492801E-05;1,0865111931813932E-05;4,439729103820041E-06
Receiver 5;63 Hz.;125 Hz.;250 Hz.;500 Hz.;1000 Hz.; 2000 Hz.;4000 Hz.; 8000 Hz.
Early Decay Time (EDT);0,24273320645563795;0,2928147636367877;0,3585391395456427;0,38426526180138165;0,3813760916211528;0,41248735704465755;0,44706949356343695;0,5818187350683283
Reverberation Time (T-10);0,28661685985967855;0,35592843311364636;0,4178128607171605;0,45973045037745025;0,4215610599739592;0,4694953461440901;0,5151443637263294;0,7015368483691865
Reverberation Time (T-15);0,2746148570091065;0,38033175376874057;0,454163599004309;0,5008885998586038;0,438965551507107;0,5302638571778597;0,5668020071953004;0,7362580006003793
Reverberation Time (T-20);0,27982867154962277;0,39599172803695715;0,4887545776830923;0,5497564801578269;0,4742673577576544;0,5831752562165038;0,6175139313982262;0,7676817390629854
Reverberation Time (T-30);0,30473726986591243;0,4189225943841938;0,5299332301976049;0,642014169370149;0,511533186605704;0,6920600627093002;0,7308175481916801;0,8165916050674805
Clarity - 50 ms (C-50);16,146480916187837;12,903535630664887;11,312049479037952;10,956949549073208;12,043400677472178;10,607733227387923;9,594469750099195;7,614023151157273
Definition/Deutlichkeit (D);97,63593424350785;95,13075684306526;93,13491005575307;92,58558326145373;94,12386818628447;92,00636732989966;90,12486870187921;85,34024687769437
Clarity - 80 ms (C-80);22,372968685011298;17,641015189301392;15,54169798611353;14,75126076801401;16,018859046597527;14,308156838235437;13,243237487620119;10,435393927312262
Center Time (TS);6,485665705367936;9,775651902552523;12,47163600215291;13,147623426245849;10,790578001842421;14,143470244220316;15,891013450247671;22,77078040565893
Strength(G);13,099956608611542;13,931047284353145;14,154360416353242;14,038759524946023;13,356544684125808;14,118677840587551;14,446496015748401;14,933792092194075
Lateral Fraction(LF);1,4227581051913402E-08;2,7465390720569917E-07;9,708611545662507E-05;0,00021517455282664232;0,00016265123051629102;7,670908276320956E-05;3,165117516001808E-05;1,101024179388204E-05
Lateral Efficiency(LE);5,673316419454144E-09;1,0424615876284838E-07;4,093745214562758E-05;9,571880915836155E-05;8,539352390164144E-05;3,618794623787462E-05;1,5007740251215605E-05;5,311296331584271E-06
Receiver 6;63 Hz.;125 Hz.;250 Hz.;500 Hz.;1000 Hz.; 2000 Hz.;4000 Hz.; 8000 Hz.
Early Decay Time (EDT);0,2305322766359348;0,5834382178779592;0,4991675529755083;0,5212403731027003;0,517727114485314;0,5445764617066939;0,6091637203029707;0,532793737039231
Reverberation Time (T-10);0,3092142599681169;0,4417719636829898;0,47203111150760796;0,5086390268554104;0,4994521863930311;0,5169217414343213;0,5478462168783436;0,5072884559333021
Reverberation Time (T-15);0,290098074000923;0,39814622530266003;0,4517360809403303;0,46283884338245046;0,4597363590453647;0,47321379253065304;0,4977497030879431;0,46947829329654006
Reverberation Time (T-20);0,29065938482284986;0,37678034262409205;0,4075419369776236;0,4355633708022357;0,4364008960544519;0,44641527612360277;0,4657378821740903;0,45213623930117447
Reverberation Time (T-30);0,2771410168439675;0,3444488471143032;0,3875849952115765;0,4051329721937703;0,4078557456749952;0,41627779199012005;0,431037009053159;0,4354079329497835
Clarity - 50 ms (C-50);16,50672561715953;15,517944897356756;12,879572968555571;11,515834616127933;10,98730881021667;11,097269524098419;11,236215704089272;11,442724570413269
Definition/Deutlichkeit (D);97,81361446322954;97,2698668296755;95,0997087840064;93,41107011977769;92,62129782935715;92,79248040998041;93,0035466897863;93,30669882172586
Clarity - 80 ms (C-80);23,131564871530664;20,329108396563885;17,0944366354952;15,540870744059314;14,988145780048034;15,016156389499633;14,985789645199475;15,390703887427682
Center Time (TS);5,239103936461827;4,796316606086811;7,5658115279100935;9,596522933343778;10,875017213116022;10,394021442370152;9,818529251359868;9,815771093043432
Strength(G);11,00706054165758;10,62160331653924;10,925715525075276;11,167988293611224;11,384362554970778;11,251581548138802;11,072615726060391;11,150542385875056
Lateral Fraction(LF);1,0364795602759299E-08;1,0482648409902162E-07;4,570591611970397E-05;0,000135058758024331;0,00015180599124391982;4,511211796322034E-05;1,6231772123690872E-05;5,4174700372537785E-06
Lateral Efficiency(LE);5,994454780822557E-09;6,714115124406072E-08;3,037235757710458E-05;8,994861182622723E-05;0,0001002820650393952;3,0210408363772573E-05;1,1228593247058005E-05;3,6577351894868836E-06
Receiver 7;63 Hz.;125 Hz.;250 Hz.;500 Hz.;1000 Hz.; 2000 Hz.;4000 Hz.; 8000 Hz.
Early Decay Time (EDT);0,42614282689573674;0,5768408761080522;0,4199832941857721;0,4936599723693954;0,46872535517039027;0,48822376984831817;0,518063339569083;0,5556532948813709
Reverberation Time (T-10);0,30947167162857114;0,3968500577078497;0,4605348158552297;0,4869549017774858;0,4701152123637117;0,4925591349619911;0,510853439269268;0,5876780928070044
Reverberation Time (T-15);0,2936621536710842;0,3814054533489178;0,4428260509319828;0,44947202597294933;0,4471441188010501;0,475512459703191;0,4862891762697584;0,5991473399199505
Reverberation Time (T-20);0,28798855766250275;0,36626079180316135;0,4176760713663129;0,44640882070345844;0,41869508286047896;0,4745240892489135;0,5023357445372018;0,6448628499324932
Reverberation Time (T-30);0,2836225408171968;0,3706621577201275;0,43398948790129926;0,48187776049334224;0,41797085617778745;0,546556621283019;0,5980135975018015;0,7345192250097985
Clarity - 50 ms (C-50);16,846095688746498;15,140616222098737;13,207916757377767;12,168159937474293;12,557470374051887;12,101165337497271;11,72842808443965;10,223728161693158
Definition/Deutlichkeit (D);97,97463141507482;97,02941628072362;95,4402614180451;94,27742220320543;94,74228756423709;94,19362630790262;93,70602916155707;91,32595982845551
Clarity - 80 ms (C-80);23,320785307740092;20,455184656542762;17,46812753787384;16,719386889766884;16,795550758968204;15,998587504383362;15,798524768089944;13,396385278711023
Center Time (TS);4,675126677659164;4,981254781281595;7,005309209016962;8,291368425397726;7,923113861967773;8,594413153573122;9,025255913294608;12,570689505518997
Strength(G);12,9505506251636;12,844348511882046;13,029369689850327;13,132973983506645;13,097799634395798;13,124853530137734;13,156229738119244;13,60917838551947
Lateral Fraction(LF);9,118604292911461E-09;9,593573613824999E-08;3,747732393357993E-05;0,00010438431950477135;0,00010794993155612291;3,3968965219638E-05;1,3553277158440955E-05;4,755581873751525E-06
Lateral Efficiency(LE);4,4372990244245595E-09;5,3082647369205544E-08;2,2221043233701615E-05;6,575725711015306E-05;6,565385506824447E-05;2,0566793665696744E-05;8,248064357684636E-06;2,770046316908833E-06
Receiver 8;63 Hz.;125 Hz.;250 Hz.;500 Hz.;1000 Hz.; 2000 Hz.;4000 Hz.; 8000 Hz.
Early Decay Time (EDT);0,40187003972421015;0,39884518130032287;0,4190912348817255;0,4999617431638397;0,5784283005094695;0,4461927907097317;0,5162440680408867;0,6000633286535091
Reverberation Time (T-10);0,3198300513915161;0,3589298587075219;0,4426354471485643;0,4706893443143713;0,46520937273496615;0,49139535571299897;0,523305448297938;0,670062904426491
Reverberation Time (T-15);0,29943243032187156;0,36262329838132484;0,4545189118605134;0,4897156906931158;0,4646588853039519;0,5230507260998551;0,545737178428095;0,6991169241172177
Reverberation Time (T-20);0,29436967335736464;0,37658020533666425;0,46230929848445157;0,5201869767397536;0,455373585517291;0,5377271199117525;0,5749816559986689;0,7444654266838857
Reverberation Time (T-30);0,30014747374469253;0,39951680207069024;0,5179993240446026;0,6140921663483698;0,47524998181556033;0,6402852402217446;0,6977848697767141;0,8048275489726774
Clarity - 50 ms (C-50);16,4648383294972;14,581715503746002;12,682834680687233;12,150874935201283;13,08369670973824;11,966751323337466;11,159080013954561;9,006821596676948
Definition/Deutlichkeit (D);97,7928926376464;96,63516597791589;94,88423493214886;94,2559117296961;95,31415693037366;94,02202016282054;92,88708935526448;88,83401291147106
Clarity - 80 ms (C-80);23,047716385260774;19,637699934358665;16,923063669258866;16,38346476424219;17,324850977189282;15,68922223974636;14,926355235614361;11,973896105812923
Center Time (TS);4,564450911272045;5,91109797677;7,675944252443447;8,293702124388707;6,701090885219634;8,615321059088359;10,225323971580039;16,04517779171592
Strength(G);14,60485856879055;14,773471227117302;14,807932025335276;14,79043804830171;14,560937994421856;14,802864209051677;14,98345196258763;15,588777232069212
Lateral Fraction(LF);9,300664468335307E-09;1,1872256667480928E-07;4,138798964520513E-05;0,00010300087864492103;8,796851493823277E-05;3,427615936592973E-05;1,4816485392891845E-05;5,788867426870209E-06
Lateral Efficiency(LE);3,945440539331058E-09;5,424568776734565E-08;2,1669541941781143E-05;6,060110695198346E-05;5,2937506354038565E-05;1,734555838599607E-05;8,060605012822789E-06;3,1330948989496273E-06
Receiver 9;63 Hz.;125 Hz.;250 Hz.;500 Hz.;1000 Hz.; 2000 Hz.;4000 Hz.; 8000 Hz.
Early Decay Time (EDT);0,33603882946512514;0,33759589189609024;0,3996339137371317;0,495083593204795;0,4717568945281914;0,46426608030981065;0,5186647002771514;0,6081508621371757
Reverberation Time (T-10);0,31505100108440565;0,3621892960840089;0,4255927817590323;0,48189227500856285;0,4438139882034984;0,4753312057442506;0,5313632290061047;0,7161442656258472
Reverberation Time (T-15);0,29633665884621707;0,37412702945126786;0,46594409532295145;0,5370317459828235;0,46602861537462614;0,5244778643544357;0,5833830245573587;0,7508844680647424
Reverberation Time (T-20);0,29974047299487894;0,3964007910305889;0,48967252922367743;0,5661298617608753;0,48979314915570565;0,5597678165055529;0,6453925455329911;0,7842685385491178
Reverberation Time (T-30);0,3142128183328337;0,4225263049828456;0,5628586096815806;0,6508563179553356;0,5691157410123453;0,7342108446331624;0,7585398645684036;0,8413524145460684
Clarity - 50 ms (C-50);15,222494779464938;13,137731614955504;11,647140576723151;11,192335581057442;12,57329242220612;11,154435526272318;10,28036456617828;7,65978244437108
Definition/Deutlichkeit (D);97,08873053447643;95,38155540700131;93,60468740138245;92,93956523392747;94,76217632816768;92,8834879443464;91,44050086306562;85,39971407094463
Clarity - 80 ms (C-80);21,905695309162624;18,11950527662406;15,789744948354105;15,014264751164974;16,815182276948967;15,124107357692155;13,852712212503045;10,643944053681798
Center Time (TS);5,75358255856874;7,96740723196584;9,856203147296888;10,235193246535028;7,635529937507353;10,329669616284113;12,536260912645131;21,04103339210396
Strength(G);14,923650795668348;15,301171599363911;15,330055544323308;15,192947366508356;14,745399586805377;15,194990418159321;15,429029743237471;16,534561156413986
Lateral Fraction(LF);1,2761397555563054E-08;1,9291362846046757E-07;6,546472797682294E-05;0,00014826351529665716;0,00011549615706918621;4,992732320904924E-05;2,1155426982573704E-05;9,34467524442439E-06
Lateral Efficiency(LE);5,277415333032444E-09;8,565698282792824E-08;3,0045920710064526E-05;7,658298636802856E-05;6,301857787710978E-05;2,4223873029688345E-05;1,0982935051285631E-05;4,900457574274617E-06
Receiver 10;63 Hz.;125 Hz.;250 Hz.;500 Hz.;1000 Hz.; 2000 Hz.;4000 Hz.; 8000 Hz.
Early Decay Time (EDT);0,2934240349244692;0,3409901231532551;0,3958072644601633;0,4189739310280949;0,4627095712343798;0,43909261193389937;0,4588721098134648;0,624394810846691
Reverberation Time (T-10);0,31092117114034956;0,3635967219306973;0,44228377606822317;0,4789942308688268;0,41978049553256724;0,47949561210033664;0,522108316702205;0,7611861074680091
Reverberation Time (T-15);0,29669835877777373;0,3899177101919211;0,4793839854625544;0,5508317491251304;0,4765516162498633;0,540195540495468;0,5926566623067296;0,7906681235346572
Reverberation Time (T-20);0,30255760600753406;0,41576402548353686;0,5025184024756172;0,5797621045417453;0,511501221864156;0,5993437276435913;0,6786314620570615;0,8231234211226452
Reverberation Time (T-30);0,31979557581111584;0,44168269703379515;0,5761509179634049;0,6799277208556282;0,6032815287427981;0,8019421144960326;0,7963976761574066;0,8605611252497862
Clarity - 50 ms (C-50);14,709352365404339;12,217075463700294;10,684953169692674;10,64985184222137;11,867434224503251;10,225163741670455;9,469431134633025;6,766879934791465
Definition/Deutlichkeit (D);96,75019899000876;94,37526011707429;92,17760513514965;92,08384311100095;93,89904006245841;91,3364063558097;89,85505191883989;82,71652453380143
Clarity - 80 ms (C-80);20,876155085622322;16,825006644916314;14,679193690427708;14,1100319183051;15,747510115025776;14,07180800631103;13,134796702391814;9,594940907838437
Center Time (TS);7,09240912342345;10,602185148250012;12,927956621686713;12,991986914267644;10,121238309647055;13,774108495273037;15,984183111786367;25,97016404431529
Strength(G);13,665630880130252;14,500425920176038;14,68419948490505;14,348165377837773;13,559761773082862;14,373168888984786;14,86170513701397;15,716747578620826
Lateral Fraction(LF);1,7050795990529155E-08;2,985409888202141E-07;9,70144306589141E-05;0,00021648170768507664;0,00015915119662702793;7,419552389211704E-05;3,204957201328578E-05;1,2732383060708273E-05
Lateral Efficiency(LE);6,719993035851169E-09;1,2122002637999178E-07;4,273228818494031E-05;9,901068450642953E-05;8,534578407146265E-05;3,4913080680011665E-05;1,5335513384540267E-05;6,412344504354927E-06
Receiver 11;63 Hz.;125 Hz.;250 Hz.;500 Hz.;1000 Hz.; 2000 Hz.;4000 Hz.; 8000 Hz.
Early Decay Time (EDT);0,3088463834347246;0,3590726398564169;0,4077208488685083;0,4010508751444596;0,43574673475290293;0,44333764265972847;0,47948570169922994;0,5913417221582828
Reverberation Time (T-10);0,2934766816116922;0,39331132202612384;0,4128252737684632;0,4469061014338277;0,4202381830962161;0,45776306447115966;0,5045992160796259;0,6925038731094465
Reverberation Time (T-15);0,2833016884055595;0,39600290583496073;0,459724265666756;0,499962993208461;0,4595335053325287;0,5113260370231655;0,5589689606635135;0,7387270519059485
Reverberation Time (T-20);0,2874746759752881;0,4097616517751758;0,4828027684315531;0,5446006894187259;0,4641480876264544;0,5550979877106166;0,6082948447232668;0,7855940341083589
Reverberation Time (T-30);0,3076545359363826;0,42346868523938413;0,5277318340884647;0,6559123587982209;0,49563819396488373;0,6824887382103516;0,7453285332933501;0,8317244477507209
Clarity - 50 ms (C-50);15,13559307282647;11,782064703920767;10,764143616094557;10,57662144874828;11,2418949533999;9,96864692862821;8,983875411940511;6,995226610208752
Definition/Deutlichkeit (D);97,0302808033002;93,78529372048719;92,2731256212152;91,95231930368722;93,01506498988297;90,85130433410286;88,78690578991622;83,36937407534538
Clarity - 80 ms (C-80);21,762711329575133;16,868218165718027;15,181087685303503;14,692696416537025;15,696980549667996;14,22510707835578;13,125830246648471;10,170277155147309
Center Time (TS);7,36224840098161;10,752674203593754;13,383588358665477;13,745413968318632;11,985988964236629;14,867508517082731;17,095511616176925;24,867617916654073
Strength(G);11,617467156163599;12,234229001198834;12,563890463705313;12,549546363015608;11,868530096701008;12,573324727004163;12,916184249458937;13,434886342633895
Lateral Fraction(LF);1,546211352108705E-08;2,816497798357644E-07;9,731425453924786E-05;0,00024105868941717398;0,000187913444345376;7,830679778980491E-05;3,371170717445198E-05;1,1961186080650732E-05
Lateral Efficiency(LE);7,757301451536738E-09;1,3305434183590343E-07;5,079832259008165E-05;0,00011698964976074648;0,00010869785418237702;4,0581567728384334E-05;1,8456752331963618E-05;6,7014912589689705E-06
Receiver 12;63 Hz.;125 Hz.;250 Hz.;500 Hz.;1000 Hz.; 2000 Hz.;4000 Hz.; 8000 Hz.
Early Decay Time (EDT);0,33030322381987015;0,5271887674402;0,5382088551499807;0,5565984563951086;0,5190802264146529;0,5484672840051741;0,5968256255884863;0,5639562915907503
Reverberation Time (T-10);0,29498107734978274;0,42988546550806556;0,44465499929234586;0,45950580638240707;0,43459678746134645;0,44389895131920065;0,4809614041678244;0,44683336739881285
Reverberation Time (T-15);0,27703762903293266;0,3530120359012348;0,40746325438104564;0,440540311860882;0,4392599189547634;0,44744099686650934;0,47200216905125797;0,45161322152604333
Reverberation Time (T-20);0,26636573321678697;0,34912638061039;0,41418163010266246;0,4424772303436439;0,4371697898921314;0,44444237987369384;0,46564505910078086;0,45210284769247183
Reverberation Time (T-30);0,28221303881289045;0,3448836512308791;0,38831224585012597;0,4111108588065945;0,4111713540671229;0,41891880841110585;0,41067654279649896;0,4244311088420209
Clarity - 50 ms (C-50);14,847881458809766;13,377101725786908;11,036638298534701;9,777617799599172;9,335530644080205;9,368482664266484;9,433627290872652;9,643351866455824
Definition/Deutlichkeit (D);96,82885111160951;95,60682287347936;92,69855006951279;90,47694786790147;89,56300248832007;89,633715307594;89,77226528013814;90,20721767378677
Clarity - 80 ms (C-80);23,023637014156712;19,843595543475566;16,65198101297048;15,094958924342778;14,528555631758346;14,53622583188411;14,449088521364802;14,782410063537634
Center Time (TS);6,83440052105178;6,617863030369143;10,082469149685933;12,591652921584469;14,036471851579421;13,56056867994785;12,999179648910793;12,914556833880301
Strength(G);9,610924494403875;9,104789301802896;9,542530444335839;9,822842380484659;10,100592072783066;9,933981747429456;9,72229960571535;9,799341918604675
Lateral Fraction(LF);1,5453428066610317E-08;1,4547769919656527E-07;6,206046568222264E-05;0,00018188614365290462;0,00020440949661130694;6,050744184913493E-05;2,1955018945366657E-05;7,2362072606139176E-06
Lateral Efficiency(LE);6,234666551152868E-09;7,62985456093799E-08;3,421373794359062E-05;0,00010105492029586395;0,00011116891730788472;3,385928994575591E-05;1,28260245473819E-05;4,081168527547307E-06
Receiver 13;63 Hz.;125 Hz.;250 Hz.;500 Hz.;1000 Hz.; 2000 Hz.;4000 Hz.; 8000 Hz.
Early Decay Time (EDT);0,34385241029235225;0,4543603202676099;0,4554245995661999;0,49658033268596513;0,47701790596309535;0,4946477929350869;0,5546638247668545;0,5136694749574929
Reverberation Time (T-10);0,28820516029104504;0,3748080564416474;0,4090666517152083;0,43147601178787814;0,4351761069542241;0,44985769000075626;0,48421059585267884;0,5610016916917375
Reverberation Time (T-15);0,26985254760678123;0,3561026206167211;0,4161911936975159;0,43333701838425037;0,42732930319503604;0,4548556316000888;0,4904554185914793;0,5994968520112223
Reverberation Time (T-20);0,27134953964737796;0,3572356535652939;0,42395916730300093;0,44873524557589456;0,43527155181456234;0,46609657145732225;0,4991461509134378;0,6467845585284924
Reverberation Time (T-30);0,29010547075884224;0,3731845227345365;0,4250728845739473;0,47017784289797965;0,4191459647624224;0,5146308292887461;0,5608207108873144;0,7318151241337922
Clarity - 50 ms (C-50);15,783839370196066;14,322513104498043;12,360428370455383;11,439415248369727;11,376308014961188;11,093082382903134;10,903300513836419;9,138502506601595
Definition/Deutlichkeit (D);97,42783332353821;96,43560283777047;94,51164153178934;93,30193833639707;93,21055473979709;92,78602964690207;92,48800387884609;89,13124671611268
Clarity - 80 ms (C-80);22,44815399422599;19,253797707798803;16,369740306732336;15,601841880691643;15,37206415771918;14,966493396125816;14,45475963746495;12,259729746399316
Center Time (TS);6,748830165877195;6,7368464132789265;9,682959349849668;11,051336704397151;11,269722354110627;11,750069025349918;11,919756873895295;17,088714140865317
Strength(G);10,824401208428487;10,584609033526704;10,89793514699764;10,983730236916138;11,011363487129806;11,01126274273102;10,973069557541422;11,65024971046715
Lateral Fraction(LF);1,4228991710485181E-08;1,3744628572284365E-07;5,972217477713991E-05;0,0001648232481196466;0,00016702317303746273;5,4001920864610355E-05;2,024330140677858E-05;7,499519445055643E-06
Lateral Efficiency(LE);6,465537609920232E-09;8,627870594156696E-08;3,785414992396738E-05;0,00010901574760998593;0,00010882648554766783;3,464984386720404E-05;1,3858298508674385E-05;4,78738859269797E-06
Receiver 14;63 Hz.;125 Hz.;250 Hz.;500 Hz.;1000 Hz.; 2000 Hz.;4000 Hz.; 8000 Hz.
Early Decay Time (EDT);0,3468948557212694;0,40710170352370084;0,46248496337852296;0,4896934490156736;0,4947442058542426;0,508966375713716;0,5486555617086929;0,6357525249595882
Reverberation Time (T-10);0,297387390293515;0,38050400771740095;0,44323758038605743;0,47090757982720216;0,4397561237087416;0,5038641353899926;0,5427657017334682;0,7309213623330729
Reverberation Time (T-15);0,2834622589501312;0,38952712323685523;0,4725325930754344;0,5341043919952078;0,45789654876708247;0,5563172003925081;0,5973008399755114;0,7629793125402382
Reverberation Time (T-20);0,2906135360567309;0,4024468148637601;0,5072096665150883;0,5707493308072757;0,4673309031291132;0,5900096903798636;0,6360128135770735;0,7980591680138044
Reverberation Time (T-30);0,30617975134466285;0,4187454046068135;0,5418837134450868;0,6693105956348407;0,5170254065851366;0,7157732839604829;0,7513341576592024;0,8353227121237393
Clarity - 50 ms (C-50);14,580927191463465;12,01235194322972;10,316048935705176;9,913378580961602;10,720235361352495;9,591060655356305;8,917353778681296;6,803488752770032
Definition/Deutlichkeit (D);96,63457570944244;94,08076418530888;91,49288276057028;90,74290307165138;92,18984672912451;90,10033825199181;88,62802970202092;82,72928243147277
Clarity - 80 ms (C-80);21,04312974066741;16,795395845977012;14,54062267213814;13,913233946160485;15,114685744259702;13,430253928322287;12,416729507486943;9,839986798689925
Center Time (TS);7,5955181795492726;9,898407559418121;12,892690129456623;14,106297410734554;11,847898549816886;14,72202281603077;16,769031422930336;25,018543639249753
Strength(G);11,84882598036106;12,01200855094232;12,159646269602725;12,196716885056446;11,87574226048448;12,169565162051192;12,357122433836295;13,416057788514081
Lateral Fraction(LF);1,6608327437952126E-08;2,01552447615775E-07;7,278302044504484E-05;0,0001915112398087832;0,0001707217495674404;6,116601587239265E-05;2,6203042071408853E-05;9,808344112598891E-06
Lateral Efficiency(LE);7,766752318934351E-09;1,1634670314479386E-07;4,565612696392447E-05;0,0001275734634151445;0,00011803017407597772;3,976770337150011E-05;1,7449606104575053E-05;6,028148954346475E-06
Receiver 15;63 Hz.;125 Hz.;250 Hz.;500 Hz.;1000 Hz.; 2000 Hz.;4000 Hz.; 8000 Hz.
Early Decay Time (EDT);0,3246950360206444;0,37601000834631504;0,47353449463059377;0,5075091982429352;0,46073653941539294;0,4881154095045968;0,5278137401860283;0,7036136264980031
Reverberation Time (T-10);0,28666443911435907;0,39769247273923086;0,4977740593777237;0,5493810328247433;0,44788604290244566;0,538650553869948;0,5939799889722358;0,7993011895267266
Reverberation Time (T-15);0,29334297227073286;0,42593147186494;0,5291235954918987;0,6156024457224096;0,5183166783611447;0,5941549945301908;0,6822615676472726;0,8199768857361327
Reverberation Time (T-20);0,3134648619227579;0,4398432222594771;0,5650740037571826;0,6551242600235466;0,5773866212669398;0,6509128148991987;0,7615454494133972;0,8372837454492492
Reverberation Time (T-30);0,33692882182417117;0,45151293009929544;0,6205057997257765;0,7336874936612382;0,6874124587288827;0,8142346260750654;0,8530960929395052;0,8807799342412582
Clarity - 50 ms (C-50);13,540679914881704;11,001331568016596;9,153743594489193;8,988568242886718;10,540660731968618;9,1522796765102;8,231671148942947;5,349843857481531
Definition/Deutlichkeit (D);95,76729001516476;92,6612577702645;89,18202310511454;88,80118151437037;91,88880655659304;89,16276402343523;86,9470077254338;77,46131666958084
Clarity - 80 ms (C-80);19,582851451973557;15,330228617861316;13,047677435109499;12,589988756228742;14,445625388115179;12,751979982989399;11,630436763711847;8,293429720851895
Center Time (TS);9,319717646218168;12,62115285343283;16,15691629198813;16,91049314519097;12,985634958256492;16,640187047049434;19,9296364317701;32,45147590619961
Strength(G);12,305681049043173;12,875736674030268;12,87119754963117;12,724206157675908;12,069608466553767;12,712524502842378;13,07877783391153;14,503199998199918
Lateral Fraction(LF);2,2803702187144314E-08;3,0893438052972986E-07;9,864520514102876E-05;0,0002430855003028104;0,00019481373744470644;7,505408022042716E-05;3,399226836138695E-05;1,4063358101482255E-05
Lateral Efficiency(LE);9,952200522360397E-09;1,5044095461803598E-07;5,581070617847007E-05;0,0001483671537347191;0,00012193132296842586;4,4841272215749514E-05;2,101107225982861E-05;8,505433784741006E-06
Receiver 16;63 Hz.;125 Hz.;250 Hz.;500 Hz.;1000 Hz.; 2000 Hz.;4000 Hz.; 8000 Hz.
Early Decay Time (EDT);0,32429522374893366;0,4052105719414701;0,4665175580655461;0,48875458729130306;0,46334247339492035;0,49911265550108375;0,5181917471220746;0,7084873836054734
Reverberation Time (T-10);0,29118889140967047;0,40974452162933755;0,48012833828401597;0,5651625158711342;0,4629021944667637;0,5547443496904244;0,601647632838137;0,8160389780690797
Reverberation Time (T-15);0,2965448878723022;0,4318678011730757;0,5308870997402277;0,628208146896445;0,5520778184106526;0,6305294707730703;0,7026784917768621;0,8357562890470083
Reverberation Time (T-20);0,31468568930113344;0,44748590584239695;0,5708875722363166;0,6401108036612937;0,5860520628602287;0,7073822225421328;0,7927219058179943;0,8587999360940316
Reverberation Time (T-30);0,341506144930501;0,4673030855074018;0,632918215639041;0,7649995694802092;0,7469677646619393;0,9236428916818574;0,8669034574889184;0,8894288396045869
Clarity - 50 ms (C-50);13,039219684221791;10,04239197072688;8,573622307627621;8,320983299440009;9,614825232057553;8,094752858807789;7,368767469998154;4,911715635873162
Definition/Deutlichkeit (D);95,27945474364225;91,01420619860409;87,83441860689817;87,2006580248823;90,16128697917864;86,58177884189438;84,56103955011835;75,65386818291422
Clarity - 80 ms (C-80);19,2993396818107;14,567161376152358;12,810729995756848;11,958135726415701;13,935211547477413;11,891662937070384;11,196759421332352;7,898472366777792
Center Time (TS);10,164515845746994;14,927490249319492;18,508161911386622;19,494930876071628;15,311574249649368;20,096613016348464;23,122330570467522;35,56959720684143
Strength(G);11,796182886414392;12,641430366127821;12,945318936228581;12,58822191239414;11,70192901163702;12,652280092641767;13,222044732999933;14,427405231962574
Lateral Fraction(LF);2,369009158467388E-08;3,9114763883616897E-07;0,00012456973685506464;0,00030229031286812267;0,0002285958247537664;9,688877827050936E-05;4,319093715694798E-05;1,6635865072122364E-05
Lateral Efficiency(LE);1,0640700681471285E-08;1,9044052877664296E-07;7,023634242118073E-05;0,00016708497750492237;0,00014237527993689761;5,563436922435358E-05;2,5056077652422848E-05;9,75629272909095E-06
Receiver 17;63 Hz.;125 Hz.;250 Hz.;500 Hz.;1000 Hz.; 2000 Hz.;4000 Hz.; 8000 Hz.
Early Decay Time (EDT);0,31814754149089347;0,40984992667965553;0,43041107002649576;0,42960126931557574;0,43747389123123825;0,45368313036355995;0,48213847593852543;0,6000331502009923
Reverberation Time (T-10);0,28046861885226687;0,38131657238120004;0,40383568994971697;0,44024037365246127;0,40567743814512336;0,4901569517597662;0,49657141404154315;0,7073540870745361
Reverberation Time (T-15);0,2758022361081144;0,3987454857374064;0,4704039414826079;0,5403307533821263;0,45993391523617305;0,5381652916309926;0,59189157351984;0,76214016815423
Reverberation Time (T-20);0,282200836825929;0,4197662099202873;0,49465954850466093;0,5614920060571792;0,4824852157503867;0,585358926684091;0,6379378075835479;0,8022703294292022
Reverberation Time (T-30);0,31398831058967697;0,4376742929800336;0,5618474168618202;0,6571000669542627;0,528424972329487;0,6956564995144155;0,7776789141949569;0,8493962375430287
Clarity - 50 ms (C-50);14,007346602116723;10,91048001837731;9,54030896449973;9,300676523113518;9,844654953626899;8,72774817955919;8,132197445928206;6,036656122288987
Definition/Deutlichkeit (D);96,1807600420218;92,50470821354072;90,00061172464042;89,49415862758403;90,61075328346905;88,18519590143767;86,68204422379236;80,07313162872649
Clarity - 80 ms (C-80);21,149729419635502;16,059027965435895;14,34426517548346;13,794378102888311;14,968746563053376;12,72548782266933;12,492305816713527;9,385114116621157
Center Time (TS);9,024466375751176;12,667089902537843;16,24860392800077;16,975203988044488;14,82630355961353;18,477173782676967;20,19290246767184;29,273618074522805
Strength(G);10,268654093886148;10,844074508536742;11,18722175085081;11,260629203713819;10,576867470884594;11,234361927740757;11,501903819849346;12,361582061392433
Lateral Fraction(LF);2,1636923763624828E-08;3,261987457816454E-07;0,00012199200477776272;0,0003027418409043523;0,0002644231582349382;9,730457789660861E-05;3,9949419934817456E-05;1,462227885232387E-05
Lateral Efficiency(LE);9,146167432578867E-09;1,6572113761093564E-07;6,53965621992406E-05;0,00015460315734563181;0,00014234147862965735;5,202132424802654E-05;2,3252529608290464E-05;8,425420093122789E-06
Receiver 18;63 Hz.;125 Hz.;250 Hz.;500 Hz.;1000 Hz.; 2000 Hz.;4000 Hz.; 8000 Hz.
Early Decay Time (EDT);0,29841649119338787;0,4507706429770206;0,45991523999851;0,4855620899203717;0,47897120727091697;0,4958830764941987;0,5222259348051829;0,5018540215307643
Reverberation Time (T-10);0,2772456096408556;0,3649938902405475;0,3902534371490545;0,4025794998344105;0,4150804977433172;0,42050332977313193;0,44454395229229376;0,42193783703385346
Reverberation Time (T-15);0,264301444126588;0,3373344841784733;0,38593903290931897;0,4101078538760559;0,41160027993890325;0,41993946097911866;0,44132050819314866;0,4290117647426373
Reverberation Time (T-20);0,2614834808173554;0,33627693021694877;0,3772325346032627;0,4067113914792867;0,4108298623892304;0,41951209536096123;0,43798989588714216;0,44244717822749746
Reverberation Time (T-30);0,2637099277451843;0,32817909398261885;0,3850714393627802;0,40379506607167887;0,40635610327742605;0,4192476612799296;0,4297736510597718;0,44942933852094186
Clarity - 50 ms (C-50);14,825268217959112;13,296020624257999;10,801604892155188;9,579229567731328;9,061863313062856;9,143775388522306;9,258875096495606;9,324725059117288
Definition/Deutlichkeit (D);96,81282385572885;95,52773609405693;92,32368739072066;90,07601276419408;88,95910966140734;89,14300291995333;89,39685433784108;89,53972180715417
Clarity - 80 ms (C-80);22,39869448672127;19,291209466170315;16,14234643887148;14,730404090420034;14,177138289334295;14,179656063390599;14,030769107632876;14,268364065884196
Center Time (TS);8,079164325444795;8,009352730992937;11,967454840305294;14,682466353530646;16,30931940964383;15,74351236421167;15,100825637819716;15,262120966698777
Strength(G);8,275213212903505;7,7522392166246945;8,26983108904799;8,640855991643903;8,963656192964258;8,781508555730753;8,525947821741006;8,596874316998658
Lateral Fraction(LF);2,1019870869208062E-08;1,877600077068808E-07;7,672900334588252E-05;0,00022228452332426676;0,00024762523099856534;7,34877506331188E-05;2,6754838762435756E-05;8,973776303439356E-06
Lateral Efficiency(LE);5,511911024828645E-09;7,32542800484201E-08;3,2752803014100324E-05;9,706666431101777E-05;0,00010731202084344144;3,2357794965756894E-05;1,223850795690551E-05;3,982975987840614E-06
Receiver 19;63 Hz.;125 Hz.;250 Hz.;500 Hz.;1000 Hz.; 2000 Hz.;4000 Hz.; 8000 Hz.
Early Decay Time (EDT);0,3233444243637658;0,4473036016205468;0,4666140497935398;0,48616346043173875;0,4591598369494903;0,4889775509352736;0,5187698975917184;0,5590190862014651
Reverberation Time (T-10);0,2711348739427386;0,3834257468360752;0,3800411164206507;0,42597629551173244;0,4027999804371856;0,4653521005775067;0,4804558382406791;0,6074860932083107
Reverberation Time (T-15);0,2572522107024839;0,36855298969987;0,3942895024838513;0,43475354541565525;0,4031437162696465;0,45398291246429434;0,5156881798328469;0,6704867876268439
Reverberation Time (T-20);0,26320973359894984;0,3607681981216484;0,4203473916167224;0,4572956810262219;0,41508980981017085;0,4845716709682456;0,5538319280265346;0,7155609126715474
Reverberation Time (T-30);0,27319437213619513;0,3890484454842282;0,47630895821313024;0,5396775991374438;0,46702390778082775;0,5966330553419827;0,6373585470664207;0,7826367423744435
Clarity - 50 ms (C-50);14,101161470187;11,926995551263122;10,388521281906051;9,411094744377593;9,494394385204624;9,005571955120331;8,787828380781027;7,072086891346714
Definition/Deutlichkeit (D);96,25620061702604;93,97036062395581;91,62187126496043;89,72452953304855;89,9000234280019;88,83115843755694;88,32395714619835;83,59514594077191
Clarity - 80 ms (C-80);21,249344519253217;17,27982637776483;15,203970479369778;13,99412274885547;14,372733877562753;13,199003228252355;12,644353440226448;10,521933679195453
Center Time (TS);9,228916020591443;10,165019068884082;13,550318138949958;15,486236806285337;15,55972996347974;16,951416174367598;17,371311404793822;24,25020363797361
Strength(G);9,202408935138756;8,85997247792363;9,321047395038605;9,443723034705982;9,596121127994309;9,634082993040707;9,527244333583965;10,185343415759512
Lateral Fraction(LF);2,1050773338398654E-08;2,1461442000940062E-07;8,592420605839261E-05;0,00022846515076283328;0,00024144336263974493;7,843849635287733E-05;3,0611571524684175E-05;1,0726446809368354E-05
Lateral Efficiency(LE);7,395796264065223E-09;1,1732245585466236E-07;4,931775841029061E-05;0,00012737239487708497;0,00012536475607565148;4,403375157540379E-05;1,8053193238220094E-05;6,343889605927549E-06
Receiver 20;63 Hz.;125 Hz.;250 Hz.;500 Hz.;1000 Hz.; 2000 Hz.;4000 Hz.; 8000 Hz.
Early Decay Time (EDT);0,3035844696962539;0,42547101354065175;0,4685230305935739;0,4702914140266445;0,431411140346973;0,4727708317276358;0,543311619124506;0,6716625551149396
Reverberation Time (T-10);0,2593539143977543;0,36910370486692523;0,43940209351204873;0,49298811803476117;0,4123124795936814;0,5185547227068767;0,5861961251673804;0,7487489603596018
Reverberation Time (T-15);0,26299676280777884;0,39156558217957727;0,4720092150879262;0,5361920980844785;0,44083800074118273;0,5615929011236019;0,6286383276021821;0,7948258579107501
Reverberation Time (T-20);0,27851890302055454;0,4016465297384905;0,5162340912344632;0,5789750081187183;0,48075262835272814;0,6236633035934712;0,6858590125323268;0,8180898258448389
Reverberation Time (T-30);0,2971603308172491;0,4282419474891741;0,5515775610588916;0,67221762969817;0,5394192784254674;0,7236902107004601;0,7667912181659344;0,8432954016678932
Clarity - 50 ms (C-50);13,6251713352611;10,484648638235136;9,103090839242004;8,722879709847529;9,587352381536542;8,502946795039549;7,651298182475912;5,120246090369092
Definition/Deutlichkeit (D);95,84058436902785;91,79021952133057;89,05200437810366;88,16884412197713;90,09271951532222;87,63028871616417;85,34320164074629;76,47643972282323
Clarity - 80 ms (C-80);20,176130037366402;15,417077936401784;13,449312797644492;12,770872624264184;14,156781461216044;12,302074471676235;10,864907467687445;8,296973768842443
Center Time (TS);10,206503674546045;13,2767296065859;16,387690134575337;17,974352395835854;15,607545630190444;19,084709239069586;21,845974919314997;33,35280514913358
Strength(G);10,06475585674751;9,945079782732034;10,17221630317023;10,268372011997108;10,07369835290443;10,38422882721622;10,455707432405077;11,592340737030348
Lateral Fraction(LF);2,3918502993281263E-08;2,751364184773921E-07;9,668998362148307E-05;0,00025788783870720654;0,0002461409799429002;8,52644014986871E-05;3,491590669855464E-05;1,3468312312254456E-05
Lateral Efficiency(LE);8,396004358507444E-09;1,5470837897472944E-07;5,82546716490667E-05;0,0001558117581089941;0,0001361758005278164;5,137215218723863E-05;2,3141293967196167E-05;8,653066489810107E-06
Receiver 21;63 Hz.;125 Hz.;250 Hz.;500 Hz.;1000 Hz.; 2000 Hz.;4000 Hz.; 8000 Hz.
Early Decay Time (EDT);0,2830304159854426;0,39333024024621005;0,47303239356628274;0,4756000165543739;0,4224112485733614;0,4763203448693501;0,5463208141665228;0,7229467365811526
Reverberation Time (T-10);0,2749239393124358;0,4115819608596978;0,5028269823155733;0,5664315984644878;0,4876373985956148;0,5682952732584068;0,6171160389240211;0,7900644793008942
Reverberation Time (T-15);0,2877392656909832;0,4192170424502993;0,5306871431359814;0,6044328418171429;0,5264970931544758;0,5855854354661569;0,6677201235908138;0,812236925096094
Reverberation Time (T-20);0,30958999531830306;0,42777275523745323;0,5548271854489718;0,6465122263880589;0,5760688539113308;0,6505350122726463;0,7337734208423364;0,8338090206009733
Reverberation Time (T-30);0,32809115327825605;0,44220753432402427;0,6069488486222668;0,7102916795025551;0,666081479426059;0,8104674650602487;0,8260457842972934;0,8725749792829918
Clarity - 50 ms (C-50);12,760208932924304;9,573209677459943;8,182251952378826;8,065742095512935;9,088750793681317;8,141668405390863;6,998883622528236;4,084694903216395
Definition/Deutlichkeit (D);94,97002684232653;90,0636150715517;86,80736944690406;86,49709230467053;89,0284840563341;86,7037697335859;83,3706431821809;71,92078656054383
Clarity - 80 ms (C-80);18,906247987370268;14,111515281550314;12,162148286429437;11,706063579028033;13,049839303876801;11,893521336179695;10,331629979536084;7,18821923326627
Center Time (TS);12,071891637186045;16,386767538696855;19,875104238807864;20,787452194527024;17,291109564908357;20,44210306032673;25,039993472259642;39,89848449080926
Strength(G);10,695505509065484;10,82675473902039;10,966608745588218;10,961893270221339;10,42068419597534;10,967211670952715;11,358560053157134;12,87035999383022
Lateral Fraction(LF);3,0027488469550066E-08;3,728684930876928E-07;0,00012261951379830734;0,000313647102200901;0,0002764018732063946;9,906378505457649E-05;4,424695372278059E-05;1,718696997742681E-05
Lateral Efficiency(LE);1,0168838053353341E-08;1,8853856476199706E-07;6,728914076222436E-05;0,00017014508415753296;0,0001267420175079965;5,1106813341615976E-05;2,631504840453044E-05;1,0559815297831112E-05
Receiver 22;63 Hz.;125 Hz.;250 Hz.;500 Hz.;1000 Hz.; 2000 Hz.;4000 Hz.; 8000 Hz.
Early Decay Time (EDT);0,2937950046560156;0,40573903436458986;0,45683428195255626;0,4908563257181125;0,43474224216194335;0,5027753708580295;0,530196680370471;0,723656116187517
Reverberation Time (T-10);0,29030905304663474;0,40910163857614906;0,4853517917955407;0,5391064054740919;0,44929024228325676;0,5579632569689691;0,6100551041599367;0,8043269169522153
Reverberation Time (T-15);0,28639878618625303;0,4232170836122831;0,5386935997371655;0,6045058642646806;0,5204997034166777;0,6123895875331642;0,700346633010415;0,8160455902956874
Reverberation Time (T-20);0,3054438213624798;0,4377598240882274;0,5687483064567574;0,6356243958709178;0,5708526402039549;0,6774897989055992;0,7658263862759721;0,8382336528316274
Reverberation Time (T-30);0,33267553878902306;0,4557910724646742;0,6223162610262352;0,751383801748658;0,7067961469993113;0,8747903588256448;0,8437651427573294;0,8691317728000768
Clarity - 50 ms (C-50);12,244695482365639;9,076109662628774;7,76074032619767;7,388148148296873;8,741874560922959;7,4158530608438635;6,602125934863454;3,951164266337224
Definition/Deutlichkeit (D);94,37902080409937;89,02139293728814;85,70326619269728;84,63284654919265;88,21439206902173;84,6870481241666;82,15566267610313;71,40947749089625
Clarity - 80 ms (C-80);18,842708731499535;13,773774317145746;11,926549102343614;11,750341340749106;13,454886020531;11,406860261844592;10,421432629793411;7,196799138822901
Center Time (TS);12,564360419681678;17,65509343819563;22,036699900987575;22,412842086885767;18,13861928545463;22,772697036336176;26,94901045716663;40,85417840914736
Strength(G);10,388761114523103;10,81817381029775;11,084774451653537;10,992856683106467;10,138427618165018;10,96201267348306;11,57778545656464;13,044945666898776
Lateral Fraction(LF);3,004779018783359E-08;4,1658405681502816E-07;0,00014481448021380142;0,0003556779943411636;0,0002873981359550437;0,00011004371290159053;4,869068402038352E-05;1,8127539218368898E-05
Lateral Efficiency(LE);1,0981802840479362E-08;2,1443653005547795E-07;8,011844316795083E-05;0,00019479900916783674;0,0001463258598512402;5,6531884500831984E-05;2,7956768902101648E-05;1,0288122144460125E-05
Receiver 23;63 Hz.;125 Hz.;250 Hz.;500 Hz.;1000 Hz.; 2000 Hz.;4000 Hz.; 8000 Hz.
Early Decay Time (EDT);0,28590783976103007;0,40922545669141897;0,428381192201869;0,43512866560917773;0,4123365994996193;0,45102089926850736;0,4773246071565129;0,6364282470236197
Reverberation Time (T-10);0,2676415782991022;0,35864339586961497;0,43097365694213285;0,4406302871448245;0,3728893585313757;0,4873533521116025;0,5487163538157387;0,7461762384475112
Reverberation Time (T-15);0,2609897614020874;0,38855118051552684;0,49484550740100386;0,5321386124799141;0,43065155504920116;0,5660978842209842;0,6334423447701886;0,7832963002526504
Reverberation Time (T-20);0,2790703214116786;0,4091951282257728;0,5246919755808302;0,5622167985281498;0,4671354414452216;0,5976251886840864;0,692481504923823;0,8079912229337696
Reverberation Time (T-30);0,3084390462387374;0,435804701765757;0,5970923632997571;0,6521740326824913;0,6056894378556275;0,7466804487819977;0,7667712471253043;0,8479037652434931
Clarity - 50 ms (C-50);13,217480709204732;9,724732819536987;8,653472551665542;8,069364867972373;9,13984726029074;8,007838934852622;7,50567531045974;5,010322447807127
Definition/Deutlichkeit (D);95,45355461620876;90,37150853256259;88,00437529309525;86,51309847158656;89,13424598583185;86,34200022206991;84,91878767340006;76,02699424876283
Clarity - 80 ms (C-80);20,465730179152896;14,93086773678073;13,065012878893508;12,89850531421332;14,587955263754806;12,380466926245857;11,418021262122995;8,314359468109538
Center Time (TS);10,828758415627105;15,847594998053587;19,305796400532262;20,702015719989404;17,14427561182924;21,033078983695486;23,527367540011493;34,511789476600285
Strength(G);9,172198142476581;9,416537500670877;9,888565193538994;10,087728686184654;9,471384237688092;10,00070107018449;10,440845459145535;11,297310628308118
Lateral Fraction(LF);2,7547287617261047E-08;3,748085594885634E-07;0,0001335835255848924;0,0003508165307905041;0,00031263761291130856;0,0001044814775572731;4,479094706699925E-05;1,5754442197886993E-05
Lateral Efficiency(LE);8,79580435113594E-09;2,0117898917213122E-07;6,831920431848705E-05;0,00017968277314430364;0,00015088378395747198;5,405190864236264E-05;2,388172678713414E-05;9,084718534130693E-06
Receiver 24;63 Hz.;125 Hz.;250 Hz.;500 Hz.;1000 Hz.; 2000 Hz.;4000 Hz.; 8000 Hz.
Early Decay Time (EDT);0,2503624260291034;0,32213774785742877;0,3830476965794727;0,41258975645300516;0,41720481460920283;0,42665276109024747;0,4463801941110701;0,4297246714005456
Reverberation Time (T-10);0,2604848130775888;0,3270420168510168;0,3823693770019482;0,41059964616188693;0,419617757390812;0,43206604567175;0,45754126124775985;0,4361312293075598
Reverberation Time (T-15);0,2564963809851363;0,33146516571583345;0,3925275600425106;0,41386309374476604;0,412324898779491;0,42274186917362067;0,43218764580654123;0,42711659696181237
Reverberation Time (T-20);0,26056239659251024;0,33150262517497087;0,3829532243118231;0,4065118863444052;0,4090674659778757;0,41917456116693924;0,43331195970969716;0,44242945088466284
Reverberation Time (T-30);0,2639254095872948;0,32199406702408706;0,37286665334021557;0,39725404472102654;0,4008529659149632;0,4034489963661295;0,4086491929752868;0,4319495386567591
Clarity - 50 ms (C-50);14,857139995743678;13,279825361104013;10,719927645151364;9,527395768066572;9,080066636842183;9,118870905603755;9,084010065313555;9,188509117848046
Definition/Deutlichkeit (D);96,83539063276926;95,51177737377307;92,1893365511759;89,96881118546244;89,00021059292814;89,08737857138735;89,0090966943165;89,24229085050479
Clarity - 80 ms (C-80);22,173890893439058;18,986391087685725;15,870151624790747;14,555009778011247;14,142012096298732;14,026970225702346;13,744078748730807;14,064131161121136
Center Time (TS);8,817610054053107;8,825666197900283;12,968551848555938;15,744240985017116;17,24481950937471;16,798785882547957;16,337358032782536;16,396564905086603
Strength(G);7,233869588978209;6,665844330125811;7,275743411053114;7,7278168481659435;8,101260482340955;7,889475013476812;7,591981712115285;7,674832548478662
Lateral Fraction(LF);2,895997277691724E-08;2,5249149185391235E-07;0,0001022772719805;0,0002927309328950139;0,0003189354928688055;9,608591071699918E-05;3,53122756574634E-05;1,1798868435210996E-05
Lateral Efficiency(LE);4,713085830377481E-09;6,641673859673627E-08;3,0546187531753075E-05;9,236088160176631E-05;9,929658224762504E-05;3,083974524450929E-05;1,2038332912391145E-05;3,825346345359293E-06
Receiver 25;63 Hz.;125 Hz.;250 Hz.;500 Hz.;1000 Hz.; 2000 Hz.;4000 Hz.; 8000 Hz.
Early Decay Time (EDT);0,2682156310772995;0,4019410805123603;0,4183835102187597;0,4524306755404073;0,42780805952997164;0,4516448514289393;0,49022572861350056;0,5709814568977363
Reverberation Time (T-10);0,2720380863192343;0,3345020107044367;0,4131117976375034;0,4568314098239475;0,4265744665904913;0,4850395512217629;0,49549552073207676;0,6428739476215163
Reverberation Time (T-15);0,25552762654171746;0,3664956578973495;0,42487857903507087;0,45285616974409676;0,4155050592966623;0,49102442649109007;0,5209472419966177;0,7068690501239941
Reverberation Time (T-20);0,2753272307632016;0,36578659170600913;0,45461092251547364;0,46688903265156917;0,41581432678846086;0,5111127387330155;0,5906967632938508;0,7566169321808569
Reverberation Time (T-30);0,2794443447162735;0,3873153030935324;0,4897417537034301;0,5647546375305988;0,44124861578963676;0,6364267252416808;0,6883599231472969;0,8089553965658951
Clarity - 50 ms (C-50);13,421415626384096;10,994311716908749;9,402249218243066;8,434864766962118;8,735240156122334;8,109913026873453;7,673189641310366;5,946442793350531
Definition/Deutlichkeit (D);95,64948113860434;92,63231034167553;89,70573620735807;87,45935703470892;88,19850065254967;86,61544228684912;85,40614131530884;79,72539505668573
Clarity - 80 ms (C-80);20,54604490942858;16,20776374973529;14,14045244105318;13,073509068405272;13,800055555110104;12,481158017809062;11,889687177423333;9,549949359578578
Center Time (TS);10,439474123539453;12,72110149722138;16,34159818382938;18,686251838430078;17,78745498164085;20,086277132409357;21,060384693488498;28,96590131719498
Strength(G);8,035142202450324;7,639399994366645;8,242525173670359;8,402020254149704;8,509745756419981;8,601073814930231;8,482977577114482;9,13417272086248
Lateral Fraction(LF);2,9091596701963252E-08;2,8610449193238283E-07;0,00011080540605802705;0,00030670528296845715;0,0003166188008301667;0,00010373048749052234;3,958387748904307E-05;1,3239532625040448E-05
Lateral Efficiency(LE);6,599863085763757E-09;1,347484906368312E-07;5,127018548093867E-05;0,00014041247068093116;0,00013251008100348196;4,9283828126393295E-05;1,9811991126624698E-05;6,926791072609448E-06
Receiver 26;63 Hz.;125 Hz.;250 Hz.;500 Hz.;1000 Hz.; 2000 Hz.;4000 Hz.; 8000 Hz.
Early Decay Time (EDT);0,2749400510177517;0,40363157435486413;0,4465961645615743;0,46922753741764367;0,4201536006903996;0,4675451621743721;0,549164777450697;0,6938227992477018
Reverberation Time (T-10);0,27942404246984603;0,37634149358443386;0,46714799527346884;0,5490299449261739;0,45064083462797705;0,5542679267290613;0,6001805290150307;0,7658280439343738
Reverberation Time (T-15);0,273063372616482;0,3955803929169499;0,5013970168806782;0,554366613374788;0,4438420398190457;0,5820426848502068;0,6680745865131633;0,8022061262824268
Reverberation Time (T-20);0,2896115425103029;0,4083986444997074;0,5302189364997868;0,5790524156705279;0,47191213266187804;0,6429461248602322;0,7178208756832987;0,8235228892255457
Reverberation Time (T-30);0,30138384758056164;0,4272702197197576;0,565338558173364;0,6838876774410292;0,5439509922673667;0,7576973889687861;0,7896276291301119;0,8478680465564515
Clarity - 50 ms (C-50);12,535891710662078;9,334422378673908;7,903206764383367;7,460864263988196;8,382338406796977;7,192919127236696;6,183757764024259;4,03821995224028
Definition/Deutlichkeit (D);94,71748214434044;89,5606168338822;86,05397996862698;84,78616904842924;87,32610132211853;83,97313885145779;80,59432744097019;71,70417092284976
Clarity - 80 ms (C-80);19,43237523849081;14,40049690564334;12,351265606045859;11,488499812524704;13,293230546310223;10,937074490276753;10,174378720958387;7,330480058449023
Center Time (TS);12,190864087766485;17,181744879340343;21,0648698109131;22,48073238014347;18,908492950758585;24,170864722947265;27,120015119531942;40,02472791297872
Strength(G);8,83511883527757;8,731811322751604;9,194442789770406;9,27598101604778;9,034262297550775;9,508251077732588;9,567663757506637;10,880758333552407
Lateral Fraction(LF);3,2694819237508364E-08;3,7830178577344633E-07;0,00013420769310494717;0,0003557113139196576;0,0003360172419544555;0,00011921289333214346;4,708273401262746E-05;1,7055250107725995E-05
Lateral Efficiency(LE);9,166298627007207E-09;1,9230414910347986E-07;6,923309133357425E-05;0,00017194358249897446;0,0001430620091012025;5,997885013589562E-05;2,550011236616155E-05;1,0319003951299568E-05
Receiver 27;63 Hz.;125 Hz.;250 Hz.;500 Hz.;1000 Hz.; 2000 Hz.;4000 Hz.; 8000 Hz.
Early Decay Time (EDT);0,2753214676697455;0,42541707408591223;0,4875828789408962;0,5041261949964564;0,45769845377736074;0,5099613210797276;0,5711787718549753;0,7525090433272152
Reverberation Time (T-10);0,306258541597293;0,41690866401297816;0,5350654931320404;0,6099674522443278;0,5279643636230916;0,6020379847214219;0,678023799915934;0,8135712209746127
Reverberation Time (T-15);0,308324847703664;0,4291248551651499;0,5544946588055234;0,6418119423929364;0,5455553724477378;0,6401583900974857;0,715304571419247;0,8308181774361568
Reverberation Time (T-20);0,31789451579907724;0,43461957358438374;0,5720896621249315;0,6760379264560576;0,5861093398416887;0,7212207652249629;0,7744403555673018;0,8507922082266676
Reverberation Time (T-30);0,3343678660409588;0,4506055862843836;0,6140821028829924;0,7496831587673035;0,686712930216324;0,8636628019657642;0,849743033379875;0,8793581329995265
Clarity - 50 ms (C-50);11,495270904127361;7,868211776776514;6,622896792517046;6,526230815551619;7,566294509966469;6,381785187221391;5,5257015982422235;2,7900567118899504
Definition/Deutlichkeit (D);93,38186740457026;85,95699510338329;82,12703973876555;81,8108290949558;85,09667593934886;81,29753471024247;78,11430221694653;65,53035298069155
Clarity - 80 ms (C-80);17,88404797050275;12,80132050999014;10,93892899654241;10,207879352741656;12,112560683465672;10,195116086904239;9,199106898487909;6,2155767023071
Center Time (TS);14,586770172953141;21,70006820529326;25,892129581987547;27,07544342842706;21,68995364535539;27,423315259014462;32,203079153521145;47,84339449976601
Strength(G);9,618575557640309;9,64342569660614;10,174288204036856;10,13722714147476;9,507645464536338;10,185063610085408;10,78640938514193;12,482945441639608
Lateral Fraction(LF);3,957221476762819E-08;5,039263677902745E-07;0,00017523404096550838;0,0004372763780662499;0,0003889178610997041;0,00014184886587810538;6,0795968484242107E-05;2,1641290056503814E-05
Lateral Efficiency(LE);1,1702839438546516E-08;2,6433435152907996E-07;8,996842142120802E-05;0,00020671941345786065;0,00014990563723303398;6,978456630443653E-05;3,3554977086263465E-05;1,3694910007063432E-05
Receiver 28;63 Hz.;125 Hz.;250 Hz.;500 Hz.;1000 Hz.; 2000 Hz.;4000 Hz.; 8000 Hz.
Early Decay Time (EDT);0,2818741839169962;0,41700205080823893;0,49122084768660346;0,5188402686736631;0,4970557285356731;0,5565989626237724;0,5753916485780414;0,7688215349906994
Reverberation Time (T-10);0,3149934940469308;0,4239925966063499;0,5398819529857862;0,5929045876802794;0,5201674804147627;0,5966509911991124;0,6739020039475092;0,8279520746295409
Reverberation Time (T-15);0,3069595701744041;0,44254721738672304;0,5698270322758898;0,6282730360380383;0,5518465080804187;0,6464946950329664;0,7412675850897609;0,8319828320280037
Reverberation Time (T-20);0,3182713909751794;0,4456230711201824;0,5928278857264817;0,6678406176123086;0,591568393168845;0,7097589566601783;0,8033920367637909;0,8521335498308658
Reverberation Time (T-30);0,33994326366992156;0,4627319294883476;0,6341275398324897;0,7724548796029798;0,7477990333406834;0,8850868455068515;0,8561674213503543;0,8736026127248012
Clarity - 50 ms (C-50);11,08834041066883;7,7635894611300245;6,457892222348283;6,03978546641665;7,004339251245753;5,660276748195252;5,102250811522029;2,500608472934635
Definition/Deutlichkeit (D);92,77871767465182;85,66367731952366;81,57978438778736;80,07064246191615;83,38009744188315;78,641831850395;76,40181528472651;64,00972770576288
Clarity - 80 ms (C-80);17,60140157029499;12,686045700775558;10,56418944100063;10,14627623511451;11,633270422090538;9,534230965705135;8,995746137053096;6,019387882247572
Center Time (TS);14,738565670373951;22,05786625386582;26,80601587169152;28,42428324819123;22,59283251055935;29,680216759212612;33,79221551046574;49,107095736725405
Strength(G);9,452294723161394;9,994082431741134;10,38216055609795;10,390330135484867;9,186399078286712;10,216878693693523;11,038590830968658;12,631027344918934
Lateral Fraction(LF);3,886239568040909E-08;5,195423571331071E-07;0,00017193834655143168;0,0004570649502317213;0,0003814150512730396;0,00013929746211390425;6,128319917527087E-05;2,149268333778767E-05
Lateral Efficiency(LE);1,1619792967574456E-08;2,667676543580907E-07;8,792933400216492E-05;0,00021111555066107905;0,0001564778363155626;6,884972807450106E-05;3,40344905385245E-05;1,3243226850902543E-05
Receiver 29;63 Hz.;125 Hz.;250 Hz.;500 Hz.;1000 Hz.; 2000 Hz.;4000 Hz.; 8000 Hz.
Early Decay Time (EDT);0,2808273174697929;0,3830562995098034;0,451833135039621;0,4521634697856073;0,42837323490908336;0,4732136868134409;0,5036649289493846;0,675777643917523
Reverberation Time (T-10);0,28534723714162846;0,3697348561043097;0,45530289378410804;0,5218995524629768;0,41071547766045313;0,4926014936645381;0,5780152432214284;0,7682784649566153
Reverberation Time (T-15);0,26986404510041667;0,39825519628754713;0,49147614738201567;0,5427722287020336;0,4353358123719021;0,5639225227547071;0,6561527406100087;0,8003290926832153
Reverberation Time (T-20);0,2848873231296844;0,4123661345399875;0,5349141234669811;0,588129873039084;0,4466573371847423;0,6449991007182648;0,7218629870944862;0,8201352833817461
Reverberation Time (T-30);0,30560207849891097;0,4379872583985931;0,5976519289383851;0,6917626072617375;0,6092635722571675;0,7882265550718801;0,7876040312068138;0,8516201870574198
Clarity - 50 ms (C-50);12,311171399542303;9,008993215129056;7,4288580229187575;7,227621281927792;8,061694554250966;6,80357056447571;6,41131009064393;3,9588571204777825
Definition/Deutlichkeit (D);94,45251198531508;88,83897187918446;84,69086161090466;84,0847712414696;86,48620341749287;82,7295515837733;81,40068148760892;71,33193911440024
Clarity - 80 ms (C-80);19,24582876883717;14,224176946788205;11,931333754409701;11,664785286024085;13,29600651152825;11,048797594247993;10,660457651531221;7,325487085562802
Center Time (TS);12,648507080008544;18,711747641585735;23,264557972468495;24,49275770511114;20,200004114186747;25,797505311868306;27,593899819991094;40,63800704620839
Strength(G);8,382091495514242;8,752132858183455;9,1750860200897;9,441382374695891;8,782686805723529;9,409360242086642;10,036763784604105;10,951932665921774
Lateral Fraction(LF);3,3579648143648933E-08;4,4751584265916345E-07;0,00015474558395378815;0,00041133409674592953;0,00037212876383072333;0,00012859223857387235;5,0991184118949925E-05;1,824838144746109E-05
Lateral Efficiency(LE);9,110581464005145E-09;2,107579745382785E-07;7,16608393050577E-05;0,00018395930203521515;0,00015095854977307984;6,184904720913838E-05;2,4473406188031094E-05;1,0103726779790702E-05
Receiver 30;63 Hz.;125 Hz.;250 Hz.;500 Hz.;1000 Hz.; 2000 Hz.;4000 Hz.; 8000 Hz.
Early Decay Time (EDT);0,2045966966627264;0,2545407148581216;0,3692775932682025;0,40834923244110094;0,41441244448256254;0,42051440341949553;0,43395608277713676;0,41689386493420344
Reverberation Time (T-10);0,3130425731619009;0,35314916653579514;0,38862733522135423;0,41881421141034136;0,43015218509061937;0,44220721963913034;0,4607501461582598;0,4466172123543802
Reverberation Time (T-15);0,2659560223565622;0,3448866913540488;0,3914012150783886;0,4023110397945571;0,39633832461992696;0,40686951912321784;0,42145421606855527;0,4193196779364059
Reverberation Time (T-20);0,2751131502609958;0,327712937559124;0,38418438674508393;0,4046082459760032;0,409264798848327;0,41607826299128015;0,42791232670711227;0,4331995609462688
Reverberation Time (T-30);0,26687332563391;0,3184978669869537;0,3743347567200855;0,39399607087155425;0,3985089675341807;0,40677526977626566;0,4005685099500264;0,4323670869353108
Clarity - 50 ms (C-50);13,741194744380094;12,401734710935433;10,041544477984026;8,972459846295077;8,56188702431689;8,594186302033792;8,55532116249215;8,789938258778587
Definition/Deutlichkeit (D);95,94578813575632;94,56076875219583;90,9878397365174;88,75528992597393;87,77664871243344;87,8562201756534;87,76041847994898;88,3289663231165
Clarity - 80 ms (C-80);21,225771341902615;18,134560755506694;15,2076006444495;14,042462142475195;13,653054892481533;13,518198627704361;13,261142144623042;13,62642625870929
Center Time (TS);9,065573597337359;9,619768306888597;13,702470715053039;16,225656364502864;17,518870604992827;17,214636800546906;17,018462615334165;16,769718872921427
Strength(G);6,41448357463053;5,89737188816672;6,640130384364234;7,121663011059653;7,500182041837995;7,2969912457062875;7,029033725165327;7,069046629270225
Lateral Fraction(LF);2,8305852766559697E-08;2,9204204563708203E-07;0,00011581911666392949;0,0003237149822234231;0,0003476171223331833;0,00010628458239294424;4,008697907149676E-05;1,2909399331069673E-05
Lateral Efficiency(LE);4,374723166408122E-09;6,756422200604103E-08;3,099804355172542E-05;9,289249857277575E-05;0,00010096065278917911;3,114626841022566E-05;1,2103664963172474E-05;3,6856284641780343E-06
Receiver 31;63 Hz.;125 Hz.;250 Hz.;500 Hz.;1000 Hz.; 2000 Hz.;4000 Hz.; 8000 Hz.
Early Decay Time (EDT);0,26428699071034245;0,38949868695906453;0,4426561344687882;0,4479122961826773;0,43189642282364904;0,4644957745919774;0,49444948682151096;0,6177310139161422
Reverberation Time (T-10);0,30766730750165056;0,37306002621113554;0,45160136414401203;0,4609900135736087;0,458237975584257;0,5017495487505989;0,5110291662802445;0,6518517808239307
Reverberation Time (T-15);0,27736595267470854;0,3797757050216845;0,42623822989798527;0,4303434546659487;0,4124856491094407;0,49540050659163865;0,5447721442094483;0,7294111060024887
Reverberation Time (T-20);0,2861889059437124;0,3716642209910809;0,44752084672874487;0,4722029493197118;0,41596324546516916;0,5158001889183642;0,575961011746858;0,7804381901829138
Reverberation Time (T-30);0,28188149815962354;0,3965760650537971;0,5160627084447973;0,6102641809780383;0,47365158729243023;0,6168749690427368;0,7473462719347042;0,8274481810915942
Clarity - 50 ms (C-50);12,608200028705724;10,284507092598682;8,477263414526497;7,7272489240411;8,074516210841953;7,396389704578757;6,834542105771211;5,247766743390953
Definition/Deutlichkeit (D);94,80017036377025;91,43618298907654;87,56604243974418;85,56060621153387;86,52067142372417;84,59367899761027;82,83120651518405;77,00056213820471
Clarity - 80 ms (C-80);19,70023817942635;15,503524161382911;13,079267697303932;12,625070674225725;12,977990645966315;11,845346229778734;11,012470889414605;8,864743660675185
Center Time (TS);10,987522115290647;13,872527544775252;18,6121626185002;20,119605819896652;19,191525690939137;21,823063765267868;24,041977004618982;31,662455744251425
Strength(G);7,1400127568483285;6,726869187283892;7,37193166366103;7,695676467901379;7,80454739989019;7,8489039388089665;7,952410149403562;8,460539231736334
Lateral Fraction(LF);2,784280656681076E-08;2,5535241006726683E-07;9,817237139389985E-05;0,0002744546329724727;0,00029388034951428416;9,018833560313622E-05;3,4554099120964456E-05;1,0882142542344412E-05
Lateral Efficiency(LE);5,42550154877002E-09;9,659179761087937E-08;3,816972860571152E-05;0,00010627596518197352;0,00010596974239821231;3,5356228461428105E-05;1,4705790541220868E-05;4,617488992934524E-06
Receiver 32;63 Hz.;125 Hz.;250 Hz.;500 Hz.;1000 Hz.; 2000 Hz.;4000 Hz.; 8000 Hz.
Early Decay Time (EDT);0,2714418867729635;0,39725405740526115;0,4447669600652549;0,4738915729297542;0,41840173182128787;0,49164391127329166;0,5569458729651695;0,7038862244592121
Reverberation Time (T-10);0,2916479906912458;0,3988904889919926;0,4927194634970682;0,5250850317251969;0,46993807937009663;0,5440946863151156;0,6298257450239478;0,7827660813175299
Reverberation Time (T-15);0,2827108940077608;0,4135321834156397;0,517471503529753;0,5511165996009364;0,46548616235516876;0,5845311980085213;0,6816816370067835;0,8218996519086983
Reverberation Time (T-20);0,2905484970254857;0,4210915493834833;0,5406333615934559;0,6064957856773453;0,5138321233832902;0,6530582111164129;0,7223991546922373;0,8363714852076352
Reverberation Time (T-30);0,3047097727676619;0,43465995208031116;0,5839034925902784;0,6928617451583138;0,609466958473834;0,7690477891428741;0,829269513272048;0,8564067106698573
Clarity - 50 ms (C-50);11,870487587473129;8,628390639683056;7,294820777341309;6,622165334426601;7,807979737933707;6,473392455037783;5,482922721349949;3,3729018614314095
Definition/Deutlichkeit (D);93,89621368493121;87,93999781411608;84,28640812960991;82,1245673811237;85,78874756827518;81,61613648958318;77,94543829642362;68,49553663532734
Clarity - 80 ms (C-80);18,888970998732887;13,688263796669467;11,599385369052005;10,927845200903983;12,656529333834312;10,420022825827582;9,468161209970225;6,746520069037404
Center Time (TS);13,332088459481447;19,028376601252646;23,74517343791731;25,23843494897407;20,709971707931032;26,603879819826787;30,94250110614545;43,79235150850094
Strength(G);8,030051602220777;7,88148585989887;8,602610285858248;8,609648244066904;8,326956365802111;8,952082213456627;9,140767704751866;10,520985959645273
Lateral Fraction(LF);3,515323075500756E-08;3,6674674892333614E-07;0,00012762947219515562;0,0003277524090926335;0,0003247045071493843;0,00011073431278349511;4,2668072438631E-05;1,4910379018288634E-05
Lateral Efficiency(LE);7,641105004783138E-09;1,516557135223797E-07;5,411755649559056E-05;0,00013402682074657406;0,00010526153925686221;4,180116362483417E-05;1,9115941100563665E-05;7,831776341534251E-06
Receiver 33;63 Hz.;125 Hz.;250 Hz.;500 Hz.;1000 Hz.; 2000 Hz.;4000 Hz.; 8000 Hz.
Early Decay Time (EDT);0,271267387839378;0,4258762989272174;0,49364879962330654;0,5348804606329042;0,4584749828871846;0,5353587522870631;0,6003761232731536;0,7767632222798995
Reverberation Time (T-10);0,3081130230158455;0,43654428863782463;0,5652023521674642;0,6233099611007551;0,522263197073734;0,6272888786481212;0,6971869592483875;0,8345402905093078
Reverberation Time (T-15);0,3202679694600511;0,437406357410635;0,5804844104230038;0,6570165491592999;0,5739207801218671;0,6792996806952947;0,757989356982208;0,847805624660679
Reverberation Time (T-20);0,32436140699692084;0,44137292097148684;0,5886719597533558;0,6925825022307384;0,6215274503452388;0,7503300011832391;0,7964910511057369;0,8653556098000141
Reverberation Time (T-30);0,3417065216352686;0,45685272891559775;0,6193371518078437;0,764867869381878;0,7311165064380737;0,8722436949022218;0,8719245632216658;0,8812950478628395
Clarity - 50 ms (C-50);10,543352309212448;6,773911656774033;5,747614988415256;5,423625358739564;6,512916018661654;5,301658486945145;4,148512043881213;1,853058908490872
Definition/Deutlichkeit (D);91,89150705365557;82,6317591526134;78,97530084578263;77,75908578443395;81,75229156242865;77,21958568675304;72,2165795888825;60,50812220225359
Clarity - 80 ms (C-80);16,97696155640639;11,813885668670556;9,978670516902387;9,121874343430811;11,016253873873985;9,064143446610286;8,072151609974831;5,383900073489217
Center Time (TS);16,644578332045217;25,95219944713188;30,826989304448265;32,59523538297083;25,55836841891673;32,996259206352335;38,87829000981796;53,971217635053755
Strength(G);9,33123920768557;9,73730356627895;10,534466769546768;10,511007328906203;9,392970415306763;10,714528296080445;11,316144094723292;13,161597994435041
Lateral Fraction(LF);4,5278581538336316E-08;6,497465219792314E-07;0,0002149559704558774;0,0005286952126073702;0,00045430183826355514;0,00016929330909586137;7,052925042538423E-05;2,4157406453355042E-05
Lateral Efficiency(LE);1,2949713368193037E-08;3,149895111865976E-07;9,809998153805004E-05;0,00022632763649033032;0,0001619699521963729;7,089309981250022E-05;3,504130769520179E-05;1,4554504626353927E-05
Receiver 34;63 Hz.;125 Hz.;250 Hz.;500 Hz.;1000 Hz.; 2000 Hz.;4000 Hz.; 8000 Hz.
Early Decay Time (EDT);0,27905686533378893;0,40670091658028695;0,4891495219359799;0,523918160406744;0,4519652853923896;0,5418068072218435;0,6131441530870241;0,7891557130974536
Reverberation Time (T-10);0,31281317488994076;0,4327258234043808;0,5619862386620517;0,6306850063849457;0,5550360790229327;0,6284252666088488;0,7069019613879851;0,8406149631301213
Reverberation Time (T-15);0,32184114654918233;0,44574143706670066;0,5788162067120313;0,6574544232771229;0,5762630335319265;0,6879750322740353;0,7574945605279269;0,844408372752175
Reverberation Time (T-20);0,32844594788232684;0,4503136863669005;0,5971362441679218;0,6968539277112252;0,6388758955827006;0,7542426577591427;0,8020764640838904;0,8609125195001374
Reverberation Time (T-30);0,3470338074474979;0,4656472593732156;0,6365510279206527;0,7862915387838312;0,7735146058300204;0,8831561155054497;0,8626250438631061;0,87512195570984
Clarity - 50 ms (C-50);10,537357441040418;7,09057071288505;5,601976881214709;5,412816294149701;6,671010206227165;5,0868865003398795;3,92147459855049;1,798458651059639
Definition/Deutlichkeit (D);91,88380690003093;83,6534286470059;78,41307443669152;77,66696818260402;82,28907782149231;76,3379718213102;71,23523066262246;60,20730668407551
Clarity - 80 ms (C-80);16,804533052623604;11,823983718448694;9,823557234816334;9,27788053580479;10,889586713804341;8,883620332489528;7,775713462619109;5,310685298163858
Center Time (TS);16,95423717873815;26,293395454872964;31,896562578552;33,265944984336954;26,309632200789377;34,762180098487995;40,80111729396656;55,038823586253265
Strength(G);9,47146917345541;10,459787689037256;11,173901031174445;11,107617363003271;9,551199917573769;11,214683551013536;11,967042720823798;13,68184024001171
Lateral Fraction(LF);4,290556460079532E-08;6,26419384487051E-07;0,00019792227425718275;0,0004937752019692214;0,00043476735363518875;0,00016501205783441174;7,023707063788672E-05;2,3562099011096836E-05
Lateral Efficiency(LE);1,2514590753649699E-08;2,995547272527436E-07;9,564905132804951E-05;0,00023435824013169816;0,00016472502744735017;7,475230926524795E-05;3,663517870563843E-05;1,4805382717179953E-05
Receiver 35;63 Hz.;125 Hz.;250 Hz.;500 Hz.;1000 Hz.; 2000 Hz.;4000 Hz.; 8000 Hz.
Early Decay Time (EDT);0,2698654299127313;0,380483686122456;0,4430245985020106;0,4583208671158373;0,39733318026315995;0,4637102617097323;0,5507042705206355;0,7225620677912024
Reverberation Time (T-10);0,28287438473436594;0,4015093053708987;0,49112668205502025;0,5523983909389681;0,4566822525627746;0,542709624253917;0,6520843224329371;0,7974301694143244
Reverberation Time (T-15);0,2826566068571413;0,41510738289416227;0,5122446208920679;0,5813121465803855;0,4777048405448327;0,6079844246118337;0,6811947042712871;0,8228209273432551
Reverberation Time (T-20);0,29659390192785706;0,4251952650558976;0,5363244517176191;0,6313607370332908;0,48882190425788613;0,6856260552126445;0,7277219190961768;0,8394964607977253
Reverberation Time (T-30);0,31433523508916633;0,44921557493717135;0,6040105303744822;0,701750715782115;0,6545772282802738;0,8001055094605973;0,8077238393813955;0,8582583740918894
Clarity - 50 ms (C-50);11,949435081778361;8,421371798768895;6,892607087588009;6,556558408588139;8,000434750594284;6,346470867075606;5,116296022599224;3,364309303594198
Definition/Deutlichkeit (D);93,99957019423081;87,42524130604366;83,02050848557342;81,9017241439894;86,32049324457246;81,17358456701231;76,46007323408323;68,45282646306437
Clarity - 80 ms (C-80);18,596917070547683;13,171243210517849;10,959525508217958;10,679378689992834;12,344896662316785;10,446534079971801;9,00288074468493;6,624662892986972
Center Time (TS);13,911384003044036;21,435179710103153;26,61624895705606;28,086670129554015;22,003219242467434;28,699837814125736;33,902537057372285;45,07959151903941
Strength(G);8,053157820810252;8,652249714713935;9,422402674882875;9,488277951808975;8,572801061686064;9,530825808155782;10,076610512326411;11,22900922631031
Lateral Fraction(LF);3,147114857897415E-08;4,080036736528508E-07;0,00014219488495455533;0,00037007290184062203;0,00033490030157765175;0,0001158663299515756;4,85668368521216E-05;1,5423648706910158E-05
Lateral Efficiency(LE);8,311625602792104E-09;1,8078351413965103E-07;6,075836284311429E-05;0,0001668903499875818;0,00012229158459421035;5,220429935433547E-05;2,2371363766175924E-05;8,167076310585704E-06
